0.079941,0.089828,0.098026,0.10406,0.109,0.11401,0.11961,0.1257,0.13281,0.14112,0.14961,0.15788,0.16544,0.17206,0.17622,0.1774,0.17611,0.1727,0.16791,0.16227,0.15568,0.1487,0.14188,0.13501,0.12795,0.12079,0.11432,0.10804,0.101,0.093741,0.085973,0.078171,0.070822,0.064149,0.057814,0.051095,0.043449,0.036063,0.029198,0.023261,0.018799,0.015827,0.013998,0.013264,0.013379,0.014304,0.015821,0.017787,0.020022,0.022648,0.025362,0.027675,0.030002,0.032508,0.035293,0.038685,0.042758,0.04646,0.049265,0.052403,0.056279,0.061512,0.067442,0.073221,0.079373,0.08629,0.094163,0.10307,0.11306,0.12397,0.1356,0.14778,0.15961,0.17054,0.17957,0.1863,0.19071,0.19302,0.19337,0.19215,0.18944,0.1852,0.17904,0.17122,0.16207,0.15159,0.14005,0.128,0.11625,0.10532,0.09554,0.087497,0.08182,0.077348,0.073801,0.070646,0.067517,0.063861,0.059506,0.056721
0.075569,0.086899,0.096142,0.1025,0.1069,0.11049,0.11393,0.1175,0.12192,0.12761,0.13421,0.14212,0.15095,0.16018,0.16763,0.17219,0.17412,0.17363,0.17104,0.16688,0.16109,0.1541,0.14651,0.13844,0.12999,0.12174,0.11441,0.10722,0.09957,0.09192,0.083961,0.076193,0.069396,0.063592,0.057993,0.051872,0.04501,0.038489,0.032563,0.027462,0.023216,0.019902,0.017787,0.01697,0.01731,0.018738,0.021332,0.024699,0.028736,0.033293,0.038039,0.042352,0.046471,0.05018,0.053484,0.056687,0.059575,0.061466,0.062526,0.063689,0.065841,0.070523,0.077384,0.0855,0.094943,0.10542,0.11648,0.12759,0.13842,0.14826,0.15651,0.16311,0.16799,0.17107,0.17228,0.1717,0.16957,0.16652,0.16255,0.15813,0.15351,0.14867,0.1432,0.13744,0.13139,0.1254,0.11927,0.11279,0.10605,0.099127,0.092115,0.086049,0.081989,0.078702,0.075947,0.073414,0.070524,0.066874,0.062185,0.058121
0.067247,0.078892,0.088295,0.094824,0.099094,0.10195,0.10391,0.10543,0.10717,0.1098,0.11341,0.11889,0.12707,0.13737,0.14742,0.15527,0.16085,0.16424,0.16536,0.16447,0.16134,0.15642,0.15009,0.1426,0.13456,0.12686,0.11963,0.11256,0.10511,0.097722,0.089768,0.081878,0.074742,0.068628,0.063344,0.058116,0.052661,0.047266,0.042353,0.038124,0.034582,0.031506,0.02928,0.02852,0.029364,0.032181,0.036843,0.042583,0.048938,0.055464,0.061654,0.066957,0.071558,0.075348,0.07825,0.080392,0.082014,0.082559,0.082652,0.084163,0.087116,0.092967,0.1006,0.10905,0.11823,0.1277,0.13644,0.14408,0.1504,0.15528,0.15842,0.15986,0.15955,0.15745,0.15362,0.14887,0.14297,0.1365,0.12982,0.12371,0.11823,0.11366,0.10962,0.10582,0.10256,0.10027,0.098469,0.096678,0.0945,0.091706,0.088132,0.084667,0.08228,0.080039,0.078162,0.076515,0.074276,0.070875,0.066068,0.061266
0.055727,0.064563,0.0717,0.076585,0.079812,0.082063,0.08379,0.085282,0.086742,0.088608,0.091129,0.09517,0.10178,0.11164,0.12298,0.13337,0.14248,0.14976,0.1546,0.15725,0.15733,0.1552,0.15121,0.14553,0.13858,0.1316,0.12455,0.11717,0.10899,0.10051,0.091603,0.082687,0.074365,0.067194,0.060978,0.055644,0.051291,0.048141,0.046218,0.044903,0.044294,0.044629,0.046082,0.049,0.053234,0.059283,0.066779,0.074573,0.082308,0.089558,0.095563,0.099831,0.10264,0.10438,0.10547,0.10636,0.10745,0.10796,0.10843,0.10976,0.1123,0.11657,0.12189,0.12761,0.1332,0.13845,0.14269,0.14585,0.14796,0.14873,0.14818,0.14655,0.14399,0.14037,0.13613,0.1317,0.12659,0.12126,0.11582,0.11082,0.1065,0.10281,0.099153,0.095832,0.092888,0.091024,0.089736,0.088628,0.087314,0.085337,0.082194,0.078839,0.076161,0.073568,0.071775,0.070575,0.068993,0.066376,0.062439,0.058393
0.051475,0.058081,0.063349,0.066947,0.069245,0.070802,0.071997,0.073154,0.074288,0.075508,0.077083,0.079673,0.084256,0.091016,0.09986,0.10928,0.11859,0.12712,0.13399,0.13891,0.14136,0.14166,0.13999,0.13641,0.13135,0.12587,0.11972,0.11303,0.10528,0.0973,0.088921,0.080516,0.072799,0.066356,0.061182,0.057197,0.054537,0.052936,0.05299,0.054438,0.05729,0.061525,0.067138,0.073614,0.080864,0.089815,0.10012,0.11043,0.1202,0.12935,0.13741,0.14401,0.14935,0.15357,0.15689,0.15901,0.15964,0.15761,0.15345,0.14837,0.14317,0.13819,0.13397,0.13145,0.1303,0.1296,0.12868,0.12728,0.12549,0.12318,0.12013,0.11665,0.11287,0.10892,0.1054,0.10282,0.10035,0.09826,0.096603,0.095341,0.094204,0.092872,0.090965,0.088891,0.086839,0.085524,0.084711,0.083982,0.082966,0.081517,0.078945,0.075962,0.073099,0.070309,0.068173,0.066752,0.065128,0.062842,0.059525,0.056005
0.050731,0.056528,0.060627,0.062827,0.063757,0.063941,0.06381,0.063733,0.063762,0.064096,0.065114,0.067151,0.070728,0.076168,0.083142,0.090971,0.099494,0.10808,0.11566,0.12193,0.1261,0.12834,0.12873,0.12725,0.12418,0.12043,0.11581,0.11026,0.10309,0.095327,0.086989,0.078943,0.071838,0.065882,0.060942,0.057219,0.055315,0.055241,0.057343,0.061563,0.068013,0.076213,0.086139,0.097007,0.10838,0.12067,0.13333,0.14545,0.15681,0.16745,0.17722,0.18557,0.1926,0.19757,0.19999,0.1998,0.19698,0.19113,0.18252,0.17194,0.16031,0.14812,0.13693,0.12906,0.12319,0.11869,0.11478,0.11129,0.10793,0.10445,0.10069,0.09688,0.093139,0.089512,0.086438,0.084436,0.082775,0.081811,0.081537,0.081715,0.082125,0.082162,0.08127,0.080059,0.07848,0.07722,0.076053,0.074942,0.073837,0.072736,0.071158,0.069318,0.067664,0.066255,0.065425,0.065094,0.064547,0.063205,0.060537,0.057098
0.053108,0.058843,0.062745,0.064513,0.064773,0.06419,0.063121,0.062069,0.061103,0.060317,0.06012,0.061076,0.06348,0.067693,0.074025,0.081732,0.090155,0.098907,0.10713,0.11471,0.12074,0.12547,0.12883,0.1306,0.1308,0.12973,0.12728,0.1232,0.11656,0.10849,0.099289,0.090047,0.081334,0.073776,0.067462,0.062779,0.060131,0.059411,0.060899,0.064857,0.071598,0.080486,0.091408,0.10334,0.11585,0.12918,0.14294,0.1562,0.16864,0.17984,0.18944,0.19681,0.20191,0.20469,0.20508,0.20255,0.19751,0.18977,0.17944,0.16751,0.15445,0.14065,0.12781,0.11868,0.11154,0.10574,0.10094,0.096712,0.093001,0.089718,0.086677,0.083955,0.081411,0.079285,0.077602,0.076688,0.076364,0.076746,0.077872,0.079063,0.079839,0.079861,0.078878,0.077429,0.075431,0.073313,0.071342,0.069872,0.068884,0.06917,0.070123,0.071295,0.072131,0.072748,0.073278,0.073544,0.072912,0.070803,0.06689,0.061738
0.067914,0.075471,0.080194,0.081876,0.081307,0.079322,0.076573,0.073747,0.070928,0.068068,0.065544,0.063565,0.062886,0.063966,0.067602,0.073383,0.08039,0.087825,0.095322,0.10263,0.10888,0.11436,0.11901,0.12279,0.1254,0.12666,0.12673,0.12525,0.12129,0.11594,0.10939,0.1025,0.096169,0.090733,0.08586,0.082231,0.079782,0.078518,0.07877,0.081143,0.086103,0.093041,0.10181,0.11127,0.121,0.13086,0.14038,0.14895,0.15639,0.16276,0.16786,0.17146,0.17389,0.17501,0.17422,0.17139,0.16663,0.16015,0.15192,0.14315,0.13389,0.12394,0.11468,0.10832,0.10324,0.099128,0.095461,0.092206,0.089483,0.087469,0.086046,0.085189,0.084506,0.08424,0.084496,0.085403,0.086621,0.088081,0.090075,0.091801,0.092695,0.092184,0.090058,0.087565,0.084558,0.081254,0.077892,0.074971,0.072642,0.071618,0.071716,0.072175,0.072483,0.072915,0.073185,0.072977,0.071904,0.069327,0.064951,0.05957
0.088146,0.099292,0.10652,0.10927,0.1087,0.10594,0.10169,0.096853,0.091621,0.085942,0.080225,0.074692,0.069846,0.066383,0.065539,0.0674,0.071095,0.07565,0.080595,0.085587,0.090089,0.094694,0.099433,0.10405,0.1085,0.11225,0.11514,0.11674,0.11634,0.11431,0.11057,0.1059,0.10108,0.096816,0.092785,0.089528,0.087205,0.086245,0.086735,0.08922,0.09386,0.099762,0.1068,0.11438,0.12213,0.12979,0.13702,0.14338,0.14868,0.15268,0.15534,0.15647,0.15595,0.15353,0.14918,0.14321,0.13586,0.12772,0.11918,0.11157,0.10507,0.099186,0.094354,0.091454,0.08918,0.087443,0.086268,0.085676,0.085975,0.08711,0.088941,0.0911,0.093256,0.09558,0.098164,0.1008,0.10349,0.10609,0.10904,0.11121,0.11218,0.11163,0.10938,0.10697,0.10382,0.099357,0.093848,0.087785,0.081716,0.076744,0.073565,0.071421,0.069902,0.069042,0.068529,0.067844,0.06658,0.064243,0.060231,0.055166
0.10082,0.11503,0.12438,0.12848,0.12861,0.12593,0.12119,0.11546,0.10908,0.10195,0.094458,0.086814,0.079316,0.072307,0.06754,0.066118,0.066953,0.069429,0.072912,0.076882,0.080648,0.084802,0.089555,0.094789,0.10029,0.10535,0.10964,0.11252,0.11359,0.11291,0.11028,0.10617,0.10124,0.096218,0.091049,0.086479,0.082754,0.080549,0.080001,0.080692,0.082917,0.086289,0.090674,0.095481,0.10047,0.10559,0.11046,0.1148,0.11848,0.12134,0.12354,0.12491,0.1255,0.12506,0.12339,0.12058,0.11681,0.11252,0.10775,0.10367,0.10031,0.097503,0.095145,0.093648,0.092344,0.09159,0.091692,0.092403,0.093796,0.096047,0.099124,0.10279,0.10654,0.11061,0.1149,0.1192,0.12329,0.12682,0.13046,0.13314,0.13453,0.13422,0.13189,0.12897,0.12453,0.11821,0.11005,0.10073,0.091097,0.082551,0.076631,0.072216,0.068949,0.066823,0.065678,0.064694,0.063365,0.061086,0.057234,0.052202
0.10941,0.12707,0.1393,0.14535,0.14677,0.14487,0.14051,0.1348,0.12789,0.11972,0.11053,0.10063,0.09033,0.080156,0.071943,0.066852,0.064357,0.064019,0.065344,0.068031,0.071335,0.075431,0.080417,0.086033,0.091827,0.09726,0.10183,0.1051,0.10686,0.1071,0.10559,0.10258,0.098485,0.094169,0.089362,0.084272,0.079565,0.075934,0.073366,0.071812,0.071249,0.071317,0.072183,0.073837,0.076078,0.078721,0.081609,0.084577,0.087386,0.089933,0.092371,0.094533,0.096726,0.09856,0.099917,0.10105,0.10195,0.1027,0.10332,0.10487,0.10708,0.10939,0.11141,0.11278,0.11337,0.11349,0.11365,0.11409,0.11487,0.11636,0.11872,0.1214,0.12405,0.12693,0.12995,0.1329,0.13569,0.13799,0.14047,0.14243,0.1434,0.14275,0.14016,0.13663,0.13147,0.12418,0.11478,0.10386,0.092479,0.082023,0.074853,0.069521,0.065629,0.063115,0.061802,0.060742,0.059414,0.057296,0.053713,0.049024
0.094527,0.10878,0.11868,0.12384,0.12572,0.12524,0.12297,0.11967,0.11521,0.10945,0.10259,0.094838,0.086155,0.076931,0.06846,0.062362,0.058855,0.057682,0.058544,0.061094,0.064461,0.068728,0.073663,0.079005,0.084472,0.089663,0.094238,0.09774,0.10029,0.10169,0.10156,0.099911,0.097074,0.093361,0.088474,0.082584,0.076359,0.070842,0.066234,0.06262,0.060067,0.058271,0.057236,0.05714,0.057813,0.05933,0.06142,0.063879,0.066377,0.06871,0.071127,0.073559,0.07626,0.07895,0.081833,0.085022,0.08874,0.092996,0.097649,0.10328,0.1096,0.11579,0.1213,0.12553,0.12893,0.13152,0.13397,0.13657,0.13908,0.14186,0.14525,0.14875,0.15185,0.15496,0.15809,0.16103,0.16375,0.16571,0.16747,0.16834,0.16813,0.16631,0.16259,0.15777,0.15125,0.14262,0.13124,0.1177,0.10339,0.090143,0.081079,0.074575,0.070017,0.067166,0.065731,0.064608,0.063195,0.060849,0.057001,0.051943
0.079605,0.090304,0.097865,0.102,0.1039,0.10431,0.10365,0.10218,0.10002,0.096814,0.092639,0.087459,0.081662,0.075223,0.06906,0.064283,0.060807,0.058659,0.057675,0.057984,0.05926,0.061555,0.064766,0.068624,0.072954,0.077479,0.081827,0.085717,0.089088,0.091659,0.093071,0.093137,0.09183,0.089469,0.085529,0.080086,0.07342,0.066997,0.06116,0.055852,0.051577,0.048555,0.04666,0.04592,0.046204,0.047222,0.048862,0.050981,0.053413,0.055854,0.05834,0.060939,0.063767,0.066716,0.070182,0.074556,0.08005,0.086751,0.094591,0.10357,0.11322,0.12298,0.13201,0.13945,0.14618,0.15187,0.15707,0.16177,0.16575,0.1692,0.17248,0.17529,0.17724,0.179,0.18092,0.18271,0.18448,0.18562,0.18646,0.18671,0.18616,0.1838,0.17878,0.17156,0.16232,0.15153,0.13875,0.12458,0.11012,0.096663,0.087215,0.07991,0.074486,0.071091,0.069312,0.068026,0.066703,0.064713,0.061177,0.056184
0.065234,0.072822,0.078165,0.081315,0.08314,0.084238,0.084793,0.085054,0.084799,0.083985,0.082709,0.080649,0.078006,0.074448,0.070693,0.067681,0.065261,0.063458,0.061933,0.060933,0.060328,0.060565,0.06179,0.063746,0.066786,0.070837,0.075211,0.079439,0.083575,0.087342,0.09033,0.092238,0.092888,0.09228,0.089758,0.085335,0.079147,0.072444,0.065945,0.060046,0.054929,0.050882,0.048141,0.046778,0.046544,0.04709,0.048227,0.049833,0.051735,0.05387,0.056286,0.058912,0.062033,0.065614,0.07034,0.076491,0.084188,0.093227,0.10281,0.11271,0.1229,0.13301,0.14232,0.1503,0.15835,0.16555,0.17216,0.17804,0.1827,0.18621,0.18871,0.18992,0.18952,0.18845,0.18718,0.18591,0.18468,0.18327,0.18147,0.17897,0.17604,0.1719,0.16621,0.15941,0.15159,0.14244,0.1315,0.11933,0.10751,0.096821,0.089566,0.084089,0.080415,0.078191,0.076896,0.075758,0.074465,0.072444,0.068585,0.063002
0.051949,0.05661,0.0601,0.062288,0.063818,0.065103,0.066345,0.067681,0.068932,0.069992,0.070807,0.071088,0.070895,0.070025,0.069004,0.068319,0.067859,0.067476,0.066927,0.066377,0.065704,0.065514,0.066013,0.067222,0.069533,0.072719,0.076373,0.080095,0.083832,0.087397,0.090549,0.092946,0.094242,0.094304,0.092543,0.089023,0.083567,0.07719,0.070663,0.064226,0.058598,0.054241,0.050995,0.049494,0.049183,0.049794,0.050892,0.052352,0.054088,0.056048,0.05828,0.060885,0.064018,0.067813,0.072915,0.079261,0.087068,0.095609,0.10422,0.11291,0.1218,0.13083,0.1394,0.14719,0.15559,0.16343,0.17064,0.17695,0.18196,0.18549,0.1876,0.18811,0.18652,0.18378,0.18045,0.17701,0.17378,0.17082,0.16825,0.16596,0.1642,0.16193,0.15858,0.15423,0.14881,0.14244,0.13502,0.12683,0.11826,0.11027,0.10467,0.10097,0.098934,0.098197,0.097818,0.09719,0.095792,0.092609,0.086697,0.078579
0.044969,0.048864,0.052166,0.054664,0.056697,0.05852,0.060438,0.062631,0.064922,0.067379,0.069987,0.072331,0.074308,0.075701,0.076933,0.077726,0.077994,0.077549,0.076157,0.074455,0.072685,0.071491,0.071278,0.071912,0.073727,0.07652,0.07961,0.082498,0.085288,0.08791,0.090099,0.091744,0.092656,0.092748,0.091277,0.088352,0.083744,0.078165,0.072243,0.066456,0.060843,0.055733,0.05177,0.04933,0.048213,0.048216,0.049008,0.050514,0.05258,0.055029,0.057897,0.061291,0.065552,0.070588,0.076858,0.08425,0.092815,0.10182,0.11054,0.11904,0.1274,0.13579,0.14372,0.15075,0.15794,0.16411,0.16895,0.17245,0.1744,0.17497,0.1742,0.1721,0.16826,0.16377,0.15918,0.15493,0.15162,0.14947,0.14822,0.14744,0.14704,0.14628,0.14469,0.14229,0.13885,0.13451,0.13002,0.1258,0.12157,0.11868,0.1172,0.11658,0.11678,0.11753,0.11829,0.11839,0.11722,0.11359,0.10646,0.096632
0.037387,0.039719,0.042248,0.044426,0.046424,0.048484,0.050849,0.053693,0.057058,0.060985,0.065531,0.070479,0.075513,0.079945,0.083715,0.086487,0.087796,0.087769,0.086041,0.08334,0.080289,0.077639,0.075869,0.074918,0.075242,0.0766,0.078189,0.079606,0.08116,0.082779,0.08438,0.085975,0.087295,0.088331,0.088648,0.088167,0.086342,0.083744,0.080751,0.077687,0.074405,0.071096,0.068064,0.065684,0.064202,0.063655,0.064066,0.065586,0.068243,0.071533,0.075511,0.079997,0.085081,0.090665,0.096821,0.10335,0.10997,0.11608,0.12142,0.12582,0.12964,0.13329,0.13676,0.13998,0.14308,0.14536,0.14641,0.14657,0.14598,0.14479,0.14321,0.14117,0.13847,0.13557,0.13262,0.12993,0.12777,0.12669,0.12649,0.12674,0.12772,0.12867,0.12923,0.12956,0.12972,0.12918,0.12929,0.1303,0.13115,0.13183,0.13302,0.13456,0.13607,0.13742,0.13829,0.13823,0.13631,0.13137,0.12236,0.11038
0.030665,0.031131,0.032464,0.03381,0.035143,0.036603,0.038414,0.040761,0.044007,0.048349,0.053864,0.060395,0.0677,0.07517,0.082368,0.088384,0.092743,0.095139,0.095193,0.093846,0.091564,0.088981,0.086974,0.085511,0.084717,0.084467,0.084411,0.084297,0.084429,0.084979,0.085919,0.087069,0.088274,0.089374,0.089848,0.089771,0.088918,0.088066,0.087535,0.087655,0.087869,0.087841,0.087991,0.088491,0.089507,0.091297,0.093863,0.097333,0.10132,0.10551,0.11002,0.11448,0.11883,0.12273,0.12638,0.12964,0.13227,0.13388,0.13474,0.13476,0.13418,0.13363,0.13346,0.13386,0.13402,0.13368,0.13291,0.13166,0.13019,0.12851,0.12645,0.12398,0.12068,0.11711,0.11333,0.10935,0.10564,0.10274,0.10039,0.098528,0.097408,0.096715,0.096796,0.098291,0.10108,0.10471,0.10992,0.11621,0.122,0.12746,0.13229,0.13649,0.13968,0.14169,0.14245,0.1417,0.1389,0.13318,0.12337,0.11003
0.031408,0.031662,0.032821,0.034022,0.03523,0.03658,0.038329,0.04067,0.04388,0.048262,0.05405,0.061006,0.069101,0.07775,0.086377,0.093824,0.099675,0.10388,0.10588,0.10629,0.10564,0.10429,0.10266,0.10066,0.098643,0.096827,0.094782,0.092252,0.089719,0.087423,0.085071,0.082898,0.080962,0.079471,0.07824,0.077575,0.077259,0.077827,0.079262,0.082473,0.086337,0.090434,0.095174,0.10017,0.10558,0.1113,0.11715,0.12328,0.12926,0.13471,0.13952,0.14348,0.14656,0.14838,0.14909,0.14893,0.1482,0.14676,0.14469,0.14233,0.13956,0.13661,0.13444,0.1335,0.13182,0.12943,0.12637,0.1231,0.11989,0.11686,0.11393,0.1111,0.1076,0.10399,0.10045,0.09682,0.093286,0.090251,0.087585,0.084905,0.08246,0.079993,0.078059,0.077666,0.078993,0.082099,0.087607,0.094965,0.10235,0.10996,0.11729,0.12404,0.12953,0.13353,0.13569,0.13589,0.13352,0.12759,0.11701,0.10204
0.0389,0.040988,0.042987,0.044641,0.046021,0.047507,0.04931,0.051447,0.054235,0.057982,0.062837,0.068589,0.07522,0.082765,0.090776,0.098447,0.10559,0.11202,0.1166,0.11965,0.12118,0.1214,0.12069,0.11886,0.11627,0.1132,0.10936,0.10455,0.09919,0.093633,0.088093,0.082886,0.078053,0.074094,0.071215,0.069355,0.068398,0.068696,0.070315,0.074519,0.079991,0.086145,0.093557,0.10115,0.10896,0.11698,0.12512,0.13305,0.1404,0.1469,0.15265,0.15734,0.16088,0.16291,0.16363,0.16349,0.16242,0.16014,0.15677,0.15264,0.14731,0.14121,0.13603,0.13269,0.12869,0.12443,0.11992,0.11543,0.11111,0.10715,0.10329,0.099495,0.095161,0.09067,0.086293,0.082089,0.07848,0.075695,0.073284,0.071007,0.068835,0.066198,0.063576,0.06159,0.060886,0.061638,0.06504,0.071298,0.07866,0.087051,0.096443,0.10612,0.11501,0.12258,0.12812,0.13111,0.13076,0.12584,0.11507,0.098366
0.050424,0.056021,0.060539,0.063552,0.065442,0.066832,0.068182,0.069739,0.071694,0.07433,0.07785,0.082167,0.086922,0.091805,0.097135,0.10228,0.10758,0.11298,0.11754,0.12113,0.12349,0.12439,0.1241,0.12228,0.11938,0.11557,0.11109,0.10572,0.099955,0.093982,0.087953,0.082436,0.077325,0.072727,0.06871,0.065565,0.063692,0.063639,0.065196,0.069395,0.075261,0.08234,0.091862,0.10226,0.11303,0.12398,0.13487,0.14546,0.15542,0.1643,0.17215,0.17867,0.18381,0.18692,0.18802,0.18715,0.18438,0.17974,0.17356,0.16617,0.1572,0.14716,0.13825,0.13141,0.12429,0.11748,0.11133,0.10588,0.10132,0.097524,0.094167,0.091125,0.087694,0.084258,0.081087,0.078074,0.075465,0.073001,0.070385,0.067634,0.064892,0.061777,0.058672,0.055895,0.053704,0.052167,0.051491,0.052165,0.054097,0.058117,0.064644,0.073166,0.081736,0.08977,0.096266,0.10057,0.10187,0.09928,0.091783,0.078972
0.05996,0.067013,0.072604,0.076217,0.078339,0.079745,0.08085,0.081958,0.083326,0.085163,0.087488,0.090512,0.094148,0.098058,0.1017,0.1049,0.10812,0.11153,0.11436,0.11665,0.11785,0.11773,0.1166,0.11408,0.11093,0.10717,0.10291,0.09789,0.092673,0.087534,0.082497,0.07797,0.073706,0.070039,0.067053,0.064588,0.063168,0.063381,0.065084,0.068973,0.074204,0.080702,0.090111,0.10047,0.11149,0.12305,0.135,0.14672,0.15755,0.16685,0.17445,0.18047,0.18486,0.18719,0.18761,0.18648,0.18393,0.17974,0.17397,0.16687,0.15825,0.14865,0.14003,0.13291,0.12549,0.11844,0.11216,0.10643,0.10151,0.097553,0.09444,0.092153,0.090052,0.088395,0.087246,0.086395,0.085688,0.085213,0.084322,0.082781,0.080581,0.07728,0.073082,0.068629,0.064284,0.060198,0.056238,0.053027,0.051124,0.050801,0.052803,0.056803,0.061748,0.066746,0.071007,0.074021,0.07491,0.073086,0.067894,0.0592
0.076846,0.086562,0.09401,0.098801,0.1014,0.10261,0.10292,0.10263,0.10215,0.10175,0.10163,0.10204,0.10316,0.1043,0.1054,0.10606,0.10689,0.10806,0.10922,0.11027,0.11057,0.10994,0.10843,0.10579,0.10265,0.098819,0.094572,0.089696,0.084862,0.080263,0.075736,0.071719,0.067957,0.064975,0.062759,0.061397,0.061187,0.062329,0.06449,0.067961,0.072377,0.077699,0.085926,0.094795,0.10399,0.11349,0.12308,0.13256,0.14169,0.14975,0.15677,0.16251,0.16691,0.16964,0.17069,0.17027,0.16855,0.1656,0.16167,0.15714,0.15181,0.14585,0.14089,0.13646,0.13142,0.12654,0.12241,0.11871,0.11579,0.11363,0.1121,0.1113,0.11042,0.11004,0.11006,0.11014,0.11009,0.10956,0.1078,0.10475,0.10058,0.094978,0.088162,0.080908,0.073381,0.065833,0.058377,0.051702,0.046429,0.042623,0.040651,0.040362,0.041152,0.042556,0.04414,0.045433,0.045813,0.04495,0.042723,0.039253
0.089278,0.10284,0.11292,0.11931,0.12253,0.12357,0.12307,0.12135,0.11883,0.11591,0.11301,0.11047,0.10872,0.10771,0.1071,0.10646,0.10634,0.10689,0.1078,0.10869,0.10901,0.10888,0.10814,0.10621,0.10365,0.10044,0.096502,0.091786,0.08688,0.082101,0.077484,0.073398,0.069592,0.066884,0.065293,0.064403,0.064469,0.065655,0.06734,0.069809,0.072852,0.076389,0.082291,0.088464,0.094765,0.1011,0.10747,0.11367,0.11942,0.12441,0.12843,0.13164,0.13419,0.13617,0.13769,0.13893,0.13984,0.14023,0.13978,0.13861,0.13651,0.13375,0.13154,0.12889,0.12563,0.12235,0.11976,0.11764,0.11659,0.11648,0.11725,0.11898,0.12095,0.12341,0.12609,0.12876,0.1311,0.13244,0.13212,0.13001,0.12597,0.11944,0.11086,0.10101,0.090348,0.079205,0.067757,0.057602,0.049685,0.043224,0.038669,0.0359,0.034467,0.03374,0.033591,0.033644,0.033457,0.032656,0.031209,0.029377
0.097712,0.11238,0.12318,0.12954,0.13217,0.13216,0.13025,0.12683,0.12258,0.11786,0.11311,0.10867,0.10511,0.10235,0.10033,0.099227,0.099071,0.10011,0.10165,0.1034,0.10497,0.10662,0.10805,0.1085,0.1084,0.1075,0.10578,0.10302,0.099688,0.096119,0.091995,0.087935,0.083759,0.080233,0.077327,0.074925,0.072866,0.071178,0.069434,0.068018,0.066967,0.066288,0.067683,0.069635,0.071995,0.074745,0.077699,0.080895,0.084173,0.087358,0.090673,0.094156,0.097974,0.10197,0.1058,0.10958,0.11324,0.11671,0.11978,0.12249,0.12495,0.12746,0.13018,0.13199,0.13287,0.13312,0.13304,0.13292,0.13332,0.13412,0.13514,0.13677,0.13858,0.1409,0.14342,0.14608,0.14865,0.15017,0.14987,0.14747,0.14282,0.13556,0.12625,0.1155,0.10364,0.090921,0.077566,0.065249,0.055373,0.047375,0.041399,0.037392,0.034994,0.033699,0.033038,0.032541,0.032026,0.031078,0.029508,0.027827
0.086083,0.097055,0.10497,0.10914,0.11029,0.10934,0.10693,0.10337,0.099301,0.094747,0.090372,0.086616,0.084168,0.082842,0.082567,0.08336,0.085309,0.088257,0.091698,0.095084,0.098246,0.10156,0.10468,0.10656,0.10773,0.10811,0.10758,0.10582,0.10304,0.09976,0.095649,0.091166,0.086238,0.081687,0.077637,0.073868,0.070326,0.067131,0.063975,0.061128,0.058656,0.05647,0.055609,0.055315,0.055569,0.056391,0.057575,0.059248,0.061205,0.063299,0.06564,0.068402,0.071811,0.076073,0.081328,0.08763,0.094558,0.10195,0.10922,0.11606,0.122,0.12736,0.13266,0.1372,0.14104,0.1444,0.14731,0.15092,0.15537,0.16046,0.16543,0.17027,0.17411,0.17719,0.1795,0.1814,0.18246,0.18222,0.17998,0.17532,0.16857,0.15956,0.14859,0.13655,0.12383,0.11076,0.097692,0.085665,0.075318,0.065778,0.057505,0.050968,0.046239,0.04293,0.040869,0.039407,0.03816,0.036461,0.034158,0.032214
0.07891,0.088064,0.094414,0.097498,0.09808,0.097043,0.094804,0.091638,0.088129,0.084424,0.080871,0.077672,0.075412,0.074046,0.073463,0.073609,0.074819,0.076963,0.079588,0.082192,0.084738,0.087763,0.090927,0.093234,0.095039,0.096327,0.097101,0.096855,0.095767,0.09436,0.092269,0.089684,0.086335,0.083003,0.079772,0.076768,0.073389,0.06963,0.065583,0.061447,0.057217,0.053182,0.050089,0.047859,0.046573,0.04607,0.04611,0.046766,0.048035,0.049797,0.052012,0.054744,0.058329,0.062992,0.068693,0.075565,0.083635,0.092578,0.10194,0.11146,0.12057,0.12889,0.13659,0.14323,0.14893,0.15384,0.15821,0.16391,0.17057,0.17773,0.18476,0.1916,0.19776,0.20298,0.2069,0.2094,0.21003,0.2082,0.20345,0.19566,0.18523,0.1727,0.15931,0.14604,0.13291,0.12048,0.10869,0.098145,0.088836,0.079789,0.071028,0.063018,0.056395,0.051012,0.04732,0.044511,0.042376,0.040163,0.037555,0.035146
0.062037,0.067346,0.071356,0.073542,0.074241,0.073939,0.072934,0.071488,0.06992,0.068201,0.066618,0.065383,0.064955,0.065236,0.066274,0.067755,0.069603,0.071897,0.07486,0.078242,0.081766,0.085688,0.09,0.093747,0.097332,0.10055,0.10338,0.1053,0.10632,0.10689,0.10647,0.10515,0.10252,0.099282,0.095465,0.090962,0.085615,0.079532,0.073159,0.066632,0.060353,0.054696,0.049858,0.046113,0.043537,0.041818,0.040851,0.040691,0.041194,0.042213,0.043661,0.045679,0.048508,0.052366,0.05748,0.064183,0.072412,0.081798,0.091775,0.10204,0.11174,0.12082,0.12904,0.13612,0.14214,0.14694,0.15062,0.15552,0.16074,0.16591,0.17065,0.17517,0.17927,0.1834,0.1877,0.192,0.19569,0.19776,0.19766,0.19504,0.19024,0.18343,0.1754,0.16708,0.15875,0.15031,0.14152,0.13252,0.12329,0.11342,0.10328,0.093349,0.084534,0.076891,0.071136,0.066484,0.062937,0.059259,0.054781,0.049579
0.051008,0.053973,0.056442,0.057783,0.058254,0.058157,0.057751,0.05734,0.056992,0.056773,0.057022,0.057916,0.059742,0.062395,0.065929,0.069797,0.073812,0.078006,0.082329,0.086759,0.091198,0.095603,0.10011,0.10393,0.10746,0.11066,0.11366,0.11566,0.11667,0.11702,0.11608,0.11396,0.11044,0.10608,0.10101,0.095106,0.088048,0.080434,0.072759,0.065466,0.058965,0.053381,0.048635,0.045301,0.043132,0.041864,0.041479,0.04185,0.04278,0.044087,0.045704,0.047716,0.050265,0.053736,0.058397,0.064324,0.071591,0.079839,0.088753,0.098004,0.10683,0.11508,0.12254,0.12891,0.13441,0.13875,0.14203,0.14595,0.14969,0.15314,0.1559,0.15828,0.16035,0.1622,0.16434,0.16625,0.16786,0.16918,0.17007,0.17005,0.16939,0.16788,0.16612,0.16428,0.16264,0.16085,0.15787,0.15315,0.14681,0.13908,0.13052,0.12181,0.11366,0.10633,0.1004,0.095219,0.09045,0.084604,0.076875,0.067443
0.045666,0.046853,0.048119,0.048699,0.048733,0.048479,0.048139,0.047906,0.047989,0.04864,0.050033,0.052251,0.055193,0.058695,0.062838,0.067242,0.071815,0.076577,0.081688,0.087088,0.092689,0.098343,0.10388,0.10865,0.11286,0.11649,0.11963,0.12151,0.12228,0.12212,0.12071,0.11816,0.11445,0.11008,0.10504,0.099244,0.092395,0.085006,0.077562,0.070569,0.064336,0.059055,0.05452,0.051139,0.048768,0.04743,0.047167,0.047817,0.049022,0.050478,0.052203,0.054445,0.057253,0.060817,0.06545,0.071292,0.078196,0.085943,0.094277,0.10305,0.1113,0.11859,0.12483,0.12968,0.13323,0.13549,0.13652,0.13799,0.13925,0.14026,0.14092,0.14161,0.14245,0.14371,0.14576,0.14796,0.15007,0.15155,0.15233,0.15208,0.15123,0.14992,0.14865,0.14825,0.14852,0.14966,0.15081,0.15096,0.14957,0.14679,0.1431,0.13889,0.1343,0.12968,0.12536,0.12064,0.11519,0.10764,0.096833,0.083141
0.046381,0.047921,0.050023,0.051482,0.052345,0.052848,0.053243,0.053661,0.054161,0.05488,0.056114,0.057898,0.060401,0.063685,0.067666,0.072033,0.076627,0.081358,0.086324,0.091682,0.097429,0.10327,0.10887,0.11367,0.11793,0.12149,0.12459,0.12666,0.12784,0.12798,0.12691,0.12493,0.12193,0.11816,0.11338,0.10776,0.10137,0.094754,0.088462,0.08288,0.078272,0.074236,0.070429,0.067514,0.065569,0.064751,0.065551,0.067537,0.069982,0.072507,0.074886,0.077098,0.079238,0.081654,0.084652,0.088366,0.092998,0.098964,0.10556,0.1123,0.11815,0.12288,0.12641,0.12851,0.12922,0.12868,0.12733,0.12609,0.12467,0.12333,0.12194,0.12085,0.11991,0.11928,0.11945,0.11982,0.12054,0.12137,0.12203,0.12222,0.12211,0.12159,0.12086,0.12015,0.12019,0.12071,0.12174,0.12302,0.1242,0.12527,0.1263,0.12739,0.12828,0.12894,0.12885,0.12724,0.12362,0.11667,0.10536,0.090558
0.04586,0.046689,0.04878,0.050433,0.051577,0.052458,0.053433,0.054521,0.055777,0.057235,0.059168,0.061647,0.064804,0.068566,0.072741,0.077192,0.081652,0.085939,0.090231,0.094536,0.098854,0.10323,0.10721,0.11031,0.1128,0.11469,0.11616,0.11679,0.11676,0.11594,0.11411,0.11168,0.10909,0.10659,0.10391,0.10123,0.098452,0.095889,0.093822,0.092907,0.093172,0.094301,0.095982,0.09828,0.10103,0.10397,0.10745,0.11088,0.11417,0.11691,0.11889,0.12036,0.1209,0.12096,0.12075,0.12046,0.1204,0.1211,0.12263,0.12439,0.12599,0.12737,0.1283,0.1286,0.12808,0.12675,0.12468,0.12209,0.11889,0.11525,0.11142,0.10782,0.1047,0.10223,0.10093,0.10024,0.099627,0.098987,0.098527,0.098116,0.097867,0.098034,0.098546,0.099379,0.10086,0.10217,0.10301,0.10296,0.10216,0.10127,0.10078,0.10144,0.10318,0.10593,0.10844,0.10978,0.10928,0.10557,0.097764,0.086557
0.054299,0.056603,0.059692,0.062375,0.064724,0.066944,0.06935,0.072007,0.074425,0.076579,0.078677,0.080497,0.082283,0.084278,0.086256,0.088086,0.089828,0.09153,0.093298,0.09522,0.097226,0.099179,0.10077,0.10152,0.10171,0.10134,0.10053,0.098967,0.097015,0.094577,0.091532,0.088392,0.085446,0.083562,0.082561,0.082595,0.083641,0.085848,0.089182,0.094387,0.10124,0.10906,0.11744,0.12613,0.13457,0.14247,0.14992,0.15621,0.16068,0.16308,0.16339,0.16203,0.15913,0.15513,0.15045,0.14587,0.14203,0.13948,0.1379,0.13701,0.1363,0.13578,0.13543,0.13466,0.13324,0.13121,0.12864,0.12498,0.12065,0.11599,0.11125,0.10626,0.10107,0.095794,0.091118,0.086891,0.08318,0.080261,0.078137,0.07628,0.074831,0.073986,0.073699,0.073928,0.07443,0.074811,0.07489,0.074711,0.074439,0.074345,0.074553,0.075377,0.076694,0.078273,0.080073,0.081358,0.081578,0.079933,0.075537,0.069329
0.070965,0.076526,0.082016,0.086461,0.090234,0.093688,0.097124,0.10041,0.10294,0.10466,0.10576,0.10602,0.10587,0.10569,0.1053,0.10445,0.10342,0.10233,0.10117,0.10006,0.099324,0.098718,0.098067,0.097057,0.095798,0.094228,0.092223,0.089471,0.086174,0.082499,0.077971,0.073426,0.069236,0.066135,0.064516,0.064183,0.065247,0.067734,0.071758,0.078212,0.086747,0.09683,0.10836,0.1205,0.13266,0.14429,0.15545,0.16517,0.17297,0.17833,0.18112,0.18134,0.17927,0.17542,0.17042,0.16453,0.15866,0.15327,0.14826,0.14372,0.13962,0.13639,0.13388,0.13167,0.12929,0.12701,0.12489,0.12202,0.11862,0.11473,0.11046,0.10577,0.1006,0.095446,0.090871,0.087102,0.083865,0.080838,0.078391,0.075967,0.073636,0.071306,0.069214,0.067083,0.065066,0.06298,0.060639,0.058437,0.056608,0.055053,0.053884,0.053204,0.052997,0.053319,0.054127,0.055089,0.055821,0.055544,0.053815,0.05121
0.084567,0.090773,0.096232,0.10039,0.10355,0.10621,0.10884,0.11137,0.11328,0.11431,0.11465,0.11409,0.11303,0.11175,0.11035,0.10848,0.1065,0.10483,0.10306,0.1011,0.099433,0.097997,0.096643,0.095072,0.093285,0.091194,0.088645,0.085301,0.081503,0.077197,0.07203,0.066799,0.061907,0.058424,0.056306,0.055564,0.056122,0.05821,0.06218,0.068483,0.076639,0.086438,0.098005,0.11051,0.12353,0.1365,0.14944,0.16153,0.1725,0.18155,0.18826,0.19228,0.19349,0.19189,0.18793,0.18207,0.17499,0.16757,0.16001,0.15239,0.14478,0.13866,0.13367,0.12935,0.12538,0.12198,0.11931,0.11657,0.11396,0.11121,0.10813,0.10458,0.1004,0.095802,0.091246,0.087261,0.083626,0.080172,0.076921,0.073682,0.070511,0.067229,0.064154,0.06144,0.058994,0.056625,0.054315,0.052403,0.050923,0.049983,0.04954,0.049556,0.049713,0.05013,0.050745,0.051159,0.051016,0.050046,0.048087,0.046095
0.10398,0.11389,0.12156,0.12687,0.13043,0.13295,0.13495,0.13655,0.13742,0.13741,0.13661,0.13492,0.13266,0.13028,0.12824,0.126,0.12405,0.12255,0.12084,0.11889,0.11699,0.11477,0.11212,0.10883,0.10496,0.10063,0.095749,0.090362,0.084983,0.079702,0.073949,0.068143,0.062723,0.058815,0.056289,0.054849,0.054424,0.055116,0.05697,0.060088,0.064491,0.070232,0.077642,0.086127,0.095588,0.10572,0.11668,0.12783,0.13917,0.14969,0.15858,0.16534,0.16961,0.17131,0.17071,0.1679,0.16347,0.15781,0.15081,0.14314,0.13495,0.12788,0.12227,0.11794,0.11443,0.11167,0.10949,0.10743,0.1056,0.10408,0.10267,0.10114,0.098846,0.095867,0.092341,0.089187,0.0859,0.08237,0.079021,0.075825,0.072685,0.069449,0.06625,0.063182,0.060295,0.057702,0.055166,0.052845,0.051022,0.050026,0.049608,0.049625,0.049862,0.050341,0.050978,0.051315,0.051183,0.049943,0.047416,0.044765
0.11404,0.12513,0.13397,0.13976,0.14318,0.14525,0.1465,0.14727,0.14761,0.14752,0.14696,0.14596,0.14451,0.14298,0.1416,0.14014,0.13879,0.13775,0.13635,0.13439,0.13214,0.12939,0.12622,0.1225,0.11826,0.11377,0.10905,0.10387,0.098636,0.093246,0.086998,0.080389,0.074021,0.068819,0.06461,0.061324,0.058727,0.056923,0.05582,0.055219,0.055116,0.055938,0.058193,0.061749,0.066434,0.07201,0.078463,0.085309,0.092726,0.10007,0.10664,0.11212,0.11623,0.11919,0.12107,0.12212,0.12255,0.12276,0.12243,0.12183,0.12013,0.11865,0.11776,0.11685,0.11619,0.11562,0.11499,0.1142,0.11358,0.11323,0.11286,0.1124,0.11124,0.1095,0.1072,0.10475,0.10149,0.097325,0.092895,0.088156,0.083363,0.078772,0.07446,0.070332,0.066308,0.062499,0.059205,0.056837,0.055755,0.055862,0.056926,0.058411,0.059864,0.061307,0.06246,0.062732,0.061768,0.059044,0.054505,0.049777
0.10637,0.11277,0.11831,0.12202,0.12391,0.12472,0.12493,0.12494,0.12484,0.12469,0.12467,0.12493,0.12539,0.12637,0.12791,0.12958,0.13122,0.13297,0.13436,0.13515,0.13564,0.13579,0.13558,0.13464,0.13292,0.13036,0.1267,0.12173,0.11641,0.11064,0.10329,0.095177,0.086791,0.079239,0.072268,0.065968,0.06027,0.055096,0.050402,0.04605,0.042318,0.039527,0.03807,0.038128,0.039837,0.043031,0.047584,0.053021,0.059137,0.065323,0.071151,0.076552,0.081407,0.085917,0.09022,0.094103,0.097903,0.10125,0.10381,0.10599,0.10706,0.10812,0.10966,0.11113,0.11285,0.11462,0.11623,0.1179,0.11971,0.12164,0.12351,0.12534,0.12636,0.12638,0.1252,0.12356,0.12123,0.11788,0.11401,0.1096,0.10484,0.099824,0.095108,0.090863,0.087384,0.084696,0.082803,0.082038,0.082424,0.083954,0.086362,0.089017,0.090964,0.092449,0.093048,0.092164,0.089461,0.084195,0.076047,0.066212
0.086605,0.087142,0.089219,0.090335,0.09035,0.08971,0.088732,0.087652,0.086879,0.086606,0.086998,0.088507,0.091077,0.094704,0.099522,0.10524,0.11156,0.11822,0.12477,0.13107,0.13709,0.14236,0.1467,0.14957,0.15079,0.15018,0.14751,0.14266,0.13673,0.12915,0.11901,0.10742,0.095174,0.083976,0.074103,0.065382,0.057614,0.050764,0.044471,0.038909,0.034113,0.030418,0.028027,0.026814,0.027039,0.028776,0.031476,0.034682,0.038207,0.041987,0.045855,0.049714,0.053674,0.058072,0.063316,0.069417,0.076203,0.083371,0.08998,0.095829,0.099787,0.10273,0.10559,0.10833,0.11141,0.11441,0.11733,0.12042,0.12392,0.12788,0.13227,0.13687,0.14098,0.14441,0.14671,0.1481,0.148,0.14627,0.14367,0.14036,0.13671,0.13279,0.12864,0.12467,0.1209,0.11756,0.11493,0.11335,0.11294,0.11364,0.11512,0.11676,0.11741,0.11742,0.11661,0.11436,0.11035,0.10346,0.093024,0.08009
0.06237,0.058452,0.058568,0.05893,0.059001,0.058872,0.058642,0.058473,0.058545,0.059156,0.060579,0.063155,0.067289,0.073248,0.081072,0.090387,0.10043,0.11085,0.1214,0.13155,0.14091,0.14927,0.15653,0.16189,0.16523,0.16652,0.16534,0.16125,0.15503,0.14619,0.13375,0.11895,0.10332,0.089331,0.077535,0.067565,0.058689,0.049907,0.04133,0.033642,0.027221,0.022141,0.018483,0.016379,0.015833,0.016681,0.018348,0.020566,0.023003,0.025549,0.028111,0.0307,0.033457,0.036738,0.04114,0.046876,0.054114,0.062402,0.071134,0.08023,0.08768,0.093937,0.099441,0.10383,0.10795,0.11185,0.1157,0.12001,0.1251,0.1312,0.13824,0.14621,0.15443,0.16243,0.16963,0.17549,0.1792,0.18073,0.18055,0.1785,0.17475,0.16947,0.16344,0.157,0.15054,0.14444,0.13921,0.13525,0.13282,0.13186,0.13182,0.13223,0.13191,0.13112,0.12951,0.12648,0.12181,0.11457,0.10384,0.090401
0.074923,0.085376,0.09398,0.10036,0.10537,0.1099,0.11438,0.11858,0.12319,0.12854,0.13403,0.1398,0.14553,0.15082,0.15428,0.15521,0.15409,0.15132,0.14739,0.14291,0.13752,0.13191,0.12651,0.12154,0.117,0.11281,0.10963,0.10662,0.10259,0.097867,0.092235,0.086099,0.079698,0.073422,0.066917,0.059962,0.052218,0.044903,0.038214,0.032152,0.026881,0.022464,0.019037,0.016637,0.015305,0.015027,0.015589,0.016779,0.018522,0.020666,0.023162,0.025613,0.028305,0.031034,0.034278,0.038112,0.043315,0.049529,0.055936,0.063212,0.071293,0.081106,0.09172,0.10195,0.11185,0.12155,0.13097,0.13973,0.14795,0.15546,0.16191,0.16714,0.1711,0.17391,0.17547,0.17542,0.17403,0.17164,0.16848,0.16479,0.16094,0.15716,0.15288,0.14798,0.14245,0.13598,0.12857,0.12053,0.11243,0.10451,0.097617,0.092309,0.08937,0.087032,0.085085,0.083155,0.08084,0.077601,0.073106,0.068746
0.052019,0.058515,0.064277,0.068378,0.071201,0.073361,0.07527,0.077115,0.079676,0.083523,0.088474,0.095276,0.10394,0.11385,0.12255,0.12852,0.1314,0.13116,0.12833,0.1235,0.1168,0.10903,0.10126,0.094263,0.0884,0.083849,0.080773,0.078244,0.07576,0.073311,0.07022,0.066916,0.063558,0.060393,0.057199,0.053711,0.049786,0.045867,0.042269,0.038852,0.035723,0.033209,0.031241,0.030108,0.029913,0.030891,0.033036,0.035821,0.039112,0.042599,0.045831,0.048568,0.051154,0.05345,0.055402,0.057799,0.06116,0.065049,0.06986,0.076753,0.085875,0.098077,0.11197,0.12614,0.14037,0.15432,0.16705,0.1779,0.18642,0.19211,0.19475,0.19446,0.19161,0.18633,0.17905,0.17008,0.15966,0.14886,0.13857,0.12966,0.12248,0.11754,0.1139,0.11125,0.10929,0.10816,0.10709,0.10587,0.10438,0.10226,0.099678,0.097526,0.096664,0.095621,0.0945,0.092955,0.090368,0.086089,0.07939,0.071478
0.044987,0.051963,0.058112,0.06279,0.066127,0.06855,0.070435,0.072026,0.073815,0.076438,0.080205,0.085778,0.093833,0.10404,0.11453,0.12297,0.12888,0.13193,0.13206,0.12965,0.12478,0.11837,0.11122,0.10419,0.097939,0.093038,0.089141,0.085568,0.082332,0.079219,0.07576,0.072173,0.068929,0.065929,0.063351,0.060872,0.058876,0.057276,0.056569,0.055811,0.054831,0.053957,0.053283,0.053195,0.054046,0.056372,0.059984,0.0642,0.06844,0.072588,0.076276,0.079135,0.081291,0.082545,0.083098,0.083672,0.084827,0.086236,0.08839,0.091724,0.096465,0.1042,0.11379,0.12433,0.13521,0.14576,0.15497,0.16218,0.16693,0.16885,0.16791,0.16457,0.15929,0.15223,0.14397,0.13502,0.12518,0.11546,0.10641,0.098818,0.092981,0.089259,0.086817,0.085594,0.085735,0.087608,0.090222,0.092983,0.095734,0.097892,0.099119,0.10002,0.1015,0.10232,0.10273,0.10246,0.1007,0.096338,0.088723,0.078952
0.04228,0.047186,0.051393,0.05426,0.055834,0.056524,0.05666,0.05654,0.056386,0.056707,0.057766,0.060639,0.065907,0.073736,0.082468,0.090232,0.096903,0.10198,0.10465,0.1052,0.10341,0.099764,0.094944,0.089463,0.084062,0.079709,0.075885,0.072079,0.06817,0.064582,0.061359,0.058619,0.056787,0.056122,0.056696,0.058957,0.063685,0.070212,0.078682,0.087737,0.096638,0.10469,0.11173,0.1179,0.12316,0.1288,0.1351,0.14091,0.14659,0.15226,0.15716,0.16047,0.16223,0.16219,0.16025,0.15663,0.15174,0.14557,0.1403,0.1355,0.13179,0.13009,0.13009,0.13196,0.13479,0.13802,0.14054,0.14181,0.14147,0.13901,0.13438,0.12807,0.12065,0.11241,0.10356,0.095204,0.086875,0.079441,0.073251,0.068612,0.065476,0.06382,0.062901,0.062666,0.063104,0.06523,0.068438,0.072266,0.076486,0.080077,0.0822,0.083432,0.084653,0.085219,0.085572,0.085619,0.084488,0.081395,0.075988,0.068845
0.040537,0.043065,0.044837,0.045656,0.045697,0.045248,0.044561,0.044045,0.043692,0.043756,0.044428,0.046188,0.049796,0.055249,0.062082,0.068704,0.075178,0.081258,0.086057,0.089252,0.090438,0.089901,0.088071,0.085253,0.081827,0.079129,0.076732,0.074299,0.071627,0.069109,0.066484,0.064254,0.062603,0.061767,0.062327,0.065355,0.072363,0.0816,0.093362,0.10634,0.1199,0.13326,0.14611,0.15801,0.16903,0.18034,0.19203,0.20303,0.21333,0.22254,0.22959,0.23347,0.23382,0.2304,0.22304,0.21217,0.19897,0.184,0.16975,0.15592,0.14324,0.13222,0.12303,0.11678,0.11257,0.10937,0.10621,0.10253,0.097976,0.092287,0.085512,0.078184,0.070721,0.063623,0.057535,0.053292,0.050225,0.048491,0.047898,0.048108,0.049065,0.050362,0.051494,0.052663,0.053904,0.056089,0.0587,0.061458,0.064171,0.066498,0.067793,0.068303,0.068545,0.068398,0.068441,0.068648,0.068215,0.066533,0.063504,0.059562
0.049945,0.052631,0.053903,0.05371,0.052602,0.051102,0.049588,0.048465,0.047498,0.046664,0.046005,0.045637,0.046033,0.047421,0.050213,0.054438,0.059448,0.064939,0.070081,0.073998,0.076064,0.076506,0.075339,0.072864,0.069736,0.067243,0.064896,0.062546,0.059722,0.05694,0.05425,0.052358,0.051252,0.05139,0.053144,0.057656,0.066276,0.077468,0.091167,0.10681,0.12421,0.14231,0.161,0.17915,0.19637,0.21386,0.23179,0.2495,0.26669,0.2823,0.29401,0.3,0.29962,0.2929,0.27984,0.26149,0.23959,0.21593,0.19304,0.17059,0.14936,0.12982,0.11294,0.10097,0.091914,0.084904,0.078853,0.073197,0.06765,0.062062,0.056408,0.051026,0.046112,0.04221,0.039412,0.038236,0.038077,0.039128,0.041198,0.043756,0.046499,0.048957,0.050582,0.051985,0.053136,0.054627,0.056098,0.057531,0.058865,0.060062,0.060638,0.060534,0.060059,0.0594,0.059006,0.058884,0.058475,0.057212,0.054932,0.051951
0.072101,0.078151,0.081014,0.080925,0.078916,0.075938,0.072778,0.07012,0.067494,0.064692,0.061827,0.058833,0.056166,0.054178,0.053779,0.055473,0.058535,0.062346,0.066393,0.070209,0.072823,0.074423,0.075142,0.074996,0.074219,0.073628,0.073056,0.072053,0.069974,0.067418,0.064667,0.062455,0.061233,0.061207,0.062412,0.06615,0.073349,0.082755,0.094478,0.10843,0.12507,0.14334,0.163,0.18282,0.20227,0.22161,0.2405,0.25757,0.27195,0.28306,0.28994,0.29146,0.2872,0.27672,0.26003,0.23849,0.21387,0.18871,0.16439,0.14116,0.11964,0.10006,0.084263,0.074697,0.068073,0.063374,0.05988,0.057028,0.054526,0.052234,0.049876,0.047633,0.04573,0.04431,0.043873,0.04444,0.045888,0.048364,0.051901,0.055791,0.059254,0.061568,0.062404,0.062756,0.062445,0.061824,0.060937,0.059794,0.05845,0.05758,0.056806,0.056145,0.055574,0.055131,0.054856,0.054531,0.053783,0.052187,0.049683,0.046677
0.11634,0.12927,0.13612,0.13705,0.13402,0.12882,0.12249,0.1162,0.10952,0.10221,0.094389,0.086252,0.078344,0.071406,0.066219,0.063806,0.063579,0.064563,0.066053,0.067783,0.069169,0.070256,0.071035,0.071387,0.071411,0.071321,0.071594,0.071584,0.070613,0.06919,0.067276,0.065633,0.064808,0.065077,0.066062,0.068928,0.074436,0.081839,0.09104,0.10247,0.11678,0.13284,0.15047,0.1683,0.1852,0.20093,0.2148,0.22627,0.23479,0.24042,0.2434,0.24246,0.23747,0.22792,0.2136,0.19562,0.17494,0.15417,0.13406,0.1153,0.098193,0.082604,0.070077,0.062399,0.057103,0.053437,0.050915,0.049103,0.047911,0.047195,0.04684,0.046732,0.046718,0.04767,0.049467,0.052211,0.055811,0.060136,0.065768,0.071278,0.075786,0.078526,0.079073,0.078706,0.077091,0.074277,0.070436,0.065841,0.060847,0.056648,0.053323,0.050745,0.048658,0.047262,0.046376,0.045636,0.044616,0.043041,0.040841,0.038775
0.14425,0.15949,0.16701,0.1675,0.16332,0.15629,0.14774,0.1391,0.12988,0.11959,0.10828,0.096049,0.083434,0.071289,0.06164,0.056626,0.054616,0.054572,0.05597,0.05808,0.060008,0.061719,0.063298,0.064822,0.066359,0.067797,0.069166,0.07025,0.070404,0.070098,0.069489,0.06917,0.069353,0.070203,0.07123,0.073423,0.077367,0.082601,0.089124,0.09713,0.10721,0.11835,0.13023,0.14184,0.15267,0.16236,0.17032,0.17623,0.18006,0.18175,0.18171,0.17935,0.17458,0.16678,0.15612,0.14329,0.12892,0.11439,0.10024,0.087869,0.077332,0.068329,0.061163,0.056986,0.05407,0.05205,0.050736,0.050294,0.050751,0.052155,0.054397,0.057306,0.060675,0.064761,0.070096,0.076612,0.084075,0.092096,0.10123,0.10988,0.11703,0.12182,0.12343,0.12349,0.12126,0.11649,0.10935,0.10043,0.090548,0.081451,0.074167,0.068143,0.063334,0.059695,0.056984,0.054592,0.052133,0.049218,0.045666,0.042469
0.16128,0.17916,0.1888,0.19089,0.18784,0.18152,0.17289,0.16329,0.15253,0.14006,0.12603,0.11052,0.094222,0.077965,0.064278,0.055785,0.051321,0.049446,0.049529,0.050667,0.052,0.05343,0.055015,0.056699,0.058342,0.059695,0.061038,0.062078,0.062395,0.062181,0.061464,0.060749,0.06014,0.059937,0.059891,0.060808,0.063121,0.066698,0.071631,0.077919,0.085854,0.094335,0.10312,0.11158,0.11927,0.12592,0.13119,0.13463,0.13622,0.13619,0.13499,0.13207,0.12749,0.12098,0.11264,0.1032,0.093245,0.083742,0.075029,0.068294,0.062992,0.059238,0.056585,0.05524,0.054378,0.053885,0.054112,0.054966,0.056916,0.060149,0.064662,0.070237,0.076548,0.084212,0.093168,0.10309,0.11357,0.12382,0.13471,0.14461,0.15266,0.15787,0.15922,0.15853,0.155,0.14806,0.13758,0.12442,0.10977,0.095874,0.08492,0.07571,0.068303,0.062518,0.058248,0.054657,0.051408,0.047956,0.044037,0.040307
0.16912,0.19086,0.20463,0.21019,0.20998,0.20584,0.19877,0.18996,0.17912,0.16561,0.14974,0.13163,0.11206,0.091911,0.073994,0.061708,0.05402,0.049778,0.048497,0.049103,0.050506,0.052598,0.05508,0.057577,0.059839,0.061504,0.062698,0.063321,0.063036,0.062085,0.06034,0.058145,0.055783,0.053789,0.051934,0.050491,0.049666,0.049648,0.050549,0.052583,0.055953,0.059858,0.064091,0.068398,0.072566,0.076448,0.079776,0.082243,0.083825,0.084477,0.084688,0.083944,0.082354,0.079686,0.076279,0.072716,0.069261,0.06627,0.06382,0.062745,0.062916,0.063683,0.064542,0.065297,0.065763,0.066165,0.066835,0.067926,0.069619,0.072304,0.076521,0.082316,0.089466,0.09853,0.10912,0.12065,0.13278,0.14468,0.15706,0.16857,0.17881,0.18636,0.18974,0.19022,0.1867,0.17875,0.16613,0.14965,0.13101,0.11284,0.098449,0.086351,0.076821,0.069599,0.064565,0.060616,0.057187,0.053597,0.04922,0.044285
0.14024,0.15816,0.17022,0.17604,0.17759,0.17629,0.17279,0.16794,0.16131,0.15226,0.14075,0.12672,0.11053,0.092668,0.075434,0.062208,0.052948,0.047104,0.044395,0.04361,0.04368,0.04459,0.046053,0.047727,0.049523,0.05125,0.052932,0.054242,0.054968,0.055145,0.054343,0.053034,0.051357,0.049601,0.0476,0.045323,0.043183,0.041814,0.041263,0.04143,0.042394,0.043766,0.045491,0.047469,0.049734,0.052035,0.054101,0.055795,0.057099,0.05784,0.058322,0.058261,0.057705,0.056445,0.054816,0.053488,0.052747,0.052761,0.053647,0.056,0.059485,0.063396,0.067181,0.070191,0.073096,0.07611,0.079852,0.084488,0.089812,0.096167,0.10395,0.11272,0.12214,0.13282,0.14465,0.15726,0.17043,0.18317,0.19612,0.20844,0.21974,0.22817,0.23148,0.2306,0.22487,0.21411,0.1979,0.17735,0.15426,0.1312,0.11297,0.09768,0.085789,0.07715,0.071362,0.06703,0.063528,0.060164,0.056164,0.051682
0.11533,0.13008,0.14031,0.14569,0.14794,0.14817,0.14679,0.14449,0.14061,0.13457,0.12632,0.11577,0.10334,0.089205,0.075004,0.063864,0.056121,0.051449,0.049092,0.048462,0.048194,0.04847,0.04913,0.04979,0.050532,0.051287,0.051956,0.052383,0.052547,0.052398,0.051581,0.050283,0.048726,0.047122,0.045124,0.042718,0.039884,0.037274,0.03529,0.033943,0.033232,0.033131,0.033584,0.034672,0.036204,0.037865,0.039518,0.041095,0.042418,0.043294,0.043984,0.044403,0.044772,0.045029,0.045582,0.046747,0.049059,0.052352,0.056298,0.061494,0.067703,0.074265,0.080378,0.085459,0.090409,0.094855,0.0996,0.10474,0.11005,0.1157,0.12238,0.12984,0.13771,0.14656,0.15653,0.16746,0.1794,0.19162,0.20455,0.21754,0.23042,0.2416,0.24783,0.2485,0.24277,0.2305,0.21147,0.18843,0.1646,0.14191,0.12403,0.10866,0.096291,0.087033,0.080709,0.076144,0.072696,0.069522,0.065476,0.060262
0.083474,0.092935,0.098979,0.10187,0.10301,0.10325,0.10288,0.10224,0.10068,0.097984,0.094124,0.088617,0.081841,0.073604,0.065189,0.05862,0.053958,0.05105,0.049266,0.048105,0.04712,0.046539,0.046289,0.046029,0.045936,0.046094,0.046538,0.046907,0.047451,0.04809,0.048509,0.048442,0.048183,0.047714,0.046535,0.044618,0.042041,0.039389,0.036899,0.034683,0.033099,0.03219,0.03183,0.032145,0.032959,0.033853,0.034647,0.035312,0.035789,0.035898,0.035724,0.035331,0.034957,0.03467,0.035327,0.037241,0.040923,0.046016,0.052002,0.05895,0.066672,0.074743,0.082425,0.089269,0.09655,0.10353,0.11068,0.11778,0.12443,0.13074,0.13714,0.14338,0.14928,0.15565,0.16306,0.17181,0.182,0.19328,0.20579,0.21912,0.23343,0.24754,0.25824,0.26415,0.26413,0.25762,0.24388,0.22309,0.19786,0.17256,0.15397,0.13882,0.12702,0.1181,0.11168,0.10672,0.10256,0.097988,0.091581,0.08332
0.054196,0.058789,0.061787,0.063243,0.06389,0.06417,0.064262,0.064314,0.063863,0.062835,0.061328,0.058888,0.055971,0.052502,0.049543,0.047564,0.046439,0.046051,0.045853,0.045687,0.045489,0.045371,0.045495,0.045873,0.046744,0.048131,0.049782,0.051505,0.0531,0.054553,0.055675,0.056533,0.057122,0.057407,0.057032,0.055772,0.053367,0.050532,0.047574,0.044719,0.042299,0.040578,0.039519,0.039341,0.039674,0.040176,0.040696,0.04111,0.041331,0.041266,0.040908,0.040298,0.03981,0.039408,0.039981,0.041937,0.045695,0.050347,0.056015,0.062418,0.069586,0.077246,0.084899,0.092095,0.10017,0.10817,0.11603,0.12349,0.13017,0.13599,0.1412,0.14569,0.14937,0.1532,0.15765,0.16317,0.17015,0.17879,0.18886,0.1998,0.21179,0.22427,0.23507,0.24312,0.24757,0.24806,0.24464,0.23647,0.22137,0.20107,0.18217,0.16694,0.15652,0.14982,0.14518,0.14156,0.13817,0.13334,0.12532,0.11501
0.035813,0.037989,0.039837,0.041172,0.042151,0.042862,0.043451,0.044042,0.044474,0.044761,0.044979,0.044888,0.044936,0.045099,0.046115,0.047897,0.049566,0.051,0.052034,0.05295,0.053592,0.05423,0.055178,0.056306,0.057724,0.059579,0.061724,0.063807,0.065884,0.067858,0.069614,0.070988,0.071881,0.072245,0.071791,0.070388,0.067815,0.064459,0.060787,0.057099,0.053593,0.050473,0.04809,0.046928,0.046565,0.046601,0.046896,0.047372,0.047912,0.048308,0.048634,0.048981,0.049708,0.050865,0.05321,0.056646,0.061093,0.065685,0.070189,0.07462,0.079377,0.084597,0.089835,0.094916,0.10093,0.10653,0.11162,0.11603,0.11962,0.12239,0.12438,0.12563,0.12589,0.12629,0.12748,0.12984,0.13406,0.14028,0.14824,0.15738,0.16751,0.17812,0.18748,0.19513,0.20084,0.20479,0.20894,0.21398,0.21623,0.21422,0.20983,0.20425,0.19871,0.19451,0.19135,0.18889,0.18611,0.18102,0.17138,0.15793
0.027457,0.029126,0.03138,0.033337,0.03489,0.036096,0.037082,0.037926,0.038722,0.039715,0.041112,0.042774,0.044987,0.047387,0.050086,0.05291,0.055182,0.056848,0.05762,0.05794,0.057897,0.057834,0.058004,0.058237,0.059005,0.06062,0.062806,0.065226,0.067772,0.070408,0.072939,0.075285,0.077218,0.078841,0.080098,0.080813,0.080485,0.079558,0.078196,0.07685,0.075437,0.073921,0.072549,0.071378,0.070538,0.07014,0.070143,0.07058,0.071263,0.072127,0.073019,0.073923,0.075054,0.076343,0.078117,0.080203,0.082498,0.084431,0.085868,0.087134,0.088334,0.089758,0.091299,0.093102,0.095531,0.097754,0.099881,0.1019,0.10348,0.10455,0.1051,0.10506,0.10414,0.10309,0.10254,0.10276,0.10447,0.10824,0.11395,0.12101,0.12944,0.13884,0.14791,0.15642,0.16434,0.17116,0.17877,0.18741,0.1949,0.20145,0.20621,0.20913,0.21089,0.21206,0.21244,0.21206,0.21024,0.20498,0.1941,0.17787
0.022196,0.022738,0.024338,0.025906,0.027228,0.028414,0.029556,0.030692,0.032065,0.033815,0.03627,0.039555,0.044028,0.049148,0.054833,0.060156,0.064481,0.067506,0.068932,0.069136,0.068535,0.067584,0.066856,0.066156,0.065999,0.066572,0.067692,0.069065,0.070778,0.072689,0.074785,0.076878,0.079179,0.081599,0.083921,0.086217,0.088182,0.090104,0.092189,0.09478,0.097364,0.099868,0.10263,0.10548,0.10823,0.11082,0.11322,0.11528,0.11701,0.11828,0.11901,0.119,0.11811,0.11609,0.11336,0.11014,0.10649,0.10217,0.097614,0.093201,0.088788,0.084604,0.081116,0.078876,0.07731,0.076221,0.07551,0.075129,0.075152,0.075235,0.075173,0.074712,0.073479,0.072106,0.070912,0.070177,0.070381,0.072194,0.075392,0.079712,0.0855,0.092387,0.10006,0.10885,0.1187,0.12923,0.14265,0.15857,0.173,0.18552,0.19601,0.20428,0.21037,0.21519,0.2183,0.21946,0.21788,0.21184,0.19931,0.17985
0.022565,0.022675,0.023824,0.024946,0.025852,0.026645,0.027449,0.02834,0.029575,0.03136,0.034013,0.037642,0.042217,0.047567,0.053661,0.05983,0.065663,0.070795,0.074661,0.077572,0.079557,0.080687,0.081351,0.081391,0.081229,0.081298,0.081494,0.081768,0.082079,0.082551,0.083273,0.084222,0.085866,0.087892,0.090266,0.09309,0.095921,0.099237,0.10291,0.10792,0.11299,0.11798,0.12315,0.12793,0.13238,0.13657,0.14086,0.14508,0.14897,0.15203,0.15408,0.15476,0.15394,0.15111,0.14663,0.14088,0.13375,0.12527,0.11639,0.10764,0.09887,0.090581,0.08382,0.079321,0.075398,0.072175,0.069512,0.067476,0.066032,0.06503,0.064131,0.06297,0.061091,0.058915,0.056572,0.054294,0.052577,0.052033,0.052356,0.053279,0.054998,0.05729,0.060505,0.065626,0.073267,0.083593,0.098629,0.11768,0.13682,0.15565,0.1731,0.18848,0.20085,0.21041,0.2168,0.21969,0.2182,0.21072,0.19509,0.1708
0.037089,0.038995,0.040921,0.042295,0.043095,0.043559,0.043911,0.044261,0.044825,0.04592,0.047594,0.049733,0.052493,0.055506,0.058583,0.061506,0.064955,0.068744,0.072311,0.075563,0.078122,0.079943,0.081166,0.081602,0.081547,0.081049,0.079976,0.078465,0.076931,0.075552,0.074386,0.073734,0.07413,0.075252,0.077175,0.080034,0.083887,0.089236,0.095687,0.10453,0.11405,0.12363,0.13447,0.14521,0.15601,0.16714,0.17895,0.19091,0.20185,0.21054,0.21651,0.21936,0.21896,0.21483,0.20722,0.19673,0.18367,0.16853,0.15305,0.13812,0.12312,0.10878,0.09681,0.088338,0.080759,0.074398,0.069381,0.065471,0.062436,0.06001,0.057723,0.055536,0.053024,0.050543,0.048485,0.046706,0.045706,0.04574,0.046383,0.047114,0.047633,0.047601,0.047124,0.047357,0.048906,0.052112,0.058769,0.06908,0.080503,0.092988,0.10643,0.11992,0.13194,0.1425,0.15073,0.15585,0.15691,0.15248,0.14102,0.12199
0.052465,0.056894,0.060399,0.062715,0.064018,0.064737,0.065162,0.065384,0.065605,0.066082,0.066636,0.067151,0.067329,0.067321,0.067275,0.067213,0.067725,0.068848,0.070317,0.071859,0.073317,0.074358,0.074898,0.074764,0.074368,0.073584,0.072472,0.071035,0.069701,0.068471,0.067562,0.067307,0.068098,0.069491,0.071898,0.075397,0.080443,0.087815,0.096436,0.10744,0.11924,0.13137,0.14602,0.161,0.17609,0.19183,0.20811,0.22418,0.23863,0.2497,0.2568,0.25946,0.25748,0.25031,0.23859,0.22334,0.20523,0.18501,0.1646,0.14534,0.12665,0.10923,0.094974,0.084639,0.075865,0.068788,0.063503,0.059457,0.056271,0.053624,0.05133,0.049293,0.047136,0.045506,0.04454,0.044223,0.044583,0.045579,0.046662,0.047689,0.048517,0.048572,0.047832,0.047065,0.046729,0.047017,0.048409,0.051628,0.056112,0.062292,0.070761,0.080618,0.090389,0.099487,0.10686,0.11192,0.11369,0.11112,0.10297,0.088829
0.076919,0.086162,0.092799,0.096518,0.097856,0.097641,0.096406,0.094351,0.091768,0.08917,0.086545,0.083754,0.080728,0.077427,0.073689,0.069361,0.065566,0.062686,0.061034,0.060892,0.061646,0.062643,0.063418,0.063547,0.063333,0.062874,0.062179,0.061344,0.060679,0.060148,0.059942,0.060309,0.061747,0.064096,0.06748,0.072164,0.078928,0.088464,0.099137,0.11196,0.12564,0.13965,0.15723,0.17486,0.19292,0.21161,0.2309,0.24947,0.26547,0.27718,0.28422,0.2862,0.28292,0.274,0.25999,0.24197,0.22089,0.19752,0.17401,0.15204,0.13144,0.11262,0.097231,0.085406,0.075056,0.066757,0.060694,0.055855,0.052295,0.049569,0.047482,0.045916,0.044531,0.043567,0.043286,0.043495,0.044233,0.04534,0.046138,0.046588,0.046406,0.045214,0.043438,0.04158,0.039751,0.03788,0.036097,0.034985,0.034992,0.036106,0.038876,0.043153,0.04844,0.054435,0.059908,0.064291,0.066785,0.066768,0.063555,0.056644
0.1073,0.12117,0.13083,0.13599,0.13753,0.13665,0.13411,0.13023,0.12545,0.12034,0.11506,0.10955,0.10387,0.098023,0.091533,0.084152,0.076902,0.07027,0.064678,0.060631,0.058016,0.05642,0.055358,0.054282,0.053435,0.052745,0.052049,0.051321,0.050847,0.050652,0.050838,0.051717,0.053711,0.05684,0.060967,0.066015,0.072848,0.082015,0.091857,0.10267,0.11349,0.12414,0.13781,0.15161,0.16537,0.17926,0.19329,0.20699,0.2194,0.22949,0.23663,0.24024,0.24022,0.23616,0.22802,0.21628,0.20146,0.18418,0.16603,0.14849,0.1319,0.11647,0.10407,0.093971,0.084828,0.077431,0.072287,0.068233,0.065183,0.063137,0.061846,0.061323,0.061325,0.062108,0.063708,0.066248,0.069166,0.072017,0.073599,0.073659,0.071911,0.068159,0.062972,0.057198,0.051251,0.045302,0.03941,0.034523,0.031022,0.028971,0.0286,0.029391,0.03072,0.03271,0.034745,0.036506,0.037514,0.037455,0.036118,0.033424
0.13483,0.15433,0.16747,0.17417,0.17579,0.17386,0.16931,0.16264,0.15437,0.14511,0.13528,0.1252,0.11549,0.10624,0.097306,0.088452,0.080653,0.073905,0.068347,0.063956,0.06053,0.058225,0.056544,0.054766,0.053222,0.051839,0.050681,0.049508,0.048706,0.048666,0.0492,0.050277,0.0518,0.054224,0.057402,0.061348,0.066806,0.074143,0.081516,0.088908,0.095911,0.10255,0.11151,0.12024,0.12856,0.13665,0.1445,0.15182,0.15817,0.16354,0.16774,0.1704,0.17139,0.1705,0.16747,0.16244,0.1556,0.14683,0.13661,0.12604,0.11548,0.10577,0.098106,0.091754,0.086263,0.082225,0.079921,0.078858,0.079141,0.080395,0.082212,0.084826,0.087962,0.092167,0.097493,0.10386,0.11045,0.1163,0.12005,0.12113,0.11918,0.11377,0.10536,0.095042,0.083469,0.071245,0.05871,0.047867,0.039996,0.034095,0.030258,0.028129,0.027178,0.026879,0.026945,0.027051,0.026878,0.026166,0.02475,0.023019
0.14002,0.15896,0.17093,0.17622,0.17632,0.17275,0.16643,0.15794,0.14804,0.13736,0.12654,0.11597,0.10648,0.098261,0.09079,0.08356,0.077134,0.071834,0.067434,0.063966,0.061361,0.059762,0.0586,0.057294,0.056009,0.054706,0.053363,0.05175,0.050337,0.049591,0.049273,0.049541,0.050156,0.051319,0.052833,0.054717,0.057327,0.060794,0.064101,0.067264,0.070077,0.072653,0.076913,0.081007,0.084982,0.089037,0.093003,0.09669,0.10008,0.10294,0.10535,0.10735,0.10921,0.11079,0.11183,0.11231,0.11203,0.11082,0.10877,0.10654,0.10415,0.10193,0.1006,0.099372,0.098093,0.0975,0.097837,0.099155,0.10165,0.10546,0.11052,0.1172,0.12479,0.1332,0.14216,0.1519,0.16186,0.17059,0.17653,0.17873,0.17683,0.17028,0.15946,0.14536,0.12892,0.11097,0.092329,0.075371,0.06187,0.050481,0.041538,0.034847,0.030321,0.027295,0.025328,0.023929,0.02281,0.021675,0.020445,0.019666
0.12708,0.14176,0.15062,0.15366,0.15217,0.14764,0.14092,0.1326,0.12338,0.11379,0.10459,0.096243,0.089486,0.084308,0.080162,0.076349,0.073213,0.070638,0.068523,0.066898,0.065748,0.065366,0.065184,0.064517,0.063695,0.062706,0.061393,0.059516,0.057515,0.05597,0.054756,0.054047,0.053593,0.05374,0.054263,0.054855,0.0555,0.056237,0.056411,0.056123,0.055428,0.054499,0.054721,0.055358,0.056261,0.057539,0.059121,0.061051,0.063073,0.065048,0.066979,0.068901,0.071179,0.073803,0.076549,0.079546,0.082554,0.085288,0.087648,0.090005,0.092151,0.094429,0.097362,0.10031,0.10322,0.1063,0.10973,0.11456,0.12088,0.1288,0.13796,0.14885,0.16085,0.17359,0.18662,0.19989,0.2124,0.22238,0.22805,0.2284,0.2234,0.21317,0.19899,0.18206,0.16331,0.14317,0.12225,0.10298,0.086831,0.072095,0.059044,0.048244,0.040175,0.034397,0.030522,0.027815,0.025931,0.024222,0.022589,0.022127
0.10913,0.12022,0.12709,0.12927,0.12767,0.12357,0.11764,0.11038,0.10249,0.094469,0.086817,0.079796,0.074125,0.069691,0.066034,0.062751,0.06007,0.058168,0.056881,0.056199,0.056451,0.057591,0.059225,0.060654,0.061863,0.062792,0.063273,0.062966,0.062069,0.061107,0.059922,0.058708,0.057159,0.055809,0.054729,0.053782,0.052603,0.051141,0.04913,0.046726,0.0441,0.041464,0.039498,0.038168,0.037398,0.037187,0.037388,0.038104,0.039202,0.040384,0.041603,0.04304,0.045005,0.047613,0.050893,0.055018,0.059893,0.065325,0.070804,0.07622,0.081161,0.085892,0.090724,0.095257,0.099701,0.10415,0.10892,0.11593,0.12501,0.13597,0.14822,0.16191,0.17683,0.19308,0.21047,0.2284,0.24574,0.26025,0.26987,0.27328,0.27007,0.25991,0.24409,0.22476,0.20392,0.18293,0.16205,0.14257,0.12525,0.10821,0.091868,0.07687,0.064277,0.054073,0.046729,0.04147,0.038043,0.035452,0.033436,0.032455
0.077445,0.082875,0.086209,0.086873,0.085578,0.082988,0.079516,0.07552,0.071448,0.067513,0.064029,0.061029,0.05883,0.057263,0.056265,0.055311,0.054508,0.054056,0.053838,0.053964,0.054626,0.0561,0.058119,0.059991,0.06182,0.063687,0.065178,0.065877,0.065861,0.06547,0.06448,0.06297,0.060922,0.05869,0.056348,0.053743,0.050685,0.047179,0.043568,0.040075,0.036952,0.034101,0.031845,0.030241,0.029296,0.02906,0.029476,0.030307,0.031451,0.032695,0.034027,0.035619,0.037795,0.040744,0.044374,0.048715,0.053812,0.059385,0.065153,0.070955,0.07619,0.080946,0.085198,0.088981,0.092486,0.095809,0.099082,0.10466,0.11181,0.12079,0.13154,0.14445,0.15943,0.17631,0.19526,0.21533,0.23556,0.25404,0.26873,0.27819,0.28212,0.28041,0.27361,0.26249,0.24814,0.23102,0.21164,0.19196,0.17311,0.15393,0.13501,0.11724,0.10167,0.088168,0.077694,0.069479,0.063525,0.058559,0.053916,0.049726
0.053634,0.055705,0.057247,0.057484,0.056662,0.055167,0.053214,0.051082,0.048913,0.04684,0.045235,0.044258,0.043908,0.044075,0.044737,0.045713,0.047052,0.048687,0.050706,0.05306,0.05585,0.058999,0.06258,0.065959,0.069095,0.072036,0.074625,0.076105,0.076572,0.076331,0.074895,0.072536,0.069236,0.065462,0.061185,0.05668,0.051705,0.046653,0.041948,0.037722,0.034379,0.031722,0.029588,0.02824,0.027575,0.027591,0.028281,0.029452,0.030846,0.03219,0.033521,0.034957,0.036709,0.038907,0.041642,0.045098,0.049346,0.054368,0.059694,0.065101,0.069932,0.074007,0.077497,0.080525,0.083403,0.086099,0.088746,0.093679,0.10005,0.10806,0.11745,0.12829,0.14062,0.15445,0.17023,0.18697,0.20394,0.21998,0.23397,0.24487,0.25316,0.25903,0.26212,0.26264,0.26044,0.25481,0.24505,0.23211,0.21701,0.20056,0.18349,0.16691,0.15174,0.13853,0.12803,0.11915,0.11174,0.1039,0.094458,0.083655
0.040832,0.041432,0.042181,0.042317,0.04185,0.040999,0.039898,0.038818,0.037927,0.037358,0.037319,0.038149,0.039873,0.042333,0.045226,0.048202,0.05114,0.054142,0.057528,0.06143,0.065683,0.070085,0.074489,0.078446,0.081992,0.085152,0.087852,0.089494,0.090213,0.089872,0.088147,0.085193,0.08113,0.07638,0.071343,0.066197,0.060897,0.055953,0.051709,0.048197,0.045605,0.043809,0.042647,0.042556,0.043291,0.044849,0.047353,0.050357,0.053467,0.056306,0.058699,0.0607,0.062402,0.063955,0.065552,0.067378,0.069595,0.072317,0.075342,0.078559,0.081371,0.08366,0.085251,0.086339,0.087268,0.08817,0.088988,0.091361,0.094754,0.099164,0.10447,0.11099,0.11866,0.12741,0.13756,0.14797,0.15818,0.16774,0.17599,0.18265,0.18876,0.19495,0.20141,0.20829,0.21533,0.22096,0.22377,0.22264,0.21759,0.20942,0.19947,0.18879,0.1785,0.16899,0.16096,0.15359,0.1465,0.13793,0.12612,0.1111
0.038438,0.03841,0.039203,0.039711,0.039845,0.039825,0.039817,0.039817,0.039833,0.040014,0.040579,0.041588,0.0431,0.044989,0.047087,0.049207,0.051223,0.05333,0.055941,0.059221,0.063243,0.067771,0.072378,0.076497,0.080302,0.083721,0.086859,0.089104,0.090625,0.090912,0.08966,0.087375,0.084461,0.081008,0.077113,0.073007,0.069162,0.066096,0.064129,0.063493,0.064278,0.066022,0.068388,0.071574,0.075158,0.079081,0.083817,0.088747,0.093184,0.096621,0.098758,0.099539,0.099104,0.097732,0.095885,0.093992,0.0924,0.091801,0.091735,0.092083,0.092381,0.092536,0.09238,0.092011,0.091342,0.090566,0.089833,0.090023,0.09081,0.09233,0.094209,0.09674,0.10008,0.10435,0.11045,0.11756,0.1251,0.13253,0.13946,0.1455,0.1513,0.15708,0.16264,0.1682,0.17412,0.17965,0.18443,0.18738,0.18806,0.18674,0.18396,0.18007,0.17559,0.17089,0.16641,0.16166,0.15607,0.148,0.13586,0.11998
0.041617,0.043179,0.045673,0.047649,0.049084,0.050105,0.050999,0.051762,0.052322,0.052634,0.052985,0.053293,0.053762,0.054481,0.055436,0.056547,0.057962,0.059739,0.062253,0.065513,0.069363,0.073425,0.077337,0.080649,0.083643,0.086143,0.08833,0.089897,0.090972,0.091169,0.090135,0.088447,0.086269,0.083959,0.081524,0.07915,0.077297,0.076424,0.076902,0.079222,0.083452,0.089002,0.09556,0.10274,0.11021,0.11774,0.12567,0.13326,0.13959,0.14434,0.14702,0.14775,0.14663,0.14389,0.13992,0.13503,0.12981,0.12519,0.12068,0.11672,0.1129,0.10889,0.10475,0.10063,0.096451,0.092706,0.089441,0.086409,0.083498,0.080711,0.078092,0.075981,0.074591,0.074302,0.07587,0.078681,0.082116,0.08583,0.089864,0.093882,0.098596,0.1044,0.11076,0.11761,0.12485,0.13126,0.13635,0.13983,0.14135,0.1416,0.14142,0.14129,0.14199,0.14343,0.14513,0.14617,0.14554,0.14157,0.13248,0.11832
0.041268,0.042371,0.044913,0.047379,0.049664,0.051895,0.05429,0.056719,0.058714,0.060231,0.061368,0.06204,0.06259,0.06311,0.063538,0.063719,0.063859,0.064148,0.064781,0.065659,0.066877,0.068114,0.069171,0.069585,0.069689,0.069779,0.069901,0.069891,0.069942,0.069744,0.068904,0.067933,0.067396,0.06772,0.068752,0.070459,0.073499,0.07824,0.084814,0.093728,0.105,0.11781,0.13201,0.14736,0.16278,0.17744,0.19141,0.20337,0.21265,0.21844,0.2208,0.21964,0.21511,0.20774,0.19837,0.18737,0.17586,0.16484,0.15385,0.14307,0.133,0.12335,0.11429,0.10601,0.098649,0.092511,0.087633,0.08336,0.079474,0.075799,0.072084,0.068056,0.063814,0.059925,0.057276,0.055821,0.055119,0.055207,0.05617,0.05768,0.060125,0.063616,0.067802,0.07241,0.077355,0.082072,0.086132,0.089401,0.091521,0.092817,0.093654,0.094547,0.096492,0.099053,0.10193,0.10483,0.10662,0.10628,0.10254,0.095539
0.060451,0.064511,0.068607,0.072249,0.07556,0.078642,0.081717,0.084582,0.086448,0.087121,0.086678,0.084952,0.082506,0.079776,0.076775,0.073625,0.070556,0.068071,0.066262,0.064835,0.064049,0.063617,0.063289,0.062682,0.061972,0.060931,0.059455,0.057688,0.055623,0.053331,0.050607,0.047954,0.04601,0.045511,0.046847,0.05006,0.05563,0.063756,0.074547,0.08846,0.10545,0.12407,0.14375,0.16348,0.18246,0.20009,0.21682,0.23179,0.24461,0.25436,0.26047,0.26219,0.25875,0.25043,0.23804,0.22226,0.20443,0.18609,0.16752,0.14973,0.13382,0.11999,0.10848,0.099273,0.091975,0.086669,0.08304,0.079731,0.076569,0.073341,0.069784,0.065834,0.061502,0.057356,0.054147,0.051805,0.050002,0.048796,0.048463,0.048793,0.049963,0.051793,0.05404,0.056476,0.058967,0.061086,0.062495,0.063337,0.063535,0.063423,0.063379,0.063533,0.064496,0.066284,0.068546,0.071245,0.073566,0.074726,0.074093,0.072205
0.077496,0.083518,0.088762,0.092653,0.095559,0.097953,0.10007,0.1018,0.1024,0.10159,0.099373,0.095544,0.090756,0.085691,0.08056,0.075375,0.07076,0.067212,0.064362,0.062132,0.060756,0.059691,0.058689,0.05754,0.056372,0.055105,0.053603,0.051871,0.050177,0.048548,0.046796,0.04543,0.044663,0.044913,0.046364,0.04914,0.05337,0.059988,0.069575,0.081934,0.096922,0.11346,0.13137,0.14943,0.16702,0.18415,0.20159,0.21903,0.23651,0.25288,0.26648,0.27536,0.2783,0.27489,0.26542,0.25028,0.23076,0.20846,0.18414,0.15988,0.13773,0.11874,0.10358,0.092389,0.084166,0.078494,0.075001,0.072322,0.070114,0.068099,0.066082,0.063857,0.061062,0.058021,0.055245,0.053295,0.051933,0.050822,0.050216,0.049829,0.049804,0.05,0.050431,0.050956,0.051548,0.051906,0.051785,0.051663,0.051546,0.05147,0.051484,0.051696,0.052388,0.053457,0.054494,0.055392,0.055884,0.055502,0.053938,0.051823
0.10097,0.11166,0.1198,0.12543,0.12921,0.13178,0.13349,0.13435,0.13387,0.1318,0.12819,0.12288,0.11642,0.10938,0.10218,0.09488,0.088324,0.083121,0.078525,0.074223,0.070619,0.06746,0.064522,0.061588,0.058909,0.056328,0.053932,0.051505,0.049178,0.047122,0.044826,0.042658,0.040897,0.040255,0.040765,0.042657,0.046189,0.05185,0.060009,0.069987,0.081695,0.094392,0.10796,0.12151,0.13491,0.14837,0.16266,0.17811,0.19542,0.21359,0.23124,0.24621,0.25635,0.26025,0.2572,0.24736,0.23154,0.21119,0.18756,0.16275,0.1391,0.11898,0.10284,0.090992,0.08295,0.077824,0.074521,0.072168,0.070523,0.069351,0.068346,0.067176,0.065399,0.063201,0.061016,0.059393,0.057962,0.056537,0.055322,0.054137,0.053428,0.052771,0.052347,0.051998,0.051821,0.051726,0.051504,0.051343,0.051228,0.051178,0.051136,0.051087,0.051042,0.051007,0.050741,0.050257,0.049291,0.047569,0.04516,0.04319
0.1107,0.12233,0.13129,0.13737,0.14101,0.14308,0.14406,0.14414,0.1432,0.14114,0.13795,0.13348,0.12817,0.12257,0.11705,0.11154,0.10657,0.10255,0.098623,0.094385,0.090282,0.086233,0.082352,0.078394,0.074572,0.070802,0.066971,0.063051,0.059613,0.056575,0.053577,0.050457,0.047469,0.04559,0.044809,0.045051,0.046463,0.049418,0.053991,0.059388,0.06547,0.072165,0.079514,0.087145,0.095153,0.10398,0.11408,0.12546,0.13809,0.15115,0.16413,0.17565,0.18504,0.19119,0.19328,0.19084,0.18406,0.17337,0.15923,0.14353,0.12758,0.11368,0.10238,0.094123,0.088629,0.085222,0.083143,0.081754,0.08092,0.080791,0.081008,0.081258,0.080911,0.080128,0.079056,0.078507,0.078068,0.077203,0.076429,0.075379,0.074317,0.073,0.071571,0.069974,0.068223,0.066294,0.064334,0.062585,0.061152,0.060039,0.059209,0.058718,0.05834,0.057953,0.057326,0.056353,0.054654,0.051828,0.047733,0.043535
0.11746,0.13046,0.14095,0.14767,0.15117,0.1527,0.15296,0.15228,0.15094,0.14911,0.14679,0.14411,0.1412,0.1385,0.13588,0.13306,0.13042,0.1281,0.12537,0.12173,0.11747,0.11289,0.10801,0.10269,0.09735,0.091826,0.086205,0.08036,0.075024,0.06979,0.064056,0.058592,0.053571,0.049614,0.046879,0.045167,0.044327,0.044458,0.045292,0.046094,0.047112,0.048485,0.050362,0.052801,0.056169,0.060787,0.066571,0.073629,0.081877,0.090447,0.098764,0.10655,0.11342,0.1188,0.12287,0.12498,0.125,0.12254,0.11718,0.11032,0.10246,0.095722,0.091074,0.088806,0.088473,0.089197,0.09012,0.091112,0.092133,0.093388,0.094891,0.096856,0.098733,0.10068,0.10277,0.10529,0.10727,0.10812,0.10836,0.10756,0.10592,0.1034,0.10062,0.097808,0.09515,0.092486,0.089652,0.086998,0.084813,0.083059,0.08142,0.079488,0.076927,0.074216,0.071226,0.068026,0.064222,0.059318,0.053061,0.046436
0.098631,0.10352,0.10792,0.11025,0.11089,0.11057,0.10985,0.10898,0.10835,0.10799,0.10792,0.10825,0.10898,0.11015,0.11169,0.1133,0.11518,0.11755,0.11967,0.12098,0.12152,0.12146,0.12084,0.11932,0.11695,0.11371,0.1094,0.10401,0.098529,0.09283,0.085849,0.078812,0.07218,0.067142,0.062844,0.059052,0.05566,0.052273,0.048817,0.045166,0.04148,0.038301,0.035654,0.03386,0.033154,0.033824,0.036253,0.040321,0.045929,0.052686,0.060157,0.06781,0.075283,0.082149,0.08813,0.092631,0.095519,0.096717,0.095421,0.092429,0.087565,0.083321,0.080757,0.080029,0.080899,0.082513,0.083779,0.084796,0.085951,0.087608,0.090361,0.094664,0.099776,0.10551,0.11202,0.11904,0.12582,0.13141,0.13622,0.13961,0.14169,0.14243,0.14231,0.1415,0.13974,0.13731,0.13462,0.13189,0.12935,0.12699,0.12453,0.12153,0.11723,0.11247,0.10726,0.10167,0.095268,0.087188,0.076982,0.065625
0.06976,0.065436,0.064638,0.064305,0.063763,0.063244,0.062962,0.063021,0.06367,0.06499,0.067233,0.070586,0.075107,0.08089,0.087963,0.09607,0.10489,0.11396,0.12288,0.13097,0.13802,0.14396,0.14858,0.15156,0.1529,0.15223,0.14941,0.14417,0.13748,0.12917,0.1187,0.10755,0.096973,0.088185,0.080406,0.073306,0.066606,0.06011,0.053678,0.047507,0.041637,0.036294,0.031713,0.028273,0.025912,0.024832,0.025153,0.026686,0.028952,0.031808,0.035106,0.038658,0.042559,0.046707,0.051302,0.056106,0.061309,0.066849,0.07186,0.076702,0.079917,0.082719,0.085663,0.088592,0.092122,0.095807,0.099226,0.10273,0.10644,0.11065,0.11566,0.122,0.12912,0.13684,0.14483,0.15274,0.15976,0.16522,0.16956,0.1727,0.17442,0.17465,0.17384,0.17194,0.16894,0.16508,0.16065,0.15628,0.15215,0.14862,0.1455,0.1424,0.13841,0.13415,0.12959,0.12467,0.1187,0.11065,0.099608,0.086215
0.070828,0.079973,0.087885,0.093611,0.097634,0.1007,0.10315,0.10498,0.10678,0.10923,0.11195,0.11514,0.11876,0.12244,0.12453,0.12457,0.12295,0.1201,0.11634,0.11233,0.10777,0.10353,0.10016,0.097538,0.095729,0.09449,0.093971,0.093371,0.092081,0.09025,0.087704,0.084658,0.081178,0.077398,0.073284,0.068167,0.062214,0.056603,0.051688,0.046978,0.042446,0.03815,0.034325,0.03142,0.029749,0.02915,0.029344,0.030524,0.032424,0.034597,0.036877,0.038963,0.04128,0.043819,0.04719,0.052048,0.058604,0.066571,0.075154,0.084602,0.094688,0.10624,0.11751,0.12744,0.1359,0.14304,0.14871,0.15293,0.15591,0.15782,0.15883,0.15908,0.15891,0.15833,0.15758,0.15578,0.15311,0.1503,0.14759,0.1454,0.14384,0.14327,0.14271,0.14182,0.14032,0.13785,0.13418,0.12998,0.12513,0.11995,0.11506,0.11094,0.10813,0.10595,0.10406,0.10215,0.099748,0.095984,0.090336,0.083641
0.050716,0.057334,0.063428,0.067833,0.070619,0.072279,0.07311,0.07326,0.073325,0.073808,0.07488,0.077173,0.081236,0.08666,0.091779,0.09519,0.096548,0.095793,0.093053,0.088829,0.083457,0.077853,0.072915,0.068856,0.066071,0.064558,0.06419,0.06418,0.064404,0.064762,0.065213,0.065702,0.066148,0.066378,0.066579,0.066312,0.065816,0.065648,0.066182,0.066307,0.06589,0.064557,0.062462,0.060228,0.058799,0.058336,0.058899,0.060623,0.063664,0.066901,0.069837,0.071976,0.073413,0.074297,0.075246,0.076924,0.079996,0.084853,0.092198,0.10114,0.11142,0.12386,0.13666,0.14853,0.15895,0.16746,0.17347,0.1766,0.17697,0.17461,0.16992,0.16343,0.15587,0.14764,0.13927,0.13072,0.12191,0.11383,0.10687,0.10168,0.098694,0.098419,0.099778,0.10227,0.10552,0.10933,0.11295,0.11628,0.11922,0.12116,0.1222,0.12274,0.12371,0.12404,0.12377,0.12259,0.11997,0.11482,0.10645,0.096013
0.037059,0.040779,0.044667,0.047827,0.049981,0.051211,0.051696,0.051704,0.051592,0.052152,0.053583,0.056559,0.061817,0.068903,0.076079,0.081873,0.085618,0.087047,0.086071,0.083061,0.078101,0.072485,0.066927,0.062105,0.058442,0.056065,0.055075,0.055207,0.056287,0.057871,0.059875,0.062278,0.064762,0.067221,0.069613,0.072396,0.076684,0.082373,0.089212,0.095332,0.10005,0.10279,0.10378,0.10342,0.10289,0.1027,0.10301,0.10407,0.10602,0.10835,0.11,0.11068,0.11012,0.10884,0.10705,0.1054,0.1045,0.10445,0.10698,0.11085,0.11604,0.12325,0.1313,0.13945,0.14708,0.15374,0.15875,0.16133,0.16142,0.15884,0.15394,0.14711,0.1392,0.13037,0.12131,0.1123,0.10309,0.094822,0.087849,0.082771,0.079661,0.079028,0.079841,0.08184,0.084766,0.089346,0.094724,0.10046,0.1064,0.11176,0.11617,0.11992,0.12371,0.12648,0.12848,0.12907,0.12731,0.1219,0.11212,0.098766
0.037765,0.039059,0.040393,0.041185,0.041369,0.041042,0.040392,0.039761,0.039234,0.039068,0.039458,0.040668,0.043345,0.047601,0.05249,0.057325,0.061807,0.065291,0.067385,0.068075,0.067018,0.064962,0.062506,0.059937,0.057643,0.056393,0.055696,0.055148,0.055151,0.055606,0.056404,0.057885,0.06026,0.063801,0.068797,0.076259,0.087735,0.10145,0.11725,0.13281,0.14686,0.15785,0.16586,0.17117,0.17501,0.17888,0.18308,0.18723,0.19164,0.1955,0.19739,0.19666,0.19287,0.18609,0.17664,0.1655,0.15405,0.14286,0.13464,0.1278,0.12255,0.11972,0.11848,0.11904,0.12063,0.12236,0.1232,0.12248,0.11992,0.11526,0.10876,0.101,0.092695,0.084165,0.07603,0.06883,0.061976,0.056577,0.052559,0.05018,0.04947,0.050372,0.051938,0.054147,0.056785,0.060797,0.065954,0.071813,0.078539,0.085181,0.091068,0.096178,0.101,0.10501,0.10848,0.11092,0.11114,0.10797,0.10082,0.090248
0.04157,0.041241,0.040445,0.03911,0.037243,0.035198,0.03337,0.032125,0.031115,0.030296,0.029605,0.029202,0.029511,0.030913,0.033239,0.035748,0.03832,0.040688,0.042352,0.043347,0.043157,0.04221,0.040756,0.039089,0.03778,0.03749,0.037614,0.037818,0.038627,0.039897,0.041965,0.045054,0.049176,0.05459,0.061835,0.07265,0.089836,0.11045,0.13418,0.15911,0.18375,0.20648,0.2269,0.24471,0.26005,0.27419,0.28728,0.29782,0.30546,0.30923,0.3077,0.30089,0.28854,0.27126,0.24969,0.22525,0.20029,0.17675,0.1581,0.14166,0.12733,0.11526,0.10546,0.098768,0.093833,0.089765,0.085722,0.081256,0.076038,0.070011,0.063113,0.056153,0.049568,0.043495,0.038472,0.035037,0.032535,0.031242,0.031294,0.0325,0.034434,0.036787,0.038979,0.041327,0.043873,0.047271,0.051144,0.055237,0.059879,0.064467,0.068194,0.071101,0.073409,0.075084,0.076666,0.078105,0.078559,0.077236,0.073855,0.069019
0.069838,0.07196,0.071563,0.06893,0.065056,0.06079,0.056893,0.054129,0.051613,0.049103,0.046343,0.043452,0.04075,0.038428,0.037289,0.037766,0.039197,0.04101,0.0427,0.043779,0.043643,0.042584,0.040925,0.038886,0.03711,0.036123,0.035696,0.035712,0.036202,0.03722,0.039101,0.042111,0.046062,0.051225,0.058314,0.06924,0.086444,0.10711,0.13076,0.15625,0.1832,0.20998,0.2363,0.26127,0.28504,0.30871,0.33045,0.34776,0.35916,0.36411,0.36195,0.35234,0.33533,0.31158,0.28208,0.24885,0.21454,0.18257,0.15606,0.13223,0.1115,0.093642,0.079249,0.069772,0.062967,0.057687,0.053054,0.048728,0.044555,0.0405,0.036491,0.032757,0.029501,0.026895,0.024881,0.023754,0.023191,0.023445,0.02474,0.026908,0.029515,0.032298,0.034377,0.036342,0.038068,0.040027,0.041883,0.04343,0.045038,0.046951,0.04844,0.049476,0.050474,0.051385,0.05246,0.053524,0.053987,0.053366,0.05173,0.049585
0.099065,0.10596,0.10816,0.10605,0.10122,0.095158,0.089115,0.084111,0.079012,0.073523,0.067534,0.061142,0.05464,0.048526,0.043774,0.04137,0.040639,0.041185,0.042269,0.043507,0.044037,0.043878,0.043237,0.042249,0.041206,0.040486,0.039975,0.039839,0.039758,0.039827,0.040655,0.042954,0.046792,0.052039,0.058864,0.069184,0.0851,0.10417,0.12592,0.15021,0.17692,0.20424,0.23174,0.2581,0.2824,0.30519,0.32527,0.34102,0.35097,0.35428,0.3508,0.33975,0.32127,0.29595,0.26462,0.22975,0.19413,0.1616,0.13398,0.1095,0.088629,0.071578,0.058995,0.051954,0.047301,0.043951,0.041274,0.038927,0.036654,0.034439,0.032124,0.029787,0.027699,0.02609,0.025203,0.025199,0.026003,0.02787,0.031023,0.034847,0.038671,0.041949,0.043972,0.045426,0.046099,0.046332,0.046174,0.045516,0.044712,0.044366,0.044223,0.04416,0.04412,0.044297,0.044663,0.045065,0.045126,0.044497,0.043244,0.041866
0.15425,0.16951,0.17622,0.17522,0.16909,0.16003,0.14973,0.13975,0.12892,0.11684,0.10352,0.08908,0.07428,0.060203,0.048481,0.041262,0.037433,0.035921,0.035959,0.036656,0.037421,0.038226,0.039045,0.039734,0.040446,0.041075,0.041825,0.042548,0.0429,0.043322,0.044345,0.046364,0.049669,0.054291,0.06,0.068705,0.08193,0.09779,0.11579,0.13598,0.15849,0.18127,0.2041,0.22572,0.24518,0.26229,0.27607,0.28549,0.29024,0.29043,0.28653,0.27709,0.26206,0.24147,0.21593,0.18753,0.15827,0.13155,0.10831,0.088414,0.072095,0.058822,0.049038,0.043464,0.039692,0.037008,0.034847,0.033105,0.031731,0.030625,0.029693,0.029114,0.028899,0.029348,0.030854,0.033439,0.037004,0.041518,0.047263,0.053142,0.058386,0.062318,0.064299,0.065501,0.065473,0.064168,0.06156,0.057971,0.053992,0.0505,0.04773,0.045311,0.043276,0.041863,0.04098,0.040295,0.039629,0.038665,0.037264,0.036066
0.20853,0.23126,0.24186,0.24211,0.23554,0.22495,0.21221,0.19889,0.18407,0.16713,0.14823,0.12751,0.10584,0.084426,0.066046,0.054053,0.046346,0.041629,0.039207,0.03811,0.037307,0.036635,0.036019,0.035615,0.035609,0.035983,0.036878,0.037945,0.038868,0.03998,0.041535,0.043901,0.04705,0.050775,0.05485,0.060746,0.069433,0.079841,0.091711,0.10523,0.12069,0.13618,0.15156,0.16587,0.1788,0.18978,0.19827,0.20406,0.20709,0.20724,0.20509,0.19908,0.18928,0.17557,0.15832,0.13907,0.11891,0.10002,0.08321,0.069202,0.057783,0.048491,0.041437,0.037185,0.034522,0.032908,0.032053,0.031782,0.0321,0.033157,0.034696,0.036767,0.039353,0.042581,0.046954,0.052673,0.059689,0.067553,0.076838,0.08607,0.094387,0.10075,0.10418,0.10611,0.1057,0.10255,0.096822,0.088976,0.079812,0.071058,0.063658,0.057239,0.05191,0.047854,0.044861,0.042442,0.040259,0.038083,0.035851,0.034532
0.235,0.25952,0.27144,0.27272,0.26705,0.25724,0.24481,0.23124,0.21556,0.19703,0.17572,0.15183,0.12618,0.1002,0.07716,0.061693,0.051725,0.04549,0.042019,0.040161,0.03904,0.038205,0.037383,0.03657,0.035836,0.03512,0.03487,0.034795,0.034859,0.035278,0.036291,0.038033,0.040404,0.04366,0.047236,0.0522,0.059147,0.067619,0.077169,0.088027,0.10056,0.11272,0.1242,0.13432,0.1425,0.14864,0.15237,0.15356,0.15225,0.14871,0.14366,0.13625,0.12662,0.11459,0.10067,0.086366,0.072476,0.060559,0.050823,0.04369,0.038633,0.035079,0.03255,0.031062,0.030174,0.029792,0.029991,0.030743,0.032206,0.034539,0.037839,0.041958,0.046916,0.053228,0.061187,0.070843,0.081968,0.093812,0.10702,0.12009,0.1324,0.1424,0.14845,0.15172,0.15112,0.14621,0.13695,0.1242,0.10922,0.094336,0.081794,0.07094,0.062345,0.05582,0.05113,0.047495,0.044464,0.04161,0.038698,0.036372
0.223,0.2455,0.25776,0.26079,0.25812,0.25199,0.24332,0.23302,0.22034,0.20428,0.18478,0.16201,0.13691,0.1107,0.086635,0.069894,0.0588,0.051547,0.047594,0.045277,0.04367,0.042337,0.04105,0.039663,0.038188,0.036639,0.035511,0.034826,0.034295,0.03394,0.033754,0.034076,0.035187,0.037066,0.039109,0.04159,0.044832,0.048785,0.053636,0.059434,0.066677,0.073877,0.080859,0.087395,0.092948,0.097147,0.099635,0.10029,0.099109,0.096195,0.092345,0.086898,0.080062,0.071693,0.0625,0.053565,0.045519,0.039109,0.034365,0.031437,0.029862,0.029605,0.030194,0.031285,0.032431,0.033721,0.035481,0.037698,0.04041,0.043952,0.048752,0.054467,0.061266,0.06998,0.081039,0.094151,0.10885,0.12419,0.14097,0.15806,0.17499,0.19005,0.20059,0.2069,0.20777,0.2026,0.19117,0.17414,0.15312,0.13124,0.11281,0.09663,0.083713,0.073843,0.066711,0.061217,0.056815,0.052778,0.048521,0.044433
0.19722,0.2202,0.23449,0.24095,0.24249,0.24088,0.23686,0.23095,0.22217,0.20954,0.19298,0.17263,0.14953,0.12494,0.10142,0.083612,0.07087,0.061804,0.056105,0.052166,0.049066,0.046584,0.044435,0.042413,0.04055,0.038874,0.037535,0.036354,0.035168,0.033989,0.03258,0.031368,0.030427,0.030065,0.029985,0.030194,0.030747,0.031753,0.03317,0.035125,0.038028,0.041062,0.043974,0.046639,0.048789,0.050189,0.050741,0.050424,0.049286,0.047398,0.045402,0.042951,0.04025,0.036967,0.03367,0.030995,0.029226,0.02846,0.028665,0.030114,0.032546,0.035608,0.038738,0.041389,0.043953,0.046509,0.04954,0.053154,0.057314,0.062417,0.06879,0.075998,0.084062,0.093946,0.10573,0.11926,0.13433,0.14991,0.16702,0.18506,0.20424,0.22275,0.23682,0.24577,0.24815,0.24304,0.22969,0.20932,0.1844,0.15829,0.13654,0.11761,0.10249,0.090888,0.082304,0.075724,0.070457,0.065724,0.060717,0.055261
0.15702,0.17718,0.1903,0.19694,0.19938,0.19924,0.19717,0.19353,0.18763,0.17857,0.1664,0.15108,0.1336,0.11435,0.095105,0.079811,0.068588,0.060486,0.055166,0.051291,0.04812,0.045477,0.043303,0.041314,0.039539,0.038014,0.036848,0.035825,0.034735,0.033528,0.031985,0.030348,0.028829,0.027723,0.026779,0.025886,0.025018,0.024558,0.024571,0.025017,0.025993,0.027179,0.028442,0.029911,0.031371,0.032519,0.033139,0.033251,0.032846,0.031841,0.030575,0.029048,0.027371,0.025589,0.024414,0.024285,0.025419,0.027399,0.029722,0.032875,0.036634,0.040559,0.044273,0.04729,0.050313,0.053316,0.056702,0.060583,0.06488,0.069887,0.076005,0.082903,0.090573,0.099679,0.1106,0.12339,0.13809,0.15391,0.17157,0.19103,0.21267,0.23517,0.25403,0.26755,0.2738,0.27177,0.26032,0.2406,0.21562,0.18899,0.16647,0.14643,0.13047,0.11809,0.10881,0.10165,0.095904,0.090468,0.083895,0.075841
0.1097,0.12381,0.13355,0.13895,0.14159,0.14258,0.14246,0.14158,0.13908,0.13452,0.12793,0.11913,0.10888,0.097297,0.085292,0.075367,0.067911,0.062714,0.059437,0.056879,0.054344,0.051847,0.049421,0.04702,0.044897,0.043039,0.041705,0.040655,0.039611,0.038351,0.036689,0.034723,0.032894,0.031356,0.030011,0.028598,0.026874,0.025292,0.024021,0.022944,0.022176,0.021924,0.022014,0.022415,0.022896,0.023328,0.023589,0.023702,0.023631,0.023281,0.022784,0.022169,0.021647,0.021153,0.021249,0.022194,0.024333,0.027431,0.031137,0.035554,0.040786,0.046114,0.051169,0.055483,0.060109,0.064608,0.069325,0.074318,0.079313,0.084447,0.090092,0.096032,0.10224,0.10938,0.11797,0.12824,0.14014,0.1534,0.16881,0.18642,0.20703,0.23039,0.25265,0.27136,0.28442,0.29047,0.28808,0.27639,0.25571,0.229,0.20513,0.18492,0.16942,0.15735,0.14828,0.14128,0.13538,0.12897,0.12007,0.1087
0.069876,0.077276,0.082203,0.084776,0.085889,0.086217,0.085984,0.085313,0.083709,0.081114,0.077624,0.073145,0.068532,0.063781,0.059478,0.056608,0.054832,0.053875,0.053473,0.052916,0.051902,0.050758,0.049585,0.048123,0.046829,0.045889,0.045439,0.045127,0.044814,0.04441,0.04403,0.043244,0.042077,0.040924,0.03973,0.038308,0.036417,0.034413,0.032467,0.030609,0.029075,0.027915,0.027132,0.026853,0.02676,0.026582,0.026247,0.025835,0.025354,0.024893,0.024353,0.023804,0.023419,0.023122,0.023445,0.02444,0.026532,0.02938,0.032745,0.036512,0.040718,0.045176,0.049458,0.05333,0.057713,0.061908,0.066036,0.070208,0.074431,0.078589,0.082867,0.087147,0.091166,0.09578,0.1015,0.10887,0.11871,0.13099,0.14592,0.16337,0.18404,0.20823,0.23306,0.25656,0.27792,0.29642,0.31133,0.3202,0.31945,0.30781,0.28964,0.26784,0.24769,0.23192,0.22035,0.21153,0.20377,0.19438,0.1808,0.16339
0.038694,0.041898,0.044544,0.046238,0.047295,0.0478,0.047909,0.047773,0.047269,0.046416,0.045353,0.044152,0.043425,0.043316,0.04395,0.045306,0.047284,0.049516,0.051664,0.053342,0.054498,0.055403,0.056109,0.056213,0.056153,0.05623,0.056664,0.057151,0.057805,0.058509,0.059136,0.059458,0.05939,0.059321,0.059078,0.058271,0.056563,0.054408,0.052112,0.049777,0.047533,0.045628,0.044015,0.042613,0.041287,0.039963,0.038582,0.037142,0.035641,0.034201,0.032666,0.03105,0.029736,0.028876,0.028898,0.02996,0.032119,0.034762,0.03751,0.040317,0.043094,0.046064,0.04894,0.051745,0.055194,0.058513,0.061746,0.065057,0.068386,0.071657,0.074749,0.077378,0.079326,0.081612,0.084694,0.089062,0.09522,0.10351,0.11405,0.12679,0.14228,0.16092,0.18052,0.19972,0.21834,0.23688,0.25848,0.28278,0.30313,0.31535,0.31863,0.31422,0.3054,0.29549,0.2861,0.278,0.27042,0.26069,0.24523,0.2226
0.024055,0.02493,0.026408,0.027681,0.028581,0.029112,0.029378,0.02955,0.029556,0.02964,0.030098,0.030989,0.032869,0.035689,0.039412,0.043247,0.047024,0.05026,0.052721,0.054561,0.055908,0.056925,0.057837,0.058441,0.059241,0.06053,0.062394,0.064417,0.066608,0.068824,0.071048,0.073154,0.075373,0.077451,0.079335,0.080876,0.081529,0.081491,0.08119,0.080912,0.080687,0.080458,0.07995,0.079077,0.077916,0.076582,0.075012,0.073275,0.071478,0.06962,0.067385,0.064695,0.061917,0.05902,0.056543,0.054684,0.053239,0.051706,0.05029,0.049215,0.048249,0.047554,0.047366,0.047926,0.049367,0.051181,0.053183,0.05536,0.057691,0.059959,0.061923,0.063374,0.063937,0.064476,0.065491,0.06734,0.070596,0.076083,0.083971,0.094088,0.10674,0.12196,0.13798,0.1542,0.17049,0.18694,0.20695,0.23149,0.25635,0.27895,0.29563,0.30539,0.30918,0.3098,0.30862,0.30649,0.30277,0.2949,0.27893,0.25248
0.020313,0.02047,0.021532,0.022543,0.02316,0.02338,0.023275,0.022946,0.02244,0.021968,0.021829,0.022327,0.023996,0.027048,0.031478,0.03675,0.0417,0.045968,0.049603,0.052524,0.054894,0.056996,0.059064,0.060909,0.062778,0.06488,0.067204,0.069604,0.071987,0.07446,0.077058,0.079921,0.083555,0.087696,0.092329,0.097359,0.10219,0.10697,0.11153,0.11593,0.11971,0.12282,0.12521,0.12645,0.12691,0.12679,0.12597,0.12489,0.12374,0.12243,0.1205,0.11756,0.11378,0.10886,0.10327,0.097287,0.091112,0.084461,0.078085,0.07241,0.066932,0.061902,0.057706,0.05473,0.052282,0.050284,0.048814,0.047974,0.047738,0.047789,0.047847,0.047668,0.046774,0.045707,0.044888,0.044512,0.045215,0.047645,0.051739,0.057254,0.064605,0.073912,0.084692,0.097312,0.11151,0.12715,0.14745,0.17286,0.19826,0.22204,0.24279,0.25965,0.27205,0.28138,0.28777,0.29149,0.29173,0.28606,0.27134,0.24521
0.025372,0.025386,0.026387,0.027457,0.028233,0.028667,0.028824,0.028762,0.028555,0.028477,0.028754,0.029523,0.030829,0.032881,0.035923,0.039538,0.043418,0.047258,0.050878,0.053931,0.056463,0.058462,0.060207,0.061495,0.062659,0.063921,0.065354,0.067049,0.0689,0.071116,0.073729,0.076715,0.081203,0.086531,0.09295,0.1002,0.10791,0.11621,0.12453,0.13377,0.14279,0.15091,0.15809,0.16336,0.16753,0.17107,0.17399,0.17605,0.17726,0.1773,0.17558,0.17194,0.16629,0.15833,0.14848,0.13727,0.12498,0.11202,0.099832,0.089017,0.0786,0.068829,0.06085,0.055445,0.051166,0.04784,0.045428,0.04397,0.043154,0.042592,0.041971,0.0412,0.039829,0.038238,0.036698,0.035561,0.035183,0.036236,0.038558,0.041921,0.046304,0.051673,0.057908,0.066141,0.076905,0.090357,0.10877,0.13143,0.15413,0.1762,0.19616,0.21277,0.22548,0.23505,0.24149,0.24472,0.24394,0.23734,0.22283,0.19918
0.039195,0.041304,0.043103,0.044018,0.044008,0.043331,0.042124,0.040444,0.038528,0.036819,0.035425,0.034345,0.033533,0.03347,0.034021,0.035197,0.037031,0.039391,0.042316,0.045508,0.048673,0.05154,0.054224,0.05638,0.058198,0.059618,0.060927,0.062231,0.063485,0.065133,0.067411,0.070611,0.075796,0.08224,0.090293,0.09997,0.11136,0.12468,0.13834,0.15294,0.16687,0.17926,0.19129,0.20214,0.21238,0.22231,0.2312,0.23829,0.24306,0.24497,0.2434,0.23814,0.22938,0.21684,0.20124,0.18354,0.16436,0.1444,0.12565,0.10897,0.093047,0.078026,0.065597,0.056854,0.049637,0.044042,0.040032,0.037236,0.035121,0.033425,0.031913,0.030526,0.029036,0.027747,0.026795,0.026258,0.026297,0.027132,0.028649,0.030924,0.033539,0.036079,0.038464,0.041878,0.046821,0.05379,0.064705,0.080045,0.096654,0.11395,0.13114,0.14711,0.1608,0.17244,0.18125,0.18668,0.18779,0.183,0.17029,0.14863
0.058367,0.063407,0.06695,0.068634,0.068688,0.067612,0.065708,0.063103,0.060041,0.057097,0.054277,0.05159,0.048894,0.046506,0.044107,0.042017,0.04085,0.040758,0.041719,0.043851,0.046727,0.049739,0.052558,0.05484,0.056745,0.058327,0.059782,0.06133,0.062898,0.064703,0.06706,0.070286,0.075548,0.082083,0.090233,0.10002,0.11204,0.12673,0.14177,0.158,0.17383,0.18848,0.20453,0.22079,0.23774,0.25431,0.26858,0.27954,0.2866,0.28936,0.28754,0.28096,0.26969,0.25375,0.23394,0.21135,0.1868,0.16128,0.13731,0.11612,0.096573,0.07881,0.064807,0.055054,0.046905,0.040752,0.036452,0.03311,0.030456,0.028168,0.026173,0.024398,0.022742,0.021458,0.020812,0.020836,0.021623,0.023159,0.025051,0.027132,0.029282,0.030834,0.031737,0.0329,0.034469,0.036554,0.040209,0.046608,0.054774,0.064687,0.076622,0.089419,0.10148,0.11285,0.12227,0.12897,0.13205,0.1303,0.12211,0.10667
0.095883,0.1076,0.11547,0.11923,0.11957,0.11763,0.11409,0.10926,0.10338,0.097216,0.090503,0.083216,0.075384,0.067593,0.059506,0.051608,0.045075,0.039975,0.036595,0.035338,0.035499,0.036519,0.038171,0.039814,0.041567,0.043332,0.045078,0.046971,0.049063,0.051426,0.054198,0.05772,0.062909,0.06928,0.077076,0.086475,0.098719,0.11458,0.13093,0.14821,0.16494,0.18096,0.19968,0.21888,0.23869,0.25802,0.27496,0.28797,0.29653,0.30034,0.29927,0.29312,0.28197,0.26571,0.24519,0.2215,0.19573,0.16888,0.14356,0.12122,0.10128,0.083771,0.070228,0.061057,0.053722,0.048137,0.04439,0.041387,0.039098,0.037227,0.03552,0.033997,0.032553,0.031393,0.030999,0.031482,0.032747,0.034443,0.035959,0.037169,0.037777,0.037288,0.036037,0.034819,0.033671,0.032709,0.032469,0.033196,0.035147,0.03788,0.042317,0.048128,0.054131,0.060492,0.066233,0.07075,0.07336,0.073433,0.070153,0.062878
0.13761,0.15608,0.1679,0.17318,0.17311,0.16939,0.16305,0.15458,0.14458,0.13407,0.12295,0.11126,0.099396,0.087962,0.076606,0.06552,0.055825,0.047666,0.041426,0.037707,0.035652,0.034998,0.035074,0.035246,0.035816,0.036514,0.037331,0.03828,0.039624,0.041796,0.044593,0.048179,0.053212,0.059469,0.067,0.07582,0.087365,0.10252,0.11825,0.13436,0.1495,0.16362,0.18003,0.19563,0.21048,0.225,0.23853,0.24994,0.25798,0.26218,0.26234,0.25807,0.24948,0.23639,0.21947,0.19957,0.17771,0.15455,0.13185,0.11131,0.09295,0.076804,0.064504,0.055707,0.049063,0.044535,0.042033,0.040396,0.039541,0.039186,0.038986,0.039112,0.03959,0.040639,0.042797,0.046283,0.05067,0.055591,0.059678,0.062456,0.063367,0.061789,0.05823,0.053741,0.048903,0.044115,0.03937,0.03558,0.033137,0.031501,0.031322,0.03233,0.033885,0.035956,0.037972,0.039612,0.040532,0.04047,0.039147,0.036568
0.16567,0.18686,0.19952,0.20426,0.20287,0.19744,0.18906,0.17825,0.16568,0.15246,0.13871,0.12472,0.11111,0.098604,0.086561,0.074876,0.064403,0.05533,0.047908,0.042347,0.038324,0.036041,0.034623,0.033693,0.033374,0.033608,0.03436,0.035468,0.037001,0.039288,0.042206,0.046107,0.051189,0.05764,0.065152,0.073642,0.084401,0.097822,0.11083,0.1231,0.13392,0.14309,0.15341,0.16244,0.17028,0.17717,0.1833,0.18863,0.19261,0.19467,0.19476,0.19253,0.18791,0.18068,0.17091,0.15891,0.14507,0.12971,0.11401,0.099327,0.086022,0.074683,0.066351,0.060149,0.055345,0.051934,0.050271,0.049602,0.049776,0.05061,0.051932,0.054102,0.057171,0.061415,0.067245,0.075216,0.084491,0.093958,0.1019,0.10728,0.10942,0.10759,0.10214,0.094163,0.084288,0.073183,0.061543,0.051546,0.044775,0.039238,0.035512,0.033184,0.031985,0.031618,0.031788,0.031947,0.031718,0.030826,0.029093,0.027034
0.1854,0.21073,0.22643,0.23265,0.23161,0.22562,0.21603,0.20361,0.18925,0.17394,0.15812,0.14229,0.12725,0.11358,0.10064,0.088063,0.076579,0.066201,0.057148,0.049634,0.043699,0.039519,0.036334,0.033887,0.032059,0.030724,0.029812,0.029106,0.028944,0.029613,0.030953,0.032907,0.035378,0.038979,0.043569,0.049223,0.056706,0.066111,0.075002,0.083156,0.090097,0.095689,0.10195,0.1076,0.11232,0.11629,0.11948,0.12186,0.12353,0.12441,0.12454,0.12376,0.12224,0.11987,0.11642,0.11204,0.10672,0.10009,0.092719,0.085601,0.079094,0.073615,0.069887,0.067214,0.065017,0.063643,0.063635,0.064689,0.066838,0.069941,0.074006,0.079237,0.08575,0.094027,0.10458,0.1179,0.13272,0.14713,0.15862,0.16606,0.16877,0.16616,0.15858,0.14715,0.13268,0.11603,0.097923,0.080922,0.067317,0.055077,0.045119,0.037772,0.032796,0.02935,0.027109,0.025388,0.023949,0.022463,0.020897,0.019849
0.17044,0.19095,0.20288,0.20661,0.20419,0.19769,0.18842,0.17711,0.16447,0.15111,0.13783,0.12496,0.11333,0.10333,0.093894,0.084577,0.075866,0.068069,0.061297,0.055881,0.051778,0.049107,0.047138,0.045511,0.044068,0.042821,0.041463,0.039912,0.03839,0.037428,0.036708,0.036272,0.036402,0.037385,0.039048,0.041231,0.044261,0.048165,0.051629,0.054657,0.056927,0.058589,0.060781,0.062724,0.06458,0.066472,0.068081,0.069383,0.07021,0.070296,0.069723,0.068635,0.067355,0.066242,0.065263,0.064651,0.064185,0.063541,0.062576,0.061837,0.061319,0.061499,0.062636,0.064233,0.066088,0.068182,0.071026,0.075141,0.080868,0.088519,0.097629,0.10846,0.12118,0.13562,0.15181,0.17039,0.19008,0.20866,0.2234,0.23265,0.23557,0.23164,0.22191,0.20762,0.19017,0.17061,0.1494,0.12936,0.1126,0.096512,0.081599,0.06832,0.057679,0.049298,0.043274,0.038851,0.035464,0.032445,0.029638,0.028029
0.13486,0.148,0.15572,0.15749,0.1547,0.14886,0.14093,0.13157,0.12143,0.11105,0.1012,0.092041,0.084017,0.077297,0.071334,0.065823,0.06079,0.056323,0.052577,0.049805,0.048194,0.047506,0.047197,0.046926,0.046655,0.046357,0.045749,0.044391,0.04254,0.040925,0.039284,0.037789,0.036412,0.035383,0.03484,0.034789,0.03522,0.035906,0.036167,0.036014,0.035562,0.034905,0.034768,0.034828,0.034991,0.035434,0.036038,0.036847,0.037652,0.038219,0.038547,0.038749,0.0392,0.04006,0.041407,0.043287,0.04577,0.048477,0.051161,0.054047,0.056722,0.059436,0.062256,0.065007,0.067894,0.070961,0.074678,0.08054,0.088479,0.098756,0.11107,0.1257,0.14277,0.16239,0.18453,0.20926,0.23549,0.26054,0.28139,0.29553,0.30181,0.29954,0.28963,0.27344,0.2525,0.22842,0.20277,0.17892,0.15853,0.13846,0.11909,0.10106,0.085267,0.071896,0.061522,0.053752,0.048422,0.044484,0.041425,0.039865
0.092837,0.10013,0.10451,0.10519,0.10317,0.099487,0.09472,0.089337,0.083835,0.078451,0.073596,0.069385,0.065777,0.062798,0.060018,0.057077,0.054215,0.05172,0.049583,0.048137,0.047565,0.047739,0.048403,0.049015,0.049471,0.049858,0.049837,0.048853,0.04705,0.044924,0.042356,0.03957,0.036698,0.034157,0.032153,0.030569,0.029126,0.027903,0.026651,0.02536,0.024217,0.023334,0.022886,0.02297,0.023453,0.024156,0.025044,0.026026,0.026943,0.027558,0.027989,0.028328,0.029009,0.030213,0.032016,0.034401,0.037299,0.040714,0.044171,0.047806,0.050901,0.053636,0.056166,0.05852,0.061026,0.063727,0.066856,0.072465,0.079948,0.089619,0.1013,0.11558,0.13265,0.15257,0.17555,0.20083,0.22765,0.25353,0.27622,0.29403,0.30626,0.31248,0.31282,0.30776,0.29775,0.28329,0.26418,0.24236,0.22064,0.19792,0.17567,0.15486,0.13636,0.12028,0.10742,0.097199,0.089435,0.082761,0.07614,0.069718
0.061889,0.065077,0.067371,0.067697,0.066467,0.064268,0.061465,0.058355,0.055282,0.052481,0.050035,0.048076,0.04651,0.0453,0.044163,0.043012,0.04185,0.041003,0.040905,0.041792,0.043661,0.046041,0.048773,0.051258,0.053371,0.055101,0.05614,0.056097,0.055044,0.05314,0.050341,0.047261,0.043906,0.040544,0.037567,0.03491,0.032487,0.030478,0.028998,0.027994,0.027528,0.027416,0.02748,0.028196,0.029274,0.030675,0.032296,0.034004,0.035606,0.036757,0.037345,0.037437,0.03739,0.03739,0.037654,0.038488,0.039887,0.041896,0.044124,0.04663,0.048675,0.050458,0.051774,0.052753,0.053793,0.054885,0.056288,0.059949,0.065537,0.073305,0.083326,0.095673,0.1107,0.12819,0.14845,0.17022,0.1932,0.21601,0.23722,0.25576,0.27206,0.28632,0.2981,0.30726,0.31343,0.31514,0.31099,0.30027,0.28381,0.26244,0.2387,0.21548,0.19504,0.17793,0.16442,0.15335,0.14422,0.13497,0.12365,0.11004
0.046893,0.048587,0.050313,0.050999,0.050786,0.049983,0.048961,0.047845,0.046753,0.045792,0.045166,0.045005,0.04526,0.045849,0.046515,0.047147,0.047738,0.048195,0.048892,0.050056,0.05177,0.053818,0.056082,0.05805,0.059716,0.061074,0.061972,0.062075,0.061362,0.059842,0.057363,0.054472,0.051371,0.04826,0.045265,0.042391,0.039722,0.037517,0.03603,0.035016,0.034907,0.035318,0.03593,0.037124,0.038716,0.040699,0.043135,0.045535,0.047481,0.048556,0.048717,0.04813,0.04708,0.045852,0.044721,0.04401,0.043951,0.044579,0.045404,0.046554,0.047373,0.047884,0.0483,0.048572,0.048974,0.049467,0.050325,0.05279,0.056565,0.06191,0.068826,0.077487,0.088256,0.10079,0.11579,0.13213,0.14979,0.16772,0.18486,0.20042,0.21529,0.23062,0.2463,0.26254,0.27901,0.29335,0.30347,0.30657,0.30155,0.28887,0.27084,0.25052,0.2315,0.21541,0.20279,0.19249,0.18347,0.17337,0.15968,0.14202
0.036142,0.036078,0.036836,0.037446,0.037698,0.037663,0.037592,0.037531,0.037483,0.03746,0.037662,0.038121,0.038985,0.040042,0.041172,0.042377,0.043656,0.045122,0.047085,0.049398,0.052207,0.055151,0.057942,0.060253,0.062246,0.063965,0.065333,0.065879,0.065759,0.064611,0.062411,0.059832,0.057324,0.054889,0.052654,0.050712,0.049426,0.049286,0.050742,0.053749,0.058474,0.064036,0.069961,0.076117,0.082276,0.088174,0.093994,0.099093,0.10278,0.1045,0.10434,0.10234,0.098725,0.093882,0.088446,0.082854,0.077602,0.073336,0.069383,0.065604,0.061926,0.058166,0.054659,0.051323,0.048436,0.045986,0.044459,0.044556,0.045882,0.048428,0.052085,0.056782,0.062948,0.070585,0.080481,0.091789,0.10425,0.11732,0.13047,0.14335,0.15689,0.17179,0.18732,0.20307,0.21969,0.23585,0.25076,0.26209,0.26769,0.26734,0.26164,0.25254,0.24298,0.23405,0.2265,0.21981,0.21273,0.20273,0.18711,0.16595
0.033661,0.032343,0.03286,0.03357,0.034112,0.034466,0.034817,0.035202,0.035479,0.035698,0.03609,0.036652,0.037428,0.038328,0.039162,0.040078,0.041219,0.042779,0.044957,0.047536,0.050505,0.053636,0.056743,0.059545,0.062151,0.064515,0.066689,0.068566,0.070012,0.070539,0.069904,0.068753,0.067478,0.066474,0.065899,0.065756,0.066923,0.069771,0.07452,0.081218,0.090336,0.1006,0.11134,0.12236,0.13284,0.14264,0.15189,0.1594,0.16451,0.16684,0.16643,0.16335,0.15759,0.14958,0.13967,0.12864,0.11734,0.10709,0.097421,0.08864,0.080687,0.073315,0.066573,0.060622,0.055445,0.051274,0.048215,0.046259,0.045176,0.044807,0.044709,0.045118,0.046,0.04754,0.050541,0.055111,0.061332,0.068747,0.07746,0.086905,0.097889,0.1109,0.12495,0.13963,0.15456,0.16821,0.18044,0.19049,0.19749,0.20174,0.20367,0.20404,0.20461,0.20535,0.20578,0.20553,0.20348,0.19752,0.18503,0.16584
0.037812,0.038015,0.039439,0.040886,0.042287,0.043678,0.045177,0.046731,0.04793,0.048642,0.048976,0.048761,0.048348,0.048091,0.047894,0.047651,0.047639,0.047967,0.048726,0.049655,0.05082,0.052084,0.053246,0.05403,0.054797,0.055705,0.056942,0.058365,0.059802,0.060891,0.061408,0.061728,0.062033,0.062752,0.064211,0.066599,0.070894,0.077397,0.086714,0.098741,0.11403,0.13071,0.14808,0.1653,0.18146,0.19597,0.20923,0.22018,0.22857,0.23396,0.2355,0.23261,0.22506,0.21327,0.19822,0.18092,0.16269,0.14501,0.12798,0.1118,0.097996,0.085944,0.075733,0.067559,0.061232,0.05679,0.05383,0.051454,0.049331,0.04713,0.044771,0.042389,0.039928,0.037681,0.036294,0.035945,0.036788,0.038869,0.042483,0.047601,0.05442,0.063048,0.072667,0.082927,0.09364,0.10393,0.11369,0.12252,0.12956,0.13472,0.13854,0.1418,0.14653,0.1519,0.1571,0.16163,0.16433,0.1632,0.15591,0.14206
0.050474,0.052229,0.054629,0.056933,0.059012,0.060972,0.063005,0.064976,0.066177,0.066395,0.06571,0.063933,0.061535,0.058889,0.05608,0.053083,0.050371,0.048159,0.046335,0.044758,0.043601,0.042841,0.042108,0.041341,0.040826,0.040641,0.04075,0.041352,0.042398,0.043804,0.045362,0.047432,0.050047,0.053595,0.058138,0.063795,0.071811,0.082876,0.097431,0.11512,0.13601,0.15822,0.18105,0.20336,0.22435,0.2442,0.26408,0.28311,0.29987,0.31222,0.31824,0.31715,0.30831,0.29235,0.27026,0.24369,0.21504,0.18692,0.15949,0.13411,0.11281,0.09482,0.080255,0.069077,0.060723,0.054826,0.050709,0.047355,0.044717,0.042436,0.040129,0.037645,0.034873,0.031999,0.029565,0.028011,0.027184,0.027183,0.028173,0.030035,0.033289,0.037835,0.04306,0.048651,0.054425,0.059719,0.064399,0.068727,0.07221,0.075014,0.077625,0.080379,0.084847,0.090202,0.095623,0.10084,0.10501,0.10675,0.10463,0.098552
0.064038,0.06773,0.071226,0.074128,0.076415,0.078358,0.080146,0.081551,0.081943,0.081055,0.078906,0.075281,0.070664,0.065582,0.060216,0.054686,0.049654,0.04553,0.041904,0.038909,0.036654,0.035211,0.034392,0.033742,0.033404,0.033294,0.033471,0.034073,0.034807,0.035633,0.036772,0.038734,0.041449,0.045344,0.05069,0.057589,0.066819,0.07953,0.096294,0.11637,0.13935,0.16318,0.1871,0.2099,0.2318,0.25344,0.27516,0.29666,0.31653,0.33242,0.34217,0.34443,0.3382,0.32347,0.3009,0.27222,0.23979,0.2062,0.17251,0.14104,0.11515,0.094473,0.078512,0.067255,0.059092,0.053571,0.050023,0.047559,0.045791,0.04442,0.043062,0.041453,0.039354,0.036918,0.034411,0.032707,0.031541,0.030944,0.030981,0.031534,0.032962,0.035074,0.03761,0.040239,0.042942,0.045434,0.04742,0.049164,0.050764,0.052501,0.054481,0.056792,0.060199,0.064122,0.068089,0.071665,0.074364,0.075487,0.074219,0.070304
0.0861,0.093634,0.099689,0.10405,0.10714,0.10955,0.11142,0.11269,0.11278,0.11132,0.10802,0.1028,0.096064,0.088628,0.081029,0.073081,0.065795,0.059798,0.054298,0.049423,0.045255,0.041618,0.03849,0.035839,0.03374,0.032246,0.031525,0.03128,0.03145,0.031981,0.033078,0.035194,0.03845,0.042952,0.04874,0.056106,0.065481,0.07807,0.094266,0.11238,0.132,0.15159,0.17039,0.18748,0.2032,0.21823,0.23485,0.25353,0.27418,0.29365,0.30894,0.31815,0.31977,0.31289,0.29752,0.2746,0.24594,0.21377,0.17993,0.14739,0.11955,0.097126,0.080352,0.069652,0.062483,0.057699,0.054326,0.051744,0.049675,0.048086,0.046651,0.045208,0.043236,0.040761,0.038311,0.03691,0.036184,0.035742,0.035943,0.036339,0.037244,0.038463,0.039795,0.041151,0.042191,0.042712,0.042909,0.043014,0.043065,0.043219,0.043414,0.04358,0.044375,0.045614,0.046828,0.047929,0.048492,0.048214,0.047156,0.045871
0.10809,0.12181,0.13242,0.13961,0.14414,0.147,0.14852,0.14882,0.14772,0.14497,0.14042,0.13408,0.12625,0.11758,0.1087,0.099632,0.09141,0.084517,0.077939,0.071491,0.065528,0.060077,0.055202,0.050784,0.04716,0.044285,0.041938,0.040012,0.038688,0.037849,0.037566,0.038347,0.040182,0.043468,0.048334,0.054529,0.06201,0.071869,0.083941,0.096362,0.10868,0.11996,0.12954,0.13712,0.14338,0.14952,0.15674,0.16643,0.17946,0.19449,0.20942,0.22209,0.23111,0.2346,0.23158,0.22191,0.20635,0.18566,0.16132,0.13622,0.11318,0.094821,0.08158,0.073325,0.06805,0.064455,0.061677,0.059105,0.056701,0.054667,0.053034,0.051846,0.050801,0.049876,0.049404,0.049906,0.051158,0.052451,0.054199,0.056008,0.057953,0.059584,0.060947,0.062231,0.062984,0.063073,0.062404,0.061417,0.060317,0.059387,0.058521,0.0575,0.056394,0.055297,0.054109,0.052836,0.05109,0.048427,0.044683,0.040956
0.11422,0.12782,0.13861,0.14545,0.14906,0.15073,0.15111,0.15052,0.14909,0.14677,0.1435,0.13934,0.1344,0.12911,0.12376,0.11809,0.11271,0.10801,0.1034,0.098341,0.092967,0.08748,0.082046,0.076542,0.071532,0.066972,0.062562,0.058564,0.055614,0.053312,0.051573,0.050925,0.051362,0.053317,0.056348,0.059895,0.06367,0.06828,0.073401,0.07779,0.081589,0.084848,0.087132,0.088649,0.089986,0.092535,0.097087,0.10437,0.11326,0.12284,0.13224,0.14089,0.14854,0.1542,0.15689,0.15593,0.15091,0.1418,0.12831,0.11268,0.09687,0.084385,0.076069,0.071916,0.069928,0.068702,0.067806,0.067224,0.066994,0.066908,0.066952,0.067412,0.068271,0.06986,0.072773,0.076968,0.081875,0.086466,0.090891,0.094685,0.097828,0.099966,0.10132,0.10203,0.10183,0.10072,0.098973,0.096959,0.094568,0.092126,0.089267,0.085831,0.08166,0.077156,0.072395,0.067896,0.063207,0.057806,0.051577,0.045314
0.10368,0.1113,0.11747,0.12098,0.12237,0.12249,0.122,0.12126,0.12054,0.12006,0.11978,0.11966,0.11983,0.12046,0.12141,0.12209,0.12262,0.12296,0.12251,0.12091,0.11837,0.11507,0.11128,0.10692,0.10222,0.097212,0.091839,0.086252,0.081453,0.077336,0.073427,0.070319,0.068523,0.067675,0.067,0.066311,0.065383,0.06445,0.063531,0.061985,0.059905,0.057397,0.054438,0.051486,0.049461,0.048714,0.049491,0.052746,0.058157,0.065234,0.073297,0.081396,0.089046,0.095265,0.099619,0.10171,0.1012,0.098174,0.09204,0.084401,0.075668,0.0692,0.06584,0.06486,0.065417,0.066327,0.066969,0.067583,0.068208,0.069154,0.070584,0.073063,0.076838,0.081985,0.088925,0.097153,0.1059,0.11404,0.122,0.12899,0.13502,0.13959,0.14309,0.14549,0.1466,0.1464,0.14502,0.14276,0.13963,0.13582,0.13116,0.12536,0.11809,0.11045,0.10278,0.095875,0.088681,0.08049,0.070662,0.059787
0.0747,0.071529,0.071226,0.070928,0.070416,0.069908,0.069757,0.070098,0.071129,0.072994,0.075794,0.079578,0.084335,0.090206,0.096993,0.10451,0.11225,0.11988,0.12678,0.13246,0.13669,0.13952,0.14098,0.141,0.13964,0.13689,0.1328,0.12702,0.12063,0.11351,0.10506,0.096462,0.089037,0.083354,0.078577,0.074031,0.069324,0.06418,0.058739,0.053248,0.048188,0.043651,0.039477,0.035888,0.033205,0.031745,0.03182,0.033642,0.036698,0.040374,0.04432,0.048227,0.052307,0.056459,0.060483,0.064277,0.067867,0.070709,0.072172,0.073202,0.073403,0.0747,0.077324,0.080956,0.084991,0.088833,0.092133,0.095116,0.097898,0.10067,0.10373,0.10758,0.11233,0.11825,0.12562,0.13388,0.14229,0.1501,0.15734,0.16343,0.16823,0.17162,0.1738,0.17491,0.17475,0.17352,0.17137,0.16846,0.16516,0.16165,0.15765,0.15283,0.14653,0.13966,0.1326,0.12579,0.11823,0.10894,0.097052,0.082913
0.063334,0.070773,0.077787,0.082969,0.086559,0.08906,0.090675,0.091441,0.09183,0.092334,0.092999,0.093839,0.095121,0.096865,0.097561,0.096961,0.094993,0.091837,0.087884,0.083506,0.078883,0.074924,0.07188,0.069932,0.069479,0.069856,0.070715,0.071749,0.072713,0.073803,0.074995,0.07624,0.077209,0.077807,0.077822,0.076768,0.074949,0.073253,0.071984,0.070192,0.067774,0.064579,0.060882,0.057625,0.055337,0.053526,0.052053,0.051232,0.051005,0.051127,0.051689,0.052253,0.053572,0.055635,0.059153,0.064517,0.072147,0.082059,0.092932,0.10421,0.11512,0.12588,0.13542,0.1429,0.14813,0.15168,0.15352,0.1537,0.15256,0.15026,0.1471,0.14332,0.1394,0.13576,0.13287,0.13,0.12699,0.12454,0.12275,0.12214,0.1227,0.12513,0.12807,0.13112,0.13378,0.13583,0.1372,0.13862,0.13989,0.14067,0.14135,0.1423,0.14312,0.1433,0.14268,0.1411,0.13806,0.13244,0.12351,0.11284
0.045838,0.051248,0.056698,0.06066,0.063004,0.064102,0.064162,0.063287,0.06178,0.060466,0.0596,0.059616,0.060701,0.063102,0.065735,0.067537,0.068345,0.067921,0.066437,0.064316,0.061352,0.058397,0.055935,0.05413,0.053106,0.052325,0.052036,0.052283,0.053287,0.055288,0.058089,0.061767,0.065922,0.070826,0.075898,0.080797,0.08591,0.091439,0.097505,0.10261,0.10599,0.10675,0.10483,0.10161,0.098137,0.094181,0.090352,0.08717,0.085147,0.083727,0.082461,0.081231,0.080357,0.079841,0.079881,0.080905,0.083644,0.088683,0.096642,0.10629,0.11674,0.1281,0.13907,0.14846,0.15534,0.15966,0.16112,0.15955,0.15542,0.14916,0.14133,0.13262,0.12404,0.11592,0.10882,0.10214,0.095656,0.09027,0.08633,0.084138,0.083557,0.08527,0.088395,0.092772,0.097981,0.10395,0.11039,0.11741,0.12483,0.13203,0.13904,0.14576,0.15186,0.15669,0.16005,0.16146,0.16026,0.15482,0.14419,0.1293
0.031725,0.032178,0.03346,0.034441,0.034788,0.034599,0.033931,0.03301,0.03208,0.031582,0.031579,0.032684,0.035335,0.039328,0.043602,0.047375,0.050358,0.052369,0.053163,0.052873,0.051456,0.049608,0.04775,0.046199,0.045382,0.045295,0.04594,0.047501,0.050688,0.05521,0.061119,0.068311,0.07633,0.084924,0.093928,0.10338,0.11498,0.12742,0.14044,0.15217,0.16142,0.16702,0.16883,0.16759,0.16506,0.1613,0.15716,0.15296,0.14929,0.14554,0.14131,0.13644,0.13043,0.12348,0.11647,0.10961,0.1039,0.1002,0.10046,0.10254,0.10629,0.1119,0.11821,0.1243,0.12913,0.13243,0.13351,0.13204,0.12825,0.12245,0.1151,0.10675,0.098423,0.090588,0.083607,0.076998,0.070467,0.064451,0.059375,0.055998,0.05437,0.055107,0.05747,0.061156,0.066001,0.072678,0.08117,0.09156,0.10362,0.11609,0.1285,0.14034,0.15095,0.15958,0.16594,0.16967,0.16964,0.16405,0.15181,0.13327
0.036861,0.035867,0.035077,0.034203,0.033072,0.031717,0.030393,0.029296,0.028132,0.027075,0.026193,0.026002,0.026762,0.028427,0.030572,0.032644,0.034537,0.0361,0.037106,0.037738,0.037468,0.036964,0.036376,0.03601,0.03628,0.037431,0.039477,0.042329,0.047159,0.053263,0.060828,0.069757,0.080093,0.091782,0.10498,0.12054,0.14101,0.16349,0.1874,0.21005,0.23009,0.24548,0.25562,0.26117,0.26313,0.26196,0.25835,0.25283,0.24628,0.23789,0.22746,0.21567,0.20157,0.18537,0.16787,0.14992,0.13314,0.11889,0.10986,0.103,0.098004,0.094933,0.09319,0.092282,0.091524,0.090554,0.088582,0.085227,0.080745,0.075075,0.068592,0.061883,0.055657,0.049946,0.045138,0.04099,0.037228,0.034265,0.032301,0.031487,0.032017,0.034143,0.036816,0.040169,0.044189,0.049453,0.055946,0.063589,0.072828,0.082803,0.092775,0.10229,0.11103,0.11862,0.12491,0.12954,0.13148,0.12917,0.12171,0.10933
0.051815,0.051109,0.049275,0.04662,0.043507,0.040428,0.037881,0.036119,0.034415,0.032591,0.030481,0.028435,0.026604,0.02519,0.024549,0.024488,0.024583,0.02507,0.025515,0.026012,0.025987,0.025933,0.025986,0.0263,0.027319,0.029242,0.031695,0.034748,0.039602,0.045602,0.053302,0.06307,0.074732,0.088274,0.10397,0.12366,0.15024,0.17963,0.21105,0.24284,0.27398,0.30196,0.32534,0.34244,0.35318,0.35795,0.3568,0.35015,0.33882,0.32354,0.30435,0.28288,0.25804,0.23045,0.20096,0.17097,0.14273,0.11833,0.10154,0.087828,0.077103,0.069058,0.063647,0.060503,0.058079,0.055814,0.053244,0.050046,0.046384,0.042235,0.037879,0.033752,0.03011,0.026983,0.024625,0.023027,0.02185,0.0214,0.021473,0.022272,0.023614,0.025395,0.027099,0.029023,0.031226,0.034138,0.037734,0.042078,0.047587,0.054006,0.060335,0.066358,0.071761,0.076633,0.0808,0.08409,0.08594,0.085365,0.08218,0.076656
0.083854,0.087145,0.086457,0.082858,0.077782,0.07232,0.067466,0.063907,0.060323,0.056338,0.051671,0.046513,0.041071,0.035689,0.031355,0.028454,0.026645,0.025746,0.025118,0.024709,0.024077,0.023655,0.023467,0.023497,0.023869,0.024885,0.026367,0.02839,0.031903,0.03677,0.044074,0.053866,0.065839,0.079512,0.095112,0.11501,0.14217,0.17232,0.20506,0.23919,0.27347,0.30531,0.33392,0.35756,0.37482,0.38543,0.38902,0.38567,0.37584,0.36026,0.33978,0.31576,0.28725,0.25489,0.21989,0.1844,0.15115,0.12294,0.10234,0.085116,0.071218,0.060127,0.051755,0.046156,0.041911,0.038387,0.03515,0.032071,0.029089,0.026199,0.023375,0.020838,0.018846,0.017176,0.015769,0.014807,0.014205,0.014277,0.015186,0.016736,0.01857,0.020534,0.022029,0.023417,0.024755,0.026319,0.028043,0.030058,0.032829,0.036471,0.040264,0.043955,0.047202,0.050199,0.052768,0.054923,0.056334,0.056512,0.055499,0.053739
0.13736,0.14832,0.15178,0.14911,0.14284,0.1349,0.12685,0.11987,0.11223,0.10349,0.093395,0.0819,0.069578,0.057372,0.047036,0.039866,0.034826,0.031367,0.02887,0.027123,0.025645,0.024382,0.023467,0.023023,0.023176,0.024009,0.025359,0.027301,0.030359,0.034304,0.040348,0.048908,0.059699,0.072069,0.085963,0.1037,0.12754,0.15398,0.18232,0.21185,0.24206,0.27084,0.29744,0.32035,0.33815,0.3505,0.35655,0.35587,0.34847,0.33516,0.3171,0.29478,0.26788,0.23673,0.20246,0.16754,0.13455,0.10702,0.086299,0.06927,0.055628,0.044566,0.036176,0.030974,0.027308,0.024494,0.022226,0.020472,0.019102,0.017959,0.016989,0.016322,0.015982,0.015915,0.016202,0.017052,0.018468,0.02053,0.023313,0.026295,0.029143,0.03162,0.033121,0.034191,0.034737,0.034939,0.03481,0.034522,0.034377,0.034931,0.035748,0.036679,0.037516,0.038537,0.039618,0.040647,0.041383,0.041525,0.041114,0.040734
0.20333,0.22386,0.23283,0.2318,0.22443,0.21364,0.20152,0.18968,0.17635,0.16103,0.14346,0.12359,0.10218,0.080618,0.061834,0.048928,0.039942,0.033595,0.028958,0.025548,0.022928,0.02094,0.019605,0.019103,0.01952,0.020539,0.02205,0.024236,0.027227,0.031076,0.036665,0.044269,0.053784,0.064855,0.07723,0.093008,0.11369,0.13636,0.16028,0.18535,0.2112,0.23537,0.25726,0.27557,0.28919,0.29787,0.30134,0.2996,0.29245,0.28086,0.26618,0.24782,0.22576,0.19994,0.17142,0.14221,0.11401,0.089988,0.071094,0.056051,0.044702,0.035718,0.029101,0.025103,0.02236,0.020587,0.019157,0.01808,0.017296,0.016715,0.016277,0.016189,0.016446,0.017106,0.018272,0.019919,0.022159,0.025231,0.029358,0.034028,0.038742,0.042829,0.04538,0.047326,0.048201,0.047944,0.046588,0.044499,0.042015,0.039918,0.038173,0.03656,0.035236,0.034397,0.033893,0.03366,0.033573,0.033396,0.033235,0.033659
0.26931,0.29843,0.31159,0.31192,0.30426,0.29216,0.27781,0.26263,0.24514,0.22467,0.20111,0.17461,0.14624,0.11743,0.09129,0.072635,0.058809,0.048245,0.040361,0.034448,0.030043,0.026422,0.023375,0.020924,0.019357,0.018383,0.018192,0.018655,0.019735,0.021663,0.025189,0.030713,0.037924,0.046375,0.05561,0.067188,0.082049,0.098469,0.11564,0.13364,0.15259,0.1701,0.18563,0.19818,0.20695,0.21207,0.21321,0.21077,0.20508,0.19666,0.18649,0.17364,0.15817,0.1399,0.11956,0.099071,0.079537,0.06342,0.051317,0.042274,0.035436,0.03005,0.0258,0.023067,0.020944,0.019425,0.01827,0.017517,0.017332,0.017686,0.018535,0.019834,0.021442,0.023409,0.026088,0.02943,0.033747,0.038968,0.04592,0.053792,0.061958,0.069163,0.074103,0.07763,0.079117,0.078285,0.075192,0.070131,0.063898,0.057998,0.05279,0.048048,0.044164,0.041103,0.038769,0.036865,0.035222,0.033597,0.032091,0.031674
0.30789,0.34395,0.36171,0.36468,0.35835,0.34657,0.33116,0.31357,0.29274,0.26807,0.23981,0.20821,0.17451,0.14041,0.10934,0.086955,0.070808,0.058714,0.049772,0.042755,0.037419,0.032903,0.02877,0.024957,0.021681,0.018851,0.016907,0.015973,0.015739,0.016362,0.01824,0.021762,0.026693,0.032861,0.039427,0.047481,0.057479,0.068527,0.080193,0.0928,0.10663,0.1192,0.1302,0.139,0.14514,0.14856,0.14886,0.14628,0.14089,0.13309,0.12414,0.1132,0.10064,0.086274,0.071165,0.057083,0.044874,0.035596,0.029117,0.025095,0.022906,0.021694,0.020791,0.020103,0.01942,0.01892,0.018708,0.018994,0.019846,0.021186,0.023132,0.02561,0.02857,0.032252,0.037143,0.043533,0.051388,0.060391,0.071393,0.083389,0.095921,0.10757,0.11621,0.1224,0.12518,0.12392,0.11842,0.10917,0.097154,0.084538,0.073222,0.063114,0.055007,0.048734,0.04418,0.040731,0.038065,0.035854,0.03389,0.03278
0.29547,0.32908,0.34689,0.35193,0.34903,0.3413,0.33011,0.31615,0.29831,0.27574,0.24876,0.21783,0.18488,0.15153,0.12071,0.098139,0.082071,0.069853,0.060871,0.053858,0.048271,0.043177,0.038377,0.033734,0.029189,0.025127,0.022007,0.019927,0.01852,0.017861,0.017939,0.019114,0.021458,0.024598,0.027975,0.032076,0.037178,0.043179,0.050046,0.057976,0.067335,0.076274,0.084258,0.090798,0.095518,0.098227,0.098618,0.096713,0.092688,0.086948,0.080578,0.072876,0.064293,0.054785,0.045185,0.036848,0.030304,0.025699,0.022566,0.020904,0.02022,0.020317,0.020524,0.020576,0.020487,0.020359,0.020555,0.021331,0.022635,0.024584,0.027354,0.030903,0.035094,0.040381,0.047564,0.05691,0.068524,0.081325,0.095909,0.1115,0.12811,0.14414,0.15663,0.1656,0.16992,0.16905,0.16263,0.15131,0.13622,0.1195,0.1042,0.090284,0.079125,0.07037,0.063689,0.058422,0.054146,0.050273,0.046336,0.042782
0.25138,0.28043,0.29829,0.30639,0.30845,0.30677,0.30217,0.29497,0.28386,0.26787,0.24682,0.22089,0.19145,0.16012,0.13028,0.10731,0.090415,0.077715,0.068713,0.061544,0.055542,0.050048,0.044853,0.039675,0.034684,0.03,0.026067,0.022922,0.020071,0.017604,0.015505,0.014162,0.013715,0.014082,0.015069,0.016774,0.018965,0.021645,0.024803,0.028396,0.032657,0.036603,0.040073,0.043047,0.04534,0.046704,0.046913,0.046031,0.044127,0.041367,0.038547,0.035231,0.031715,0.027978,0.024654,0.022331,0.020842,0.020229,0.020203,0.020882,0.022147,0.02384,0.025466,0.02673,0.027731,0.02861,0.029721,0.031204,0.03315,0.035886,0.03967,0.044391,0.050001,0.056862,0.065605,0.076457,0.089326,0.10335,0.11948,0.1375,0.15789,0.17901,0.19682,0.21046,0.21849,0.21982,0.2136,0.20058,0.18288,0.1623,0.14353,0.1265,0.11287,0.10197,0.093298,0.086253,0.080307,0.074577,0.068099,0.060713
0.19538,0.22145,0.23844,0.24735,0.25103,0.25162,0.24977,0.24566,0.23824,0.22686,0.21155,0.19245,0.17117,0.14876,0.12749,0.11077,0.098589,0.089306,0.082697,0.076956,0.071349,0.065694,0.05988,0.053913,0.048065,0.042399,0.037697,0.033772,0.030181,0.026817,0.023574,0.020724,0.018516,0.017281,0.016837,0.016744,0.016809,0.01722,0.017952,0.01895,0.020353,0.021651,0.022776,0.023693,0.024288,0.024368,0.023818,0.022777,0.021377,0.019745,0.018186,0.016585,0.015166,0.013922,0.013236,0.013391,0.014494,0.01609,0.017984,0.020234,0.02284,0.025486,0.027755,0.029413,0.030688,0.0316,0.032697,0.034344,0.036543,0.039485,0.043326,0.048027,0.05348,0.060214,0.068653,0.079097,0.091431,0.10497,0.12063,0.1387,0.16044,0.18503,0.20822,0.22802,0.24229,0.24985,0.24937,0.2409,0.22618,0.20683,0.1885,0.17086,0.15596,0.14375,0.13377,0.12551,0.11834,0.11096,0.1019,0.091013
0.13341,0.15242,0.16527,0.1726,0.17644,0.17823,0.17856,0.17748,0.17413,0.16818,0.15964,0.14869,0.13692,0.12499,0.11312,0.10354,0.096644,0.091664,0.088337,0.08541,0.082136,0.078431,0.074346,0.069798,0.064864,0.059821,0.055357,0.051221,0.046906,0.042406,0.037533,0.032521,0.027838,0.024188,0.021813,0.020053,0.018749,0.01784,0.017358,0.017122,0.016955,0.016788,0.01663,0.016478,0.016286,0.015926,0.015411,0.014898,0.014444,0.014003,0.013656,0.013259,0.013093,0.013084,0.013608,0.014659,0.016453,0.018611,0.021041,0.023829,0.026824,0.029639,0.031845,0.033177,0.034396,0.035397,0.036611,0.038268,0.040279,0.042717,0.046028,0.050002,0.054572,0.06039,0.067732,0.076679,0.087409,0.099488,0.11372,0.13032,0.15063,0.17548,0.20086,0.22488,0.24581,0.26211,0.27238,0.27522,0.27097,0.25884,0.2444,0.22969,0.2176,0.20738,0.19846,0.19033,0.18225,0.17236,0.15846,0.14021
0.07773,0.086833,0.093031,0.096653,0.098665,0.099761,0.10023,0.10019,0.098966,0.096324,0.092274,0.087009,0.0823,0.078429,0.075862,0.074726,0.074814,0.075275,0.076016,0.076453,0.075981,0.07484,0.073278,0.071078,0.068662,0.066017,0.063804,0.061532,0.05878,0.055622,0.051852,0.047673,0.043418,0.039549,0.036776,0.034346,0.031851,0.02968,0.027975,0.02663,0.02558,0.024789,0.024082,0.023431,0.022663,0.021745,0.02042,0.018965,0.017521,0.016251,0.015097,0.013886,0.012776,0.011672,0.011122,0.01137,0.012652,0.014444,0.016458,0.018641,0.02091,0.023163,0.025154,0.026627,0.028269,0.029856,0.031828,0.034181,0.03702,0.040406,0.044378,0.04857,0.052586,0.05716,0.062792,0.069629,0.078035,0.088322,0.10112,0.11682,0.13677,0.16227,0.18984,0.21747,0.24451,0.27037,0.29494,0.31609,0.33063,0.33469,0.32965,0.31753,0.30294,0.28864,0.27603,0.26518,0.255,0.2428,0.22527,0.202
0.041683,0.045119,0.04783,0.049509,0.050396,0.050732,0.050702,0.050423,0.049694,0.04864,0.04747,0.046416,0.046598,0.048135,0.050554,0.053837,0.057795,0.061623,0.06527,0.068252,0.070365,0.071714,0.072562,0.072566,0.072255,0.071984,0.072034,0.072062,0.071621,0.070734,0.069307,0.067313,0.065111,0.063079,0.0615,0.059973,0.057943,0.05561,0.053212,0.050799,0.048526,0.046825,0.045279,0.043549,0.041684,0.03971,0.037445,0.034982,0.032387,0.02983,0.027077,0.024232,0.021588,0.019452,0.01841,0.018417,0.019321,0.020381,0.021482,0.022527,0.023393,0.024176,0.024921,0.025655,0.026829,0.028233,0.029881,0.031958,0.034461,0.037158,0.039989,0.042751,0.045045,0.04761,0.050795,0.0548,0.059995,0.066821,0.075875,0.087513,0.1029,0.12336,0.1462,0.17014,0.19499,0.22114,0.25154,0.28685,0.32115,0.34813,0.3644,0.3702,0.36857,0.36294,0.35544,0.3475,0.33871,0.32605,0.30531,0.27409
0.027876,0.030182,0.032416,0.034064,0.035031,0.035402,0.035322,0.034963,0.034142,0.033011,0.031891,0.031052,0.031598,0.033789,0.037231,0.041434,0.046048,0.050603,0.055349,0.059884,0.063798,0.067266,0.070366,0.07265,0.07431,0.075667,0.077132,0.0785,0.079478,0.080569,0.081545,0.082196,0.082777,0.083016,0.083475,0.083747,0.083105,0.081661,0.079984,0.078179,0.076384,0.075083,0.073609,0.071528,0.068865,0.065676,0.061846,0.057681,0.053484,0.049551,0.045529,0.041676,0.038202,0.03504,0.032669,0.03105,0.030021,0.029247,0.028848,0.028799,0.028707,0.028746,0.028991,0.029316,0.029872,0.030519,0.031351,0.032606,0.034304,0.036252,0.038237,0.039925,0.040804,0.041448,0.042349,0.043619,0.045698,0.049255,0.054768,0.062364,0.073059,0.087848,0.10505,0.12389,0.14449,0.16718,0.19577,0.23129,0.26971,0.30786,0.33904,0.36083,0.37385,0.38087,0.38348,0.38285,0.37855,0.36747,0.34474,0.30693
0.022582,0.023259,0.024253,0.024995,0.025333,0.025271,0.024893,0.024253,0.023463,0.022673,0.022059,0.021768,0.022589,0.024821,0.028487,0.033066,0.038001,0.042871,0.048009,0.053048,0.057914,0.062499,0.066821,0.070574,0.074099,0.077576,0.081212,0.085125,0.088776,0.092213,0.095416,0.098193,0.10162,0.10507,0.10896,0.11315,0.11693,0.12031,0.1233,0.12552,0.12694,0.12791,0.12791,0.12638,0.12356,0.11981,0.1152,0.1101,0.1049,0.1001,0.094912,0.089229,0.083195,0.07667,0.070057,0.06353,0.057292,0.051178,0.045949,0.041782,0.037917,0.034402,0.031599,0.029905,0.02862,0.027694,0.027317,0.027586,0.028234,0.028998,0.029631,0.029838,0.029364,0.028788,0.028282,0.028156,0.02872,0.030592,0.033917,0.038684,0.045779,0.055747,0.067953,0.082824,0.10041,0.12055,0.14685,0.18023,0.21559,0.25118,0.28328,0.30934,0.32827,0.34185,0.35061,0.35507,0.3546,0.34654,0.32653,0.29134
0.026092,0.026308,0.027042,0.027554,0.02759,0.027224,0.026521,0.025582,0.024533,0.023694,0.023075,0.022664,0.02279,0.023854,0.026076,0.029383,0.033082,0.03718,0.041867,0.046651,0.051541,0.05632,0.060878,0.065081,0.069089,0.073184,0.077364,0.082173,0.087094,0.09208,0.097264,0.10285,0.11015,0.11811,0.12713,0.1369,0.14686,0.15701,0.16637,0.17482,0.1815,0.18637,0.18952,0.19046,0.18982,0.18772,0.18407,0.17899,0.17306,0.16678,0.15906,0.14976,0.13914,0.12705,0.11413,0.10123,0.088663,0.076676,0.066368,0.05818,0.050725,0.043805,0.038327,0.034699,0.031681,0.029243,0.027783,0.026972,0.026664,0.026575,0.026493,0.026247,0.025378,0.024303,0.023371,0.022556,0.022109,0.022383,0.023418,0.025349,0.028281,0.032833,0.039211,0.048293,0.060352,0.075533,0.096336,0.12272,0.1506,0.17918,0.20541,0.22743,0.24433,0.2576,0.26692,0.27214,0.27266,0.26662,0.25155,0.22588
0.042359,0.04399,0.04518,0.045464,0.044797,0.043377,0.041346,0.038804,0.035961,0.033249,0.030612,0.028081,0.02572,0.024023,0.023126,0.023127,0.024047,0.02581,0.028906,0.033058,0.037766,0.04262,0.047534,0.052342,0.057065,0.061898,0.067005,0.073201,0.079737,0.086731,0.094159,0.10245,0.11305,0.12481,0.13801,0.15219,0.16749,0.18375,0.19901,0.21344,0.22576,0.23607,0.24491,0.25086,0.25373,0.25357,0.25036,0.2445,0.23703,0.22874,0.21855,0.20626,0.19189,0.17535,0.15708,0.13802,0.11876,0.099721,0.083196,0.070007,0.058221,0.047629,0.039606,0.034551,0.030396,0.027294,0.025327,0.024004,0.023173,0.022564,0.022024,0.02129,0.020163,0.018789,0.017407,0.016216,0.015332,0.015139,0.015481,0.016557,0.018568,0.021041,0.023798,0.027822,0.033644,0.04182,0.054392,0.071827,0.091071,0.11159,0.13177,0.14986,0.16478,0.17737,0.18696,0.19302,0.19486,0.191,0.17931,0.15926
0.073261,0.080295,0.084627,0.086131,0.085297,0.082788,0.079041,0.074169,0.06847,0.062611,0.056437,0.049913,0.043137,0.036946,0.031403,0.026989,0.024042,0.022548,0.022797,0.024651,0.02764,0.031089,0.034861,0.038736,0.042646,0.046886,0.051551,0.057282,0.063675,0.070887,0.079198,0.088957,0.10174,0.11619,0.13219,0.14938,0.16834,0.18921,0.20929,0.22895,0.24682,0.26246,0.277,0.28778,0.29446,0.29694,0.29522,0.28976,0.28185,0.27233,0.26038,0.24555,0.22793,0.20732,0.18463,0.16083,0.13654,0.11242,0.091088,0.07389,0.059315,0.047188,0.038541,0.032829,0.028529,0.025692,0.023992,0.022751,0.021684,0.020617,0.019478,0.01823,0.016872,0.015438,0.014115,0.013133,0.012653,0.012992,0.013952,0.015511,0.017371,0.019069,0.020439,0.022083,0.024378,0.027547,0.032541,0.04031,0.049594,0.060333,0.072602,0.085028,0.09632,0.10692,0.11575,0.12214,0.12537,0.12445,0.11798,0.10514
0.11472,0.12848,0.13706,0.14036,0.13946,0.13567,0.12976,0.12196,0.1126,0.10272,0.092115,0.080889,0.069285,0.058267,0.047961,0.03905,0.031938,0.026773,0.023827,0.023233,0.024236,0.026079,0.028418,0.031048,0.034095,0.037675,0.041861,0.047181,0.053205,0.060122,0.068247,0.07776,0.090198,0.10451,0.12039,0.13754,0.15755,0.18066,0.20296,0.22443,0.24335,0.25929,0.27465,0.28656,0.29446,0.29812,0.29762,0.2934,0.28637,0.27746,0.2663,0.25205,0.23472,0.21415,0.19126,0.16702,0.14224,0.11779,0.096108,0.078533,0.064188,0.052917,0.044982,0.039804,0.035739,0.032662,0.030749,0.029111,0.027592,0.026017,0.024272,0.022387,0.020472,0.018623,0.017092,0.016195,0.016171,0.016916,0.018172,0.019771,0.021279,0.022135,0.022378,0.022678,0.023294,0.024092,0.02541,0.027748,0.030939,0.034961,0.040427,0.046857,0.053478,0.060245,0.066202,0.070802,0.073427,0.0736,0.07052,0.063746
0.1611,0.18128,0.19388,0.19869,0.19726,0.19162,0.18291,0.1716,0.15836,0.1444,0.1297,0.11442,0.098843,0.084106,0.070045,0.057118,0.045935,0.036458,0.029075,0.02425,0.021637,0.020711,0.020811,0.021767,0.023609,0.026217,0.029576,0.034101,0.039505,0.045896,0.053225,0.061558,0.072027,0.084122,0.097225,0.11149,0.12879,0.15001,0.17083,0.1903,0.20689,0.22029,0.23305,0.24316,0.2509,0.25622,0.25872,0.25832,0.25529,0.25009,0.2426,0.23198,0.21819,0.20111,0.18149,0.16013,0.13763,0.11473,0.093606,0.076144,0.062196,0.051781,0.045095,0.04089,0.037693,0.035263,0.03418,0.033492,0.032898,0.032172,0.031191,0.030116,0.02923,0.028656,0.028729,0.030259,0.032873,0.036332,0.039814,0.042717,0.044647,0.044695,0.043105,0.040688,0.037934,0.035065,0.032342,0.030676,0.030192,0.030296,0.03138,0.03317,0.035531,0.038347,0.041078,0.043246,0.044425,0.044374,0.042863,0.040056
0.20421,0.22864,0.2432,0.24823,0.24591,0.23866,0.22784,0.21415,0.19837,0.18163,0.16416,0.14621,0.12822,0.11133,0.094913,0.079229,0.064789,0.051646,0.040154,0.031235,0.02481,0.020898,0.018475,0.017258,0.017169,0.018102,0.019838,0.022485,0.026053,0.030966,0.037361,0.045159,0.054989,0.066446,0.078916,0.092286,0.10831,0.12751,0.1455,0.16126,0.17376,0.18293,0.19082,0.19592,0.19871,0.19973,0.19948,0.19778,0.19448,0.18979,0.18359,0.17516,0.16465,0.15206,0.13796,0.12289,0.10728,0.091429,0.076657,0.064578,0.055184,0.048159,0.043927,0.041394,0.03962,0.038659,0.038814,0.039215,0.039939,0.040865,0.041671,0.042601,0.04425,0.046547,0.050091,0.055996,0.064157,0.073438,0.082217,0.089047,0.093186,0.09364,0.090709,0.085288,0.077865,0.069011,0.059077,0.050187,0.044158,0.039118,0.035632,0.033247,0.032037,0.031633,0.031453,0.03125,0.030748,0.029681,0.028067,0.026395
0.23729,0.26862,0.28734,0.29427,0.29223,0.28415,0.27185,0.25625,0.23838,0.21929,0.19942,0.17909,0.15898,0.14011,0.12162,0.10372,0.086886,0.07142,0.057766,0.046739,0.038251,0.032167,0.027692,0.024782,0.022867,0.021706,0.021019,0.020737,0.021175,0.0229,0.02593,0.030147,0.03583,0.04315,0.051513,0.060884,0.072462,0.086572,0.099675,0.11114,0.12014,0.12653,0.13151,0.1344,0.13528,0.13498,0.13333,0.13058,0.12693,0.1225,0.11738,0.11136,0.10454,0.096973,0.088859,0.080414,0.071836,0.063091,0.055012,0.048779,0.044267,0.041595,0.040398,0.039705,0.03936,0.039349,0.040232,0.041739,0.043986,0.046764,0.050221,0.05446,0.059754,0.066207,0.074288,0.085591,0.099165,0.11314,0.12548,0.1345,0.13945,0.13951,0.13512,0.12712,0.1164,0.10373,0.089526,0.075803,0.06506,0.055318,0.047389,0.04152,0.03744,0.034544,0.032536,0.030954,0.029463,0.027773,0.025796,0.024324
0.21623,0.24122,0.25617,0.261,0.25829,0.25072,0.23977,0.22629,0.21124,0.19541,0.1794,0.16344,0.14762,0.13303,0.11859,0.10399,0.0899,0.0767,0.064678,0.054604,0.046717,0.041125,0.036968,0.033954,0.031631,0.029842,0.028218,0.026526,0.025078,0.024479,0.024365,0.024956,0.026447,0.028908,0.032249,0.036405,0.041878,0.048598,0.054765,0.060167,0.064371,0.067121,0.069378,0.070655,0.071078,0.070916,0.070166,0.068952,0.067307,0.065121,0.062493,0.05942,0.056206,0.053134,0.050158,0.047459,0.044909,0.042275,0.03974,0.037886,0.036703,0.036316,0.036894,0.037839,0.039136,0.040852,0.043246,0.046505,0.050758,0.056297,0.062829,0.07062,0.080383,0.092606,0.10798,0.12735,0.14951,0.17196,0.19185,0.20692,0.21629,0.21909,0.21591,0.20784,0.19595,0.18123,0.16398,0.14656,0.13153,0.11593,0.10083,0.087021,0.075547,0.066,0.058609,0.052862,0.048346,0.044391,0.040623,0.037656
0.16839,0.18491,0.19561,0.19916,0.19735,0.19219,0.18475,0.17568,0.16564,0.15521,0.14494,0.13481,0.12498,0.1158,0.10631,0.096306,0.086203,0.076353,0.067279,0.059695,0.053797,0.049277,0.045657,0.042769,0.040197,0.037957,0.035713,0.033224,0.030718,0.02892,0.027684,0.026837,0.026369,0.026479,0.027254,0.028691,0.03055,0.032805,0.03478,0.036374,0.03745,0.038006,0.038288,0.038363,0.038252,0.038143,0.037883,0.037554,0.037102,0.036294,0.035169,0.03393,0.033033,0.032685,0.032835,0.03353,0.034644,0.035733,0.036729,0.037864,0.038743,0.039485,0.040426,0.041502,0.042819,0.044341,0.046188,0.049246,0.053629,0.059372,0.066562,0.075912,0.088265,0.10376,0.12257,0.14503,0.17077,0.19733,0.22187,0.24232,0.25721,0.26547,0.26725,0.26318,0.2542,0.24137,0.2249,0.20707,0.19077,0.17296,0.15476,0.13664,0.11994,0.10521,0.093297,0.083837,0.076581,0.07049,0.06485,0.059863
0.11761,0.12818,0.13455,0.136,0.13379,0.12932,0.12356,0.11702,0.11029,0.1039,0.097907,0.092464,0.087293,0.082538,0.077697,0.072683,0.067664,0.062818,0.058381,0.054726,0.05205,0.049874,0.047969,0.046277,0.044676,0.043316,0.04182,0.039833,0.037395,0.034869,0.032118,0.029392,0.027012,0.02519,0.024081,0.02373,0.023964,0.024578,0.025308,0.025998,0.026633,0.027073,0.027274,0.027521,0.027722,0.027895,0.028122,0.02834,0.028293,0.027694,0.026679,0.025512,0.024518,0.024086,0.024196,0.024937,0.026176,0.027646,0.029174,0.030875,0.032236,0.03341,0.034496,0.035386,0.036277,0.037335,0.038766,0.041699,0.046306,0.053004,0.061586,0.072526,0.086515,0.10363,0.12425,0.14798,0.17471,0.20237,0.22878,0.25214,0.27161,0.28667,0.29697,0.30264,0.30384,0.30082,0.29252,0.27947,0.26374,0.24378,0.22156,0.1993,0.17901,0.16095,0.14595,0.1336,0.12351,0.1143,0.10454,0.093943
0.082906,0.089583,0.094046,0.095215,0.093849,0.090939,0.087129,0.08289,0.078591,0.074633,0.071194,0.06844,0.066073,0.064041,0.061912,0.059628,0.057253,0.055154,0.053377,0.05237,0.051954,0.051753,0.051688,0.051492,0.051077,0.050624,0.04967,0.047885,0.045538,0.042665,0.039136,0.03557,0.032357,0.02936,0.026935,0.025188,0.023865,0.022864,0.022535,0.022589,0.02312,0.023812,0.024483,0.025288,0.026082,0.026949,0.027958,0.028954,0.02965,0.029702,0.029189,0.028249,0.027314,0.026703,0.026498,0.026832,0.027736,0.029221,0.03064,0.032068,0.03297,0.033381,0.033359,0.033021,0.032729,0.032479,0.032524,0.034325,0.03756,0.042504,0.049176,0.058098,0.070111,0.085605,0.10503,0.1274,0.15261,0.17887,0.20438,0.22798,0.24975,0.27,0.28808,0.30392,0.31752,0.32792,0.33364,0.33247,0.32435,0.30842,0.28648,0.26137,0.23674,0.21535,0.19864,0.18544,0.1745,0.16341,0.14989,0.13414
0.053608,0.056218,0.058321,0.059039,0.05865,0.057562,0.056111,0.054561,0.053089,0.05192,0.051136,0.050815,0.050827,0.051,0.050963,0.050876,0.050691,0.05035,0.050391,0.05089,0.051877,0.052942,0.054075,0.054925,0.055474,0.055851,0.055826,0.055061,0.053744,0.051691,0.048632,0.045229,0.041909,0.038849,0.03617,0.034106,0.032765,0.032074,0.032416,0.033184,0.034581,0.036225,0.037801,0.039408,0.040811,0.042112,0.043422,0.044495,0.045059,0.0447,0.043428,0.041476,0.039242,0.037101,0.035238,0.033955,0.033068,0.032693,0.032444,0.0322,0.031628,0.030706,0.029426,0.02805,0.026893,0.025832,0.025021,0.025479,0.027089,0.029986,0.03432,0.04033,0.048636,0.059451,0.073505,0.090124,0.10913,0.12923,0.14951,0.1693,0.18919,0.21021,0.23177,0.25443,0.27888,0.30319,0.32557,0.34192,0.34997,0.34869,0.33911,0.3234,0.30491,0.286,0.2695,0.25582,0.24392,0.23098,0.21361,0.19129
0.037493,0.037775,0.038775,0.039311,0.039355,0.039097,0.03874,0.03838,0.037948,0.037557,0.037412,0.037686,0.038354,0.039233,0.040269,0.041492,0.042961,0.044501,0.046367,0.048286,0.050236,0.051937,0.053363,0.05448,0.055517,0.0567,0.057886,0.058997,0.059751,0.059529,0.057836,0.055334,0.052781,0.05031,0.048072,0.046585,0.046316,0.047439,0.050509,0.054975,0.061133,0.067903,0.074632,0.081157,0.086985,0.092127,0.09655,0.099559,0.10067,0.099561,0.096385,0.091521,0.085148,0.077894,0.070194,0.062641,0.055755,0.050038,0.044801,0.040257,0.036247,0.032427,0.029,0.02607,0.02378,0.022004,0.020912,0.020998,0.022154,0.024138,0.026756,0.030267,0.03503,0.041285,0.049591,0.059917,0.072114,0.085831,0.10062,0.11598,0.13272,0.15168,0.1719,0.19347,0.21683,0.24075,0.26598,0.28911,0.30694,0.31761,0.32112,0.31887,0.31393,0.30695,0.29925,0.29153,0.28326,0.27159,0.2529,0.22571
0.031029,0.030243,0.030703,0.031238,0.031557,0.031621,0.031542,0.031336,0.030992,0.030521,0.030086,0.02961,0.029145,0.028853,0.02883,0.029207,0.030048,0.031297,0.033156,0.035205,0.037455,0.039737,0.041965,0.044174,0.046478,0.048968,0.051842,0.055192,0.058442,0.06091,0.062161,0.062729,0.063249,0.063749,0.064522,0.065796,0.068509,0.073105,0.080359,0.089812,0.10216,0.11561,0.12915,0.14221,0.15376,0.16369,0.17195,0.17788,0.18088,0.18058,0.17701,0.17043,0.1608,0.14867,0.1347,0.11985,0.10512,0.091661,0.078935,0.067502,0.058137,0.050084,0.043407,0.038286,0.034357,0.031348,0.029072,0.027625,0.026878,0.026545,0.026488,0.026793,0.0275,0.028961,0.031772,0.035772,0.040804,0.047129,0.054931,0.064407,0.076222,0.090942,0.10735,0.12487,0.14371,0.16223,0.18031,0.19708,0.21202,0.2245,0.23441,0.24201,0.24983,0.25627,0.26087,0.26341,0.2627,0.25634,0.24127,0.2162
0.031542,0.029712,0.029951,0.030538,0.031134,0.031679,0.032147,0.032494,0.032461,0.032062,0.031336,0.030195,0.028982,0.027984,0.027293,0.027013,0.027207,0.027858,0.02905,0.030464,0.032328,0.0345,0.036926,0.039314,0.04185,0.044742,0.048187,0.052668,0.057501,0.062039,0.065963,0.069418,0.072592,0.075863,0.079458,0.083557,0.089329,0.097194,0.10784,0.12066,0.13661,0.15377,0.17106,0.18745,0.20192,0.21419,0.22458,0.23232,0.23656,0.23704,0.23344,0.22622,0.21471,0.19971,0.18186,0.16221,0.14209,0.12316,0.10524,0.0888,0.075356,0.063929,0.054849,0.048311,0.04349,0.039796,0.036923,0.034489,0.032379,0.030518,0.028715,0.027069,0.025452,0.024022,0.023176,0.022949,0.023713,0.025784,0.029468,0.034892,0.043008,0.05403,0.067051,0.081519,0.09713,0.1126,0.12811,0.14289,0.15551,0.16562,0.17339,0.17967,0.18742,0.1952,0.20214,0.20791,0.21105,0.20923,0.19974,0.18183
0.041609,0.041515,0.042343,0.043241,0.043967,0.044617,0.045173,0.045511,0.045278,0.044269,0.042516,0.039922,0.036941,0.03396,0.031108,0.028533,0.026767,0.025816,0.025524,0.025585,0.025919,0.026541,0.027364,0.028271,0.029448,0.031145,0.033664,0.037525,0.041977,0.046821,0.052217,0.058244,0.064648,0.071534,0.079087,0.087485,0.098034,0.11139,0.12805,0.1472,0.1696,0.19284,0.21585,0.23809,0.25932,0.27923,0.29719,0.31103,0.31981,0.3228,0.31966,0.31044,0.29445,0.2729,0.24693,0.21812,0.1885,0.16004,0.13314,0.10918,0.090257,0.075138,0.063652,0.055668,0.049981,0.045904,0.042967,0.040507,0.038358,0.036147,0.03373,0.031091,0.028192,0.025348,0.022884,0.021046,0.020172,0.020283,0.021373,0.023445,0.026744,0.031841,0.03831,0.045623,0.053506,0.061335,0.06908,0.076825,0.083954,0.090635,0.097057,0.10351,0.11243,0.12181,0.13061,0.13821,0.14352,0.14472,0.1398,0.1286
0.054267,0.056609,0.059153,0.061355,0.063162,0.06477,0.066178,0.067244,0.067505,0.066673,0.064612,0.061068,0.056513,0.051405,0.046094,0.040667,0.03596,0.032265,0.029416,0.027174,0.025611,0.024355,0.023319,0.022497,0.022114,0.022379,0.023608,0.026295,0.030009,0.034625,0.040694,0.048315,0.056771,0.065998,0.076176,0.087411,0.10086,0.11808,0.13922,0.1626,0.18826,0.21403,0.23914,0.263,0.28537,0.30595,0.32449,0.33908,0.34872,0.35263,0.35017,0.34134,0.32533,0.30267,0.27413,0.24136,0.20685,0.1729,0.14051,0.11163,0.089322,0.072472,0.061117,0.053992,0.049055,0.04566,0.043194,0.041148,0.039213,0.037293,0.035169,0.032815,0.030017,0.026945,0.024082,0.02183,0.020272,0.019443,0.019356,0.019816,0.02116,0.023496,0.026834,0.03074,0.034814,0.038447,0.041772,0.045148,0.048253,0.051369,0.054659,0.058436,0.064104,0.070387,0.076515,0.082249,0.087003,0.089653,0.088981,0.084864
0.071794,0.077352,0.082135,0.085667,0.088126,0.089947,0.091161,0.091759,0.091329,0.089498,0.086054,0.080905,0.074309,0.066913,0.059215,0.051416,0.044652,0.039296,0.034667,0.030676,0.027379,0.024753,0.022847,0.021465,0.020744,0.020878,0.021921,0.024081,0.027114,0.030963,0.036749,0.044898,0.054638,0.065853,0.078594,0.092907,0.10907,0.1284,0.15086,0.17388,0.19761,0.22018,0.2404,0.25779,0.2734,0.28841,0.30207,0.31363,0.32288,0.32891,0.33053,0.32698,0.3174,0.30111,0.27785,0.24881,0.21582,0.18092,0.14566,0.11323,0.086901,0.067682,0.055323,0.048272,0.043836,0.040949,0.038778,0.037018,0.03553,0.034297,0.033107,0.03188,0.030325,0.028568,0.026879,0.025743,0.02528,0.025384,0.026155,0.027092,0.028248,0.029664,0.031347,0.033281,0.035231,0.036647,0.037462,0.038183,0.038797,0.039429,0.040196,0.041267,0.043516,0.046156,0.048823,0.051347,0.053274,0.054312,0.054368,0.053469
0.092916,0.1038,0.11253,0.1187,0.12274,0.12534,0.12669,0.12683,0.12562,0.1228,0.11812,0.1115,0.10331,0.094217,0.084748,0.075098,0.066183,0.058554,0.051642,0.045368,0.039921,0.035477,0.032032,0.029387,0.027776,0.026778,0.026493,0.027314,0.029154,0.032119,0.037336,0.045212,0.055351,0.067536,0.08141,0.096404,0.11269,0.13135,0.15192,0.17124,0.18874,0.20275,0.21249,0.21857,0.22245,0.22538,0.22937,0.23505,0.24232,0.24955,0.25493,0.2572,0.25556,0.24876,0.23591,0.2177,0.19492,0.16865,0.14005,0.11253,0.088925,0.071569,0.059912,0.052732,0.047863,0.044704,0.042672,0.041282,0.040287,0.039669,0.039299,0.039225,0.039083,0.038836,0.039017,0.039965,0.041527,0.043271,0.045267,0.046938,0.048591,0.049873,0.051105,0.052278,0.052913,0.052634,0.051638,0.05051,0.049246,0.047932,0.046814,0.045724,0.045148,0.044917,0.044886,0.045175,0.045148,0.044501,0.043134,0.042068
0.098308,0.10991,0.11918,0.12507,0.12837,0.13001,0.1304,0.12985,0.12855,0.12647,0.12345,0.11942,0.11457,0.10914,0.10341,0.097127,0.090943,0.08524,0.079578,0.074073,0.068866,0.064161,0.059733,0.055724,0.052774,0.050451,0.048709,0.047769,0.047988,0.049557,0.053239,0.059117,0.067178,0.076453,0.086224,0.096055,0.10597,0.11656,0.12743,0.13616,0.14282,0.14671,0.14727,0.14542,0.14287,0.14105,0.14084,0.14351,0.14883,0.15581,0.16278,0.16854,0.17244,0.17311,0.16969,0.16183,0.1497,0.13361,0.11431,0.094895,0.077619,0.06543,0.057626,0.053847,0.051796,0.050416,0.04934,0.048589,0.048155,0.048209,0.048694,0.049695,0.051101,0.053132,0.056157,0.060537,0.065644,0.070894,0.076274,0.081207,0.085738,0.089544,0.092774,0.09538,0.09691,0.09713,0.096323,0.095034,0.093164,0.090921,0.088304,0.085176,0.081513,0.077679,0.07371,0.0703,0.066343,0.061394,0.055269,0.048737
0.099542,0.1081,0.11533,0.11966,0.1217,0.12236,0.12241,0.12215,0.12198,0.12195,0.12191,0.12187,0.1218,0.12189,0.12171,0.12087,0.11949,0.11762,0.11491,0.11124,0.10675,0.10176,0.096322,0.090598,0.085159,0.079672,0.074301,0.069398,0.065644,0.063026,0.061546,0.06228,0.065086,0.069172,0.074287,0.079427,0.083981,0.088211,0.091646,0.09372,0.094735,0.094231,0.091972,0.088679,0.085391,0.082878,0.081854,0.08316,0.08633,0.090863,0.096013,0.10099,0.1057,0.10887,0.11005,0.10859,0.104,0.096101,0.084883,0.073232,0.062632,0.056843,0.054929,0.055301,0.056344,0.05694,0.057166,0.057311,0.057587,0.058091,0.059175,0.060909,0.063136,0.066018,0.070324,0.076272,0.083753,0.091729,0.10012,0.10808,0.11543,0.12171,0.12705,0.13146,0.13448,0.13594,0.13611,0.13532,0.13356,0.13076,0.12678,0.12146,0.11465,0.10745,0.10016,0.093702,0.086845,0.078966,0.069507,0.059237
0.084486,0.086547,0.089636,0.091592,0.092554,0.092858,0.092978,0.093151,0.093732,0.095017,0.097218,0.10043,0.10472,0.1098,0.1151,0.12014,0.12475,0.12838,0.13087,0.13204,0.13181,0.13043,0.12789,0.12418,0.12002,0.11536,0.11003,0.10407,0.098304,0.092889,0.087422,0.083095,0.081121,0.080818,0.081177,0.081537,0.081373,0.080392,0.078612,0.075898,0.07262,0.068804,0.063981,0.058843,0.053983,0.050057,0.047382,0.046508,0.046786,0.048122,0.050028,0.052373,0.055365,0.058384,0.061324,0.063848,0.065941,0.067208,0.067197,0.067169,0.067091,0.069061,0.0719,0.075168,0.078251,0.080483,0.081752,0.082433,0.0827,0.082732,0.08323,0.084659,0.087126,0.09104,0.097172,0.10508,0.11404,0.12314,0.13252,0.14147,0.14961,0.15635,0.16199,0.1666,0.16978,0.17143,0.17172,0.17091,0.16899,0.16606,0.16199,0.15657,0.1493,0.14131,0.13321,0.12585,0.11786,0.10825,0.096142,0.081778
0.059745,0.065361,0.070269,0.073564,0.075493,0.07657,0.076977,0.076624,0.075919,0.075465,0.075687,0.076312,0.077567,0.079191,0.079953,0.079763,0.078817,0.077076,0.074356,0.070943,0.066866,0.062846,0.059682,0.057985,0.057623,0.057781,0.058178,0.058973,0.060349,0.06258,0.065877,0.069775,0.07388,0.078233,0.082615,0.0864,0.089396,0.092226,0.095189,0.09766,0.099177,0.099213,0.097686,0.095528,0.093347,0.090506,0.087128,0.084117,0.081773,0.079801,0.07828,0.077177,0.076828,0.077735,0.080641,0.085226,0.091455,0.09965,0.10905,0.11852,0.12717,0.13461,0.14052,0.14392,0.14468,0.14336,0.14037,0.13609,0.13117,0.12587,0.12057,0.11527,0.11048,0.10658,0.10387,0.10132,0.098864,0.097317,0.096994,0.097827,0.099824,0.10315,0.10651,0.10989,0.11321,0.1168,0.12129,0.12776,0.1353,0.14343,0.1517,0.15996,0.16659,0.17138,0.174,0.17424,0.17181,0.16536,0.15394,0.13884
0.045351,0.049944,0.054548,0.057847,0.059688,0.060201,0.059579,0.057836,0.055222,0.052321,0.04966,0.04773,0.046955,0.047416,0.048373,0.049549,0.050984,0.052163,0.053192,0.054062,0.054644,0.055414,0.056658,0.058578,0.061403,0.064192,0.067022,0.069641,0.072745,0.075902,0.079407,0.082994,0.086492,0.090318,0.093917,0.097066,0.10103,0.1064,0.11327,0.12021,0.12608,0.12964,0.13066,0.12969,0.12777,0.12414,0.11933,0.11448,0.10997,0.10565,0.10168,0.098258,0.095071,0.092456,0.091114,0.090802,0.091754,0.094264,0.098798,0.10408,0.10981,0.11567,0.12115,0.12498,0.12669,0.12671,0.12492,0.12098,0.11533,0.10836,0.10056,0.092604,0.085015,0.0784,0.073188,0.068396,0.064,0.060395,0.057896,0.056915,0.057692,0.06083,0.065465,0.071255,0.078167,0.08626,0.096207,0.10836,0.12242,0.13744,0.15297,0.16851,0.18211,0.19308,0.20075,0.20481,0.20447,0.19782,0.1835,0.1622
0.038488,0.039727,0.041504,0.042718,0.043085,0.04263,0.041488,0.039719,0.037173,0.034294,0.031437,0.029171,0.027846,0.02755,0.027949,0.028959,0.030322,0.031951,0.033543,0.034872,0.035768,0.037021,0.038741,0.040954,0.044138,0.048025,0.052399,0.057567,0.064952,0.073352,0.083016,0.09345,0.10437,0.11533,0.12613,0.13698,0.15009,0.16428,0.17922,0.19343,0.20568,0.21441,0.21887,0.21992,0.21853,0.21358,0.20532,0.19517,0.1838,0.17162,0.15921,0.14803,0.1367,0.12551,0.11517,0.10545,0.097291,0.091189,0.08909,0.088691,0.089648,0.091848,0.094638,0.096677,0.097299,0.096514,0.094142,0.090221,0.085199,0.07918,0.072506,0.06566,0.059294,0.053544,0.048701,0.04444,0.04061,0.037641,0.035502,0.034491,0.034849,0.037225,0.040906,0.045688,0.051624,0.059203,0.068995,0.081287,0.096106,0.11244,0.12942,0.14616,0.16103,0.1738,0.18339,0.18933,0.19074,0.18557,0.17256,0.15243
0.041722,0.040936,0.039917,0.038492,0.036756,0.034772,0.032726,0.030837,0.028674,0.026342,0.023869,0.021859,0.020301,0.019268,0.018921,0.019061,0.019642,0.020692,0.021944,0.02336,0.024558,0.026044,0.028032,0.030572,0.034056,0.038301,0.043062,0.048796,0.057698,0.068468,0.081489,0.096055,0.11184,0.12801,0.14475,0.16302,0.18546,0.20896,0.23404,0.2596,0.28243,0.2989,0.30793,0.30973,0.30565,0.29629,0.28289,0.26746,0.25119,0.23421,0.2166,0.19952,0.1811,0.16169,0.14218,0.12295,0.10562,0.091104,0.082041,0.075202,0.070359,0.067327,0.065786,0.064894,0.063816,0.062375,0.060158,0.057247,0.053816,0.049815,0.04552,0.041308,0.037575,0.034402,0.031687,0.029289,0.027156,0.025497,0.02443,0.024183,0.024791,0.026521,0.028954,0.032035,0.035934,0.040897,0.047279,0.055695,0.066411,0.078417,0.090935,0.10335,0.11437,0.12411,0.13169,0.13688,0.13913,0.13693,0.12959,0.1173
0.061056,0.061395,0.059736,0.056672,0.05278,0.048684,0.044922,0.041886,0.038683,0.035261,0.031392,0.027613,0.023844,0.020335,0.017954,0.016221,0.015375,0.01551,0.015877,0.016451,0.016873,0.017496,0.01859,0.020606,0.023807,0.028047,0.033391,0.040107,0.050685,0.063534,0.079298,0.097405,0.11722,0.13758,0.15837,0.18125,0.20983,0.24139,0.27593,0.31081,0.34259,0.36739,0.38371,0.39077,0.38894,0.37868,0.36138,0.33925,0.31416,0.28772,0.26111,0.23664,0.21146,0.18523,0.15839,0.13182,0.10747,0.086903,0.072953,0.061683,0.053339,0.047269,0.043218,0.0405,0.038288,0.036285,0.034172,0.031909,0.02955,0.0271,0.02475,0.022662,0.020982,0.019687,0.018645,0.017674,0.016801,0.016147,0.015653,0.015444,0.015644,0.016392,0.01743,0.018769,0.020405,0.02262,0.025692,0.030023,0.036064,0.043431,0.051385,0.059239,0.066243,0.072841,0.078344,0.082653,0.085481,0.085923,0.083855,0.07923
0.095876,0.10203,0.1029,0.099873,0.094691,0.088674,0.08306,0.07862,0.073812,0.068206,0.06135,0.053642,0.045236,0.036636,0.02953,0.02371,0.019083,0.015859,0.013489,0.012136,0.011491,0.011643,0.012672,0.014549,0.017653,0.021814,0.026656,0.032542,0.041627,0.052583,0.066545,0.0832,0.10174,0.12077,0.14018,0.16236,0.19049,0.22126,0.25478,0.29039,0.32501,0.35462,0.37746,0.39192,0.39717,0.39366,0.38228,0.36481,0.34251,0.31693,0.28938,0.26218,0.23314,0.20199,0.16968,0.13772,0.10866,0.08482,0.06854,0.056107,0.047145,0.040836,0.036414,0.033449,0.031093,0.02925,0.027507,0.025872,0.024225,0.02258,0.020919,0.019568,0.018581,0.017867,0.017224,0.016705,0.016208,0.015805,0.015508,0.015345,0.015316,0.015472,0.015727,0.016213,0.016928,0.018067,0.019535,0.02154,0.024492,0.028476,0.033115,0.037784,0.041963,0.046176,0.049837,0.052927,0.05519,0.056085,0.055681,0.054283
0.15302,0.16888,0.17529,0.17436,0.1691,0.16182,0.15427,0.14756,0.13979,0.1302,0.11823,0.104,0.087907,0.071061,0.056291,0.044491,0.034886,0.027632,0.021884,0.017603,0.014888,0.013399,0.013138,0.013731,0.015708,0.018874,0.022871,0.027933,0.035545,0.045013,0.058228,0.07504,0.094226,0.11407,0.13397,0.15621,0.18338,0.2113,0.23896,0.26678,0.29336,0.31613,0.33439,0.34629,0.35064,0.34767,0.33781,0.32258,0.30265,0.27923,0.25429,0.22922,0.20252,0.17394,0.14423,0.11508,0.088646,0.067635,0.053289,0.042764,0.035017,0.029189,0.025335,0.022988,0.021482,0.020431,0.019643,0.019041,0.018626,0.018256,0.017904,0.01771,0.017634,0.017755,0.017981,0.018229,0.018491,0.018734,0.01893,0.019125,0.019241,0.01925,0.019177,0.019299,0.019375,0.019477,0.019713,0.020282,0.021527,0.0236,0.026096,0.028567,0.030929,0.033356,0.035523,0.037337,0.038759,0.039474,0.039666,0.03978
0.22591,0.25046,0.26246,0.26399,0.25888,0.25016,0.24001,0.22962,0.21707,0.20178,0.18316,0.16129,0.13671,0.11086,0.087094,0.068663,0.054025,0.042538,0.03327,0.02601,0.020907,0.017162,0.01478,0.013906,0.014297,0.01586,0.018563,0.022668,0.028683,0.036581,0.047742,0.061982,0.078349,0.095245,0.11187,0.13007,0.15122,0.17256,0.19318,0.21298,0.23208,0.24805,0.26059,0.26898,0.27225,0.27066,0.26434,0.25393,0.24005,0.22358,0.20581,0.1865,0.1652,0.14158,0.11661,0.09222,0.070523,0.054174,0.043271,0.035325,0.029495,0.025165,0.022076,0.020189,0.018892,0.01804,0.017452,0.01711,0.017096,0.017452,0.018015,0.018756,0.019663,0.020653,0.021673,0.022646,0.02358,0.024637,0.026161,0.027824,0.029643,0.031386,0.032539,0.033419,0.033882,0.033814,0.033105,0.032028,0.030867,0.030206,0.029952,0.029717,0.029504,0.029585,0.029741,0.029891,0.030061,0.030105,0.030188,0.031022
0.30257,0.33972,0.35895,0.36386,0.35978,0.35048,0.33812,0.32393,0.30606,0.28391,0.25726,0.22686,0.1938,0.15951,0.12753,0.10267,0.082636,0.066219,0.052898,0.042069,0.034102,0.027651,0.022511,0.018853,0.016647,0.015369,0.015001,0.015738,0.017774,0.021544,0.02822,0.037584,0.048988,0.06114,0.073136,0.086382,0.10132,0.11628,0.13104,0.1457,0.16006,0.17201,0.1814,0.18752,0.19007,0.18902,0.18455,0.17736,0.16781,0.15623,0.14384,0.13011,0.11488,0.097644,0.079484,0.062295,0.047606,0.037087,0.030514,0.026228,0.023383,0.021307,0.019683,0.018375,0.017188,0.016371,0.015831,0.015752,0.016194,0.01714,0.018539,0.020308,0.022111,0.023893,0.025707,0.027396,0.029208,0.031382,0.034498,0.038358,0.042909,0.047777,0.051593,0.054582,0.056267,0.056228,0.054293,0.050734,0.04609,0.041415,0.03704,0.032872,0.029501,0.027016,0.02523,0.023935,0.023076,0.022507,0.022457,0.02388
0.33176,0.3732,0.39594,0.40379,0.40243,0.39572,0.38539,0.37199,0.35385,0.32962,0.29917,0.26293,0.22337,0.18385,0.14801,0.12104,0.099839,0.082177,0.067719,0.05571,0.046518,0.038375,0.031073,0.024695,0.019527,0.015577,0.013103,0.011929,0.011681,0.012483,0.014786,0.018985,0.025091,0.032403,0.040292,0.049655,0.060449,0.071643,0.08267,0.09387,0.10578,0.11625,0.12496,0.13134,0.13489,0.13555,0.1332,0.1282,0.12086,0.11161,0.10184,0.090837,0.078862,0.065949,0.053103,0.042006,0.032894,0.026377,0.022391,0.020313,0.019414,0.019085,0.018941,0.01887,0.018647,0.018466,0.018504,0.018929,0.019863,0.021184,0.022754,0.024517,0.02625,0.028054,0.030132,0.032627,0.03597,0.040051,0.045634,0.052572,0.060934,0.0697,0.076962,0.082746,0.086269,0.086974,0.084591,0.079402,0.072045,0.063965,0.056278,0.049139,0.043351,0.038788,0.035311,0.032653,0.030706,0.029194,0.027952,0.027549
0.32156,0.36196,0.3859,0.39652,0.399,0.39679,0.39108,0.38181,0.36746,0.3466,0.31866,0.28365,0.24376,0.20228,0.16498,0.13844,0.11884,0.10289,0.09003,0.078896,0.069511,0.060539,0.051739,0.043075,0.034813,0.027344,0.021713,0.017807,0.015418,0.014147,0.013767,0.014492,0.016523,0.019826,0.023565,0.028157,0.033525,0.039446,0.045761,0.052547,0.060298,0.067269,0.073283,0.077783,0.080562,0.081311,0.079765,0.076294,0.071124,0.064748,0.058454,0.051699,0.044675,0.0374,0.030565,0.02531,0.021706,0.019732,0.019012,0.019013,0.019412,0.020204,0.020862,0.021044,0.020715,0.020197,0.01978,0.019628,0.019814,0.020334,0.021278,0.022506,0.023898,0.025895,0.02888,0.032937,0.038526,0.045643,0.054869,0.066011,0.079259,0.093336,0.10531,0.115,0.12147,0.12405,0.12228,0.11648,0.10754,0.096802,0.08639,0.076565,0.068715,0.06248,0.057543,0.053589,0.050411,0.047491,0.044389,0.041194
0.26122,0.292,0.31222,0.32323,0.32863,0.33087,0.33071,0.32783,0.32081,0.3084,0.29022,0.26658,0.23913,0.2097,0.18168,0.16083,0.1453,0.13258,0.12243,0.11295,0.1037,0.09383,0.083264,0.071939,0.060272,0.048641,0.038737,0.030925,0.024391,0.019324,0.015361,0.012916,0.011934,0.012244,0.013226,0.014768,0.016743,0.018983,0.02145,0.024127,0.027336,0.03021,0.032619,0.034371,0.035407,0.035478,0.034493,0.032674,0.030272,0.027559,0.025282,0.022938,0.020729,0.018676,0.017121,0.016177,0.015886,0.016092,0.016621,0.017373,0.01821,0.01913,0.019746,0.019681,0.019113,0.01832,0.017633,0.017301,0.017392,0.017979,0.019237,0.020947,0.023146,0.026213,0.030674,0.036931,0.045535,0.056144,0.069457,0.085328,0.10433,0.12517,0.14414,0.16018,0.17208,0.17904,0.18039,0.17638,0.16791,0.15563,0.14269,0.12966,0.11868,0.10937,0.10161,0.095124,0.089557,0.083946,0.077261,0.069109
0.18565,0.21021,0.22689,0.23641,0.24147,0.24393,0.24446,0.24298,0.23851,0.23078,0.2199,0.20619,0.19147,0.17689,0.16346,0.15367,0.14687,0.1416,0.13727,0.13245,0.12638,0.11868,0.10952,0.098932,0.087471,0.075652,0.065045,0.055735,0.046921,0.038772,0.030882,0.024205,0.019393,0.016573,0.015443,0.015034,0.014951,0.015199,0.015595,0.016145,0.016877,0.017391,0.017615,0.017548,0.017173,0.016427,0.015168,0.013769,0.012428,0.011309,0.010524,0.0098805,0.0096776,0.0099944,0.011043,0.012687,0.014803,0.01701,0.019132,0.021142,0.023047,0.024666,0.02559,0.025501,0.024712,0.023552,0.022457,0.021786,0.02172,0.022214,0.02337,0.024996,0.027046,0.030397,0.035458,0.042411,0.051604,0.062394,0.075406,0.090823,0.10976,0.13194,0.15367,0.17329,0.18965,0.20202,0.20969,0.21233,0.21142,0.20613,0.19877,0.18954,0.18086,0.17264,0.16475,0.1573,0.14992,0.1412,0.12927,0.11355
0.13134,0.14925,0.16157,0.16888,0.17309,0.17563,0.17714,0.17765,0.17639,0.17303,0.16758,0.16044,0.15373,0.14842,0.14457,0.14313,0.14339,0.14423,0.14542,0.14554,0.14384,0.14028,0.13483,0.12719,0.11812,0.10793,0.098111,0.08868,0.078942,0.06906,0.058813,0.048939,0.040078,0.033095,0.02841,0.024964,0.022467,0.020644,0.019362,0.018383,0.017671,0.017177,0.016751,0.016188,0.015549,0.014738,0.013667,0.012526,0.011454,0.010471,0.0097087,0.0090779,0.0088339,0.0091328,0.010145,0.011841,0.014155,0.016637,0.018789,0.020634,0.022267,0.023445,0.023927,0.023565,0.022802,0.021696,0.020761,0.020456,0.020662,0.021347,0.022711,0.024501,0.026601,0.029701,0.034218,0.040352,0.048178,0.057229,0.068215,0.081462,0.098178,0.11902,0.14098,0.16202,0.18137,0.19851,0.21295,0.22431,0.23331,0.23641,0.23505,0.23024,0.22493,0.21934,0.21338,0.20714,0.20004,0.19027,0.17549,0.15514
0.080924,0.08965,0.095632,0.099164,0.10129,0.10276,0.10405,0.10522,0.10584,0.10579,0.10519,0.10437,0.10529,0.10879,0.1145,0.12097,0.12751,0.13338,0.13845,0.14171,0.14253,0.14136,0.13844,0.13354,0.12719,0.11987,0.11277,0.10551,0.09741,0.088699,0.079472,0.070356,0.061717,0.054449,0.049394,0.045402,0.041915,0.038543,0.03554,0.032643,0.029939,0.027675,0.025562,0.023432,0.021242,0.018964,0.016534,0.014179,0.012166,0.01074,0.0095689,0.0085753,0.0078897,0.0075743,0.0079807,0.0091446,0.01112,0.013134,0.014817,0.016233,0.017379,0.018274,0.018685,0.0185,0.018124,0.017566,0.017245,0.017575,0.018424,0.019756,0.021642,0.023964,0.026367,0.02943,0.033461,0.038648,0.045276,0.053258,0.063174,0.075347,0.091149,0.11197,0.13485,0.158,0.18069,0.20282,0.22561,0.24863,0.27126,0.28744,0.29551,0.29637,0.29333,0.28838,0.28207,0.27516,0.26705,0.25543,0.23738,0.21232
0.048236,0.053351,0.057143,0.059416,0.060642,0.061206,0.061418,0.061388,0.060866,0.060109,0.05943,0.059369,0.061911,0.06738,0.074754,0.08288,0.090955,0.098759,0.10661,0.11348,0.11881,0.12263,0.12494,0.12551,0.12461,0.12242,0.1202,0.11776,0.11424,0.1098,0.10432,0.097973,0.09116,0.084461,0.079076,0.074016,0.068972,0.063958,0.059176,0.054512,0.05023,0.046859,0.04376,0.040514,0.037176,0.03375,0.030144,0.026674,0.023715,0.021361,0.019312,0.017552,0.016229,0.015398,0.015309,0.015908,0.016995,0.017909,0.01858,0.019068,0.019344,0.019388,0.01925,0.018837,0.018518,0.018338,0.018495,0.019088,0.020082,0.021366,0.022804,0.024289,0.025359,0.026597,0.028108,0.030057,0.032825,0.036757,0.042301,0.050164,0.061728,0.078407,0.098199,0.11956,0.14228,0.16689,0.1955,0.22885,0.2659,0.301,0.32737,0.34364,0.35162,0.35375,0.35193,0.34761,0.34063,0.32858,0.3077,0.27558
0.028654,0.030459,0.032037,0.032939,0.033292,0.033202,0.03284,0.032337,0.031566,0.030748,0.030215,0.030333,0.032586,0.037611,0.044853,0.052769,0.060725,0.068531,0.077096,0.085295,0.092863,0.099481,0.1054,0.11005,0.11371,0.11646,0.11908,0.12167,0.12364,0.12472,0.12455,0.12309,0.12077,0.11791,0.11561,0.11308,0.10958,0.1051,0.10026,0.094937,0.089495,0.084496,0.079443,0.073761,0.067759,0.061732,0.055329,0.049065,0.043493,0.039081,0.035085,0.031627,0.028673,0.025966,0.023844,0.022388,0.021657,0.020918,0.020235,0.019588,0.018813,0.017954,0.017368,0.016985,0.016834,0.016918,0.01739,0.01836,0.019862,0.021701,0.02352,0.025006,0.025769,0.026481,0.027318,0.028418,0.030025,0.032358,0.035697,0.040694,0.048534,0.060532,0.075759,0.093492,0.1136,0.13612,0.16422,0.19924,0.23926,0.28099,0.31716,0.34434,0.36237,0.37331,0.37863,0.37966,0.37611,0.3653,0.34288,0.30564
0.02521,0.026355,0.027257,0.027617,0.027488,0.026914,0.026045,0.024965,0.023705,0.022515,0.021501,0.020867,0.021634,0.024697,0.029962,0.036319,0.042864,0.049432,0.057095,0.06496,0.07269,0.080118,0.08713,0.093419,0.098884,0.1039,0.10904,0.11449,0.11963,0.12432,0.12866,0.13234,0.13578,0.13881,0.142,0.14495,0.14725,0.14848,0.14852,0.14704,0.14418,0.14064,0.13582,0.12931,0.12172,0.11354,0.10472,0.095854,0.087849,0.081347,0.074989,0.068806,0.062732,0.05656,0.050439,0.044587,0.039127,0.034059,0.029782,0.026385,0.023263,0.020362,0.018081,0.016575,0.015534,0.015112,0.015429,0.016234,0.017419,0.018858,0.020252,0.021319,0.021621,0.021576,0.021361,0.021159,0.021109,0.021675,0.023181,0.025959,0.030741,0.038546,0.048932,0.062229,0.079044,0.099363,0.126,0.15993,0.19761,0.23729,0.27289,0.30174,0.32313,0.33843,0.34812,0.35276,0.35197,0.34325,0.32267,0.28734
0.024217,0.023864,0.024158,0.024203,0.023884,0.023209,0.022273,0.021145,0.019978,0.018907,0.017942,0.017184,0.016986,0.0178,0.019847,0.023141,0.027318,0.032227,0.03891,0.046758,0.055319,0.064116,0.073004,0.08176,0.090157,0.098205,0.10616,0.11527,0.12439,0.13341,0.14229,0.15141,0.16192,0.17263,0.18377,0.19436,0.20365,0.2111,0.21606,0.21829,0.21796,0.21569,0.21125,0.20397,0.19455,0.18395,0.17203,0.15953,0.14754,0.13711,0.12653,0.11565,0.10444,0.092832,0.081289,0.07014,0.059571,0.049647,0.041498,0.035548,0.030589,0.026336,0.023325,0.021547,0.020415,0.02016,0.020463,0.021015,0.021743,0.022476,0.023072,0.023312,0.022969,0.022198,0.021122,0.019805,0.0186,0.017792,0.017455,0.017821,0.019282,0.022045,0.026565,0.033638,0.043941,0.057845,0.077653,0.10316,0.13104,0.16102,0.18908,0.2128,0.23114,0.24537,0.25555,0.26156,0.2628,0.25759,0.24323,0.21841
0.045335,0.047053,0.048127,0.048231,0.047408,0.045876,0.043752,0.041034,0.03782,0.034461,0.030927,0.027185,0.023455,0.020408,0.018186,0.017281,0.017521,0.018982,0.022561,0.027827,0.034262,0.041581,0.049514,0.057978,0.06677,0.076117,0.086218,0.098481,0.11128,0.12433,0.1379,0.1519,0.16778,0.18413,0.201,0.21847,0.23637,0.25408,0.26915,0.28042,0.2867,0.28788,0.2844,0.27601,0.26419,0.25019,0.23473,0.21862,0.20309,0.18941,0.17571,0.16136,0.14631,0.12999,0.1129,0.095795,0.079164,0.063498,0.050828,0.041827,0.034979,0.029949,0.027016,0.025653,0.024681,0.024185,0.024253,0.024466,0.024617,0.02463,0.024443,0.023923,0.022988,0.021585,0.01985,0.017993,0.016133,0.014479,0.01323,0.012746,0.012808,0.013344,0.014534,0.017108,0.021816,0.02932,0.040801,0.05703,0.075627,0.096065,0.11584,0.13316,0.1472,0.1589,0.16775,0.17339,0.1753,0.17225,0.16248,0.1453
0.075082,0.081806,0.08575,0.086835,0.085712,0.083002,0.07905,0.073945,0.067876,0.061477,0.054657,0.047375,0.039693,0.032527,0.02622,0.021833,0.019011,0.017598,0.017924,0.020251,0.024144,0.029141,0.034744,0.041227,0.048633,0.057149,0.066771,0.078821,0.092034,0.10612,0.12094,0.13657,0.15495,0.17447,0.19451,0.21493,0.23726,0.26167,0.28406,0.30275,0.3152,0.32045,0.31946,0.31188,0.29912,0.28292,0.26484,0.24616,0.22864,0.21342,0.19858,0.18291,0.16605,0.14755,0.12796,0.10793,0.088051,0.069102,0.053437,0.042255,0.034254,0.029105,0.026278,0.025056,0.02442,0.024151,0.02448,0.024548,0.024265,0.023683,0.022768,0.021512,0.0201,0.018359,0.016479,0.01451,0.012665,0.011204,0.01037,0.010235,0.010543,0.011164,0.012033,0.013552,0.016032,0.019634,0.025418,0.034187,0.044842,0.057323,0.070802,0.083721,0.095036,0.10534,0.11371,0.11964,0.12253,0.12142,0.11499,0.10242
0.12255,0.13725,0.14595,0.14886,0.14742,0.14304,0.13644,0.12778,0.1174,0.10623,0.094095,0.081087,0.067379,0.05439,0.04252,0.033039,0.025612,0.020156,0.016815,0.015632,0.015964,0.017551,0.020164,0.02369,0.028218,0.034231,0.041835,0.051908,0.063436,0.076221,0.090601,0.10637,0.1252,0.14561,0.16671,0.18818,0.21194,0.23878,0.26451,0.28704,0.30359,0.3126,0.3154,0.31128,0.30164,0.28831,0.27263,0.25545,0.23849,0.22342,0.20882,0.19309,0.17604,0.1572,0.13725,0.11691,0.096711,0.077292,0.060991,0.049033,0.04076,0.0354,0.032129,0.030239,0.028915,0.028058,0.028096,0.027715,0.026806,0.025394,0.023481,0.021247,0.019313,0.017256,0.015253,0.013665,0.01257,0.012111,0.012383,0.013241,0.014252,0.015006,0.015555,0.01629,0.017199,0.018423,0.020173,0.023215,0.027381,0.032214,0.03796,0.044156,0.050263,0.056496,0.062007,0.06624,0.068713,0.068963,0.066384,0.06059
0.19138,0.2159,0.23135,0.23757,0.23657,0.23071,0.22113,0.20837,0.19297,0.17628,0.15825,0.13899,0.11877,0.099327,0.08099,0.064917,0.050855,0.038671,0.028918,0.022129,0.017916,0.01595,0.015645,0.016721,0.01892,0.022582,0.028029,0.035789,0.045256,0.056365,0.068873,0.082724,0.099066,0.11704,0.13548,0.15403,0.1745,0.19766,0.21871,0.23617,0.24886,0.25615,0.25961,0.25887,0.25427,0.24642,0.23607,0.22404,0.21123,0.19877,0.1864,0.17274,0.15776,0.14125,0.1237,0.10584,0.088295,0.071698,0.057632,0.047144,0.040232,0.036331,0.034195,0.033146,0.03255,0.032277,0.032969,0.033322,0.033131,0.032197,0.03061,0.028696,0.027188,0.02579,0.024744,0.02472,0.025883,0.027862,0.030273,0.032621,0.034181,0.034337,0.033239,0.031388,0.029214,0.026891,0.02474,0.023508,0.023682,0.024044,0.025262,0.026915,0.029032,0.031607,0.034059,0.036154,0.037654,0.03839,0.038133,0.036811
0.23381,0.26187,0.27862,0.28501,0.28357,0.27699,0.26652,0.25288,0.23671,0.21924,0.20031,0.17997,0.15852,0.13744,0.11663,0.097129,0.078862,0.061871,0.046741,0.034963,0.026429,0.020834,0.017092,0.015623,0.015613,0.016744,0.019169,0.023327,0.029252,0.037117,0.047223,0.059145,0.073698,0.090213,0.10741,0.12485,0.14397,0.16474,0.18269,0.19669,0.20582,0.21,0.21023,0.20696,0.20111,0.19352,0.1846,0.1745,0.16395,0.15359,0.14346,0.13243,0.12047,0.10758,0.094245,0.080917,0.067975,0.055752,0.045433,0.038043,0.033392,0.031299,0.030561,0.030527,0.030769,0.031181,0.032293,0.033143,0.033633,0.033688,0.033467,0.033144,0.033566,0.034368,0.035775,0.038686,0.043232,0.049156,0.055659,0.061891,0.066606,0.068633,0.067901,0.064971,0.060238,0.054116,0.046875,0.040359,0.036058,0.032184,0.029493,0.027809,0.027012,0.026792,0.026926,0.027187,0.027224,0.02694,0.026275,0.025625
0.26809,0.30254,0.32192,0.32807,0.3247,0.31503,0.30108,0.2838,0.26454,0.24477,0.22474,0.20439,0.18361,0.1634,0.14294,0.12284,0.10315,0.084259,0.067026,0.052741,0.041166,0.032384,0.025862,0.021735,0.019485,0.018625,0.018634,0.019476,0.021316,0.024593,0.029546,0.035716,0.043849,0.054082,0.065577,0.078008,0.092183,0.10801,0.12193,0.13299,0.14051,0.14428,0.14498,0.1431,0.1391,0.1336,0.12691,0.11939,0.11135,0.10331,0.095441,0.087218,0.07874,0.070104,0.061722,0.053823,0.046661,0.040333,0.035503,0.032456,0.031179,0.031117,0.031506,0.031868,0.032182,0.032382,0.033184,0.033919,0.03469,0.035562,0.036525,0.037787,0.039849,0.04272,0.047224,0.054531,0.064876,0.077679,0.090927,0.10255,0.11138,0.116,0.11641,0.11324,0.10706,0.098489,0.087737,0.076684,0.067723,0.058511,0.050355,0.043468,0.038395,0.034557,0.03172,0.029666,0.028148,0.026744,0.025337,0.024632
0.25276,0.28304,0.29975,0.30462,0.30101,0.29194,0.27931,0.26424,0.24798,0.2314,0.21499,0.19887,0.18267,0.16724,0.15113,0.13432,0.11704,0.099986,0.083679,0.069727,0.058069,0.048457,0.040497,0.034844,0.030514,0.027504,0.025325,0.023919,0.023236,0.023809,0.025335,0.027699,0.030891,0.035313,0.040716,0.046865,0.054235,0.062764,0.070458,0.076567,0.080299,0.081457,0.080691,0.078493,0.075053,0.070836,0.066221,0.061566,0.05687,0.052241,0.047695,0.043095,0.038785,0.035027,0.032,0.029911,0.028315,0.026974,0.026244,0.026422,0.027281,0.028624,0.030234,0.031704,0.032994,0.034044,0.035302,0.036515,0.037832,0.03942,0.041506,0.044508,0.049116,0.055664,0.064839,0.078202,0.095828,0.11584,0.13526,0.15195,0.16475,0.17265,0.17569,0.1744,0.16967,0.16218,0.15186,0.14048,0.13048,0.1185,0.10581,0.093403,0.08247,0.073115,0.065643,0.059916,0.055452,0.051458,0.047327,0.04356
0.18998,0.20892,0.22077,0.22481,0.22312,0.21786,0.21046,0.20185,0.193,0.18451,0.17655,0.1692,0.16174,0.15397,0.14465,0.13368,0.12153,0.10867,0.095828,0.084406,0.074496,0.065806,0.058152,0.051982,0.046571,0.041976,0.037672,0.033684,0.030004,0.027505,0.025893,0.025187,0.025404,0.026337,0.027764,0.029912,0.032441,0.035224,0.037609,0.039376,0.040259,0.040152,0.039101,0.037605,0.03564,0.033688,0.031678,0.029734,0.02777,0.025616,0.023365,0.021211,0.019417,0.018248,0.017757,0.018094,0.01916,0.020463,0.022051,0.02397,0.025852,0.027695,0.029366,0.030733,0.031857,0.032626,0.033319,0.034289,0.035733,0.037793,0.040895,0.04562,0.052912,0.063023,0.076773,0.094843,0.11708,0.14133,0.16515,0.18656,0.2046,0.21812,0.22706,0.23159,0.2323,0.2303,0.22495,0.21694,0.20816,0.19584,0.18098,0.16458,0.14821,0.13284,0.11955,0.10865,0.099944,0.09246,0.084928,0.077231
0.14403,0.16095,0.17193,0.17638,0.17604,0.17271,0.16757,0.16132,0.15465,0.14797,0.14166,0.13577,0.13013,0.12491,0.11897,0.11227,0.10491,0.097023,0.088984,0.081916,0.075988,0.07052,0.065353,0.060791,0.056422,0.05256,0.048545,0.044199,0.039434,0.034998,0.031031,0.027792,0.02532,0.023641,0.022899,0.022956,0.023443,0.024264,0.025201,0.025928,0.026434,0.02655,0.026257,0.025818,0.025135,0.024402,0.023621,0.022842,0.022029,0.021044,0.019956,0.018861,0.018116,0.017866,0.018267,0.019408,0.021052,0.022942,0.024743,0.02645,0.027714,0.028629,0.029308,0.029628,0.029768,0.029661,0.029504,0.029967,0.031245,0.033772,0.037678,0.043292,0.051648,0.063089,0.078282,0.0971,0.1193,0.14294,0.16611,0.18727,0.20586,0.2213,0.23349,0.24282,0.2497,0.25487,0.25711,0.25543,0.25051,0.24054,0.2271,0.21182,0.19623,0.18161,0.1689,0.15801,0.14836,0.13848,0.12669,0.113
0.09392,0.10284,0.10881,0.11108,0.11073,0.10891,0.10643,0.10385,0.10148,0.099505,0.097891,0.096527,0.094919,0.093125,0.090673,0.088011,0.085173,0.082304,0.079558,0.07741,0.075831,0.07416,0.072324,0.070467,0.068357,0.06642,0.064137,0.061104,0.057251,0.052843,0.047917,0.042973,0.038416,0.034497,0.031361,0.029213,0.027793,0.02677,0.026583,0.02679,0.027323,0.027921,0.028327,0.028688,0.028685,0.028502,0.028324,0.028084,0.027548,0.026524,0.025154,0.023628,0.022177,0.021097,0.020523,0.020509,0.021015,0.021808,0.022555,0.023044,0.022902,0.022254,0.021238,0.020066,0.018896,0.017613,0.016632,0.016699,0.017712,0.019846,0.023282,0.028278,0.035498,0.045356,0.058615,0.074831,0.094297,0.11583,0.13781,0.15937,0.18036,0.20093,0.2206,0.23967,0.25893,0.27847,0.29732,0.31172,0.3196,0.31912,0.31092,0.29709,0.28036,0.26321,0.24758,0.23417,0.22223,0.20909,0.19212,0.17135
0.062382,0.066697,0.069751,0.070826,0.070499,0.069441,0.06815,0.066865,0.065863,0.065386,0.065496,0.06588,0.066246,0.066354,0.065997,0.065499,0.064894,0.064322,0.064213,0.064779,0.066129,0.067585,0.069146,0.070422,0.071367,0.07227,0.072596,0.07197,0.070196,0.06712,0.062587,0.057165,0.051741,0.046742,0.042647,0.039622,0.037642,0.036366,0.036512,0.037086,0.03827,0.039793,0.041187,0.0426,0.043633,0.044439,0.045007,0.045077,0.044455,0.042977,0.040913,0.038459,0.035858,0.033593,0.03168,0.030026,0.028785,0.027907,0.027033,0.026,0.024381,0.022325,0.020018,0.017677,0.015664,0.013764,0.012268,0.011737,0.012222,0.013923,0.016611,0.020504,0.025952,0.033243,0.04295,0.055073,0.069876,0.086693,0.10476,0.1233,0.14266,0.1636,0.18522,0.20759,0.23172,0.25762,0.28607,0.31187,0.33129,0.34212,0.34438,0.3397,0.33059,0.3189,0.30678,0.29533,0.28405,0.27051,0.2513,0.22496
0.041136,0.042569,0.043908,0.044521,0.044532,0.044257,0.043936,0.043785,0.043899,0.044352,0.045254,0.046438,0.047796,0.049113,0.050247,0.051857,0.053865,0.055814,0.058033,0.060413,0.0632,0.06581,0.068255,0.070451,0.072583,0.074721,0.076746,0.078931,0.080528,0.080805,0.079342,0.076427,0.072801,0.068675,0.064495,0.060502,0.057515,0.055744,0.056409,0.058347,0.062002,0.06658,0.071331,0.076019,0.079983,0.083194,0.085407,0.086088,0.085012,0.082062,0.077702,0.072493,0.06639,0.059908,0.053334,0.047061,0.041442,0.036598,0.031985,0.027728,0.024049,0.020645,0.017609,0.015139,0.01331,0.011842,0.010757,0.010335,0.010697,0.011754,0.013329,0.015604,0.018789,0.023062,0.028759,0.035635,0.044068,0.053933,0.064993,0.077486,0.092279,0.11038,0.13063,0.15314,0.17829,0.20522,0.23584,0.26688,0.29472,0.31707,0.33303,0.34287,0.34904,0.35124,0.35029,0.34701,0.34061,0.3283,0.30578,0.27075
0.028839,0.027508,0.02731,0.027217,0.027073,0.02695,0.026898,0.02702,0.027298,0.027832,0.028634,0.029711,0.030978,0.032392,0.033905,0.036053,0.03872,0.041502,0.044757,0.048208,0.051942,0.055676,0.059395,0.062976,0.066619,0.070604,0.075256,0.081131,0.086904,0.091478,0.094535,0.096284,0.09662,0.096042,0.095279,0.094288,0.09426,0.095308,0.098777,0.10354,0.11067,0.11899,0.12712,0.13425,0.13978,0.14356,0.1456,0.1454,0.1428,0.13802,0.13148,0.12359,0.11386,0.10288,0.091049,0.079009,0.067452,0.056927,0.047084,0.038295,0.03139,0.025863,0.021833,0.019002,0.017133,0.015635,0.014358,0.013362,0.012791,0.012656,0.012836,0.013524,0.014651,0.016314,0.018747,0.022226,0.026788,0.032319,0.03906,0.047473,0.058638,0.073598,0.090839,0.11027,0.13203,0.1548,0.18035,0.2062,0.22967,0.25032,0.26799,0.28261,0.29706,0.30885,0.31735,0.3225,0.32301,0.31586,0.2968,0.26341
0.027117,0.024977,0.024547,0.024508,0.024571,0.024658,0.024815,0.024985,0.025037,0.02498,0.024856,0.024558,0.024292,0.024134,0.024191,0.024767,0.025961,0.027362,0.029199,0.031186,0.033528,0.036154,0.039144,0.042601,0.046828,0.051851,0.058246,0.066951,0.076229,0.085153,0.093342,0.10093,0.10735,0.11325,0.11896,0.12456,0.13134,0.13965,0.14993,0.16135,0.17521,0.18966,0.2033,0.21531,0.22497,0.23244,0.23696,0.23757,0.23417,0.22708,0.21729,0.20508,0.18969,0.17208,0.15252,0.13214,0.11191,0.092935,0.075281,0.059536,0.047385,0.038458,0.032429,0.028878,0.026809,0.025339,0.024189,0.0232,0.022446,0.021745,0.020964,0.020202,0.01937,0.018624,0.01816,0.017989,0.018312,0.019324,0.021301,0.024516,0.029754,0.038065,0.049295,0.062764,0.078135,0.093963,0.11138,0.12951,0.14639,0.16143,0.1748,0.187,0.2012,0.21476,0.22655,0.23583,0.24127,0.24046,0.23034,0.20954
0.029851,0.027289,0.026496,0.026252,0.026239,0.026439,0.026787,0.027196,0.027485,0.027534,0.027311,0.026649,0.025681,0.024523,0.023388,0.022465,0.022,0.021789,0.021993,0.022417,0.023126,0.024167,0.025651,0.027659,0.030536,0.034652,0.040868,0.050367,0.061559,0.073611,0.086668,0.1001,0.11248,0.12401,0.13471,0.14498,0.15603,0.16819,0.18262,0.1987,0.21707,0.23575,0.25391,0.27036,0.28428,0.29466,0.30099,0.30222,0.29791,0.28883,0.27638,0.26096,0.24174,0.21954,0.19446,0.16793,0.14142,0.11631,0.092922,0.072193,0.056829,0.045953,0.039018,0.034988,0.032664,0.031246,0.030471,0.030083,0.029721,0.029199,0.028327,0.027077,0.025386,0.023396,0.021227,0.019104,0.017368,0.016248,0.015881,0.016269,0.01803,0.021868,0.027875,0.035836,0.045282,0.054894,0.065345,0.076489,0.087155,0.09744,0.10769,0.11811,0.13158,0.1451,0.15734,0.16738,0.17401,0.17521,0.16878,0.1544
0.039515,0.039081,0.039466,0.040064,0.040594,0.041168,0.041738,0.042194,0.042255,0.041694,0.040433,0.038272,0.035406,0.032101,0.028738,0.025487,0.022819,0.020997,0.019837,0.01912,0.018915,0.019165,0.01985,0.020945,0.022713,0.025433,0.029903,0.037243,0.046177,0.056582,0.069864,0.085435,0.10121,0.11673,0.13196,0.14677,0.16245,0.17998,0.19984,0.22042,0.24277,0.26498,0.28655,0.30539,0.32032,0.33094,0.33687,0.33735,0.33263,0.32359,0.31094,0.29505,0.27487,0.25065,0.22249,0.19209,0.16112,0.13112,0.10292,0.078378,0.060733,0.04895,0.042122,0.038372,0.036019,0.034295,0.032908,0.031677,0.030337,0.028843,0.027163,0.025271,0.02307,0.020724,0.018359,0.016237,0.014587,0.013603,0.013633,0.014325,0.015956,0.018351,0.021746,0.025868,0.030529,0.035041,0.039688,0.044791,0.049841,0.055032,0.060693,0.067072,0.076459,0.086663,0.096452,0.10511,0.11182,0.11522,0.11364,0.1065
0.056193,0.058754,0.061604,0.06395,0.065729,0.067183,0.068186,0.068666,0.0684,0.067171,0.064784,0.061026,0.056139,0.050504,0.044583,0.038637,0.033286,0.028762,0.024949,0.021794,0.019316,0.017586,0.016557,0.016197,0.016689,0.018155,0.02106,0.026172,0.03294,0.041837,0.054824,0.071959,0.091216,0.11147,0.13221,0.15289,0.17399,0.1974,0.22304,0.2486,0.27442,0.29797,0.31749,0.33099,0.33847,0.34053,0.3381,0.33233,0.32432,0.31425,0.30185,0.2873,0.26993,0.24925,0.22445,0.19673,0.1674,0.13785,0.10921,0.083985,0.065939,0.054074,0.046836,0.042974,0.040731,0.039109,0.037566,0.03597,0.034278,0.032549,0.030724,0.02868,0.026316,0.023794,0.021272,0.019105,0.017545,0.016762,0.016767,0.017339,0.018409,0.019696,0.021289,0.023341,0.025608,0.027496,0.0291,0.031044,0.033054,0.035317,0.038017,0.041181,0.045986,0.051233,0.056325,0.061163,0.06527,0.067991,0.068638,0.067102
0.074665,0.082105,0.088537,0.093172,0.096294,0.09844,0.099717,0.10016,0.099623,0.097825,0.094553,0.089613,0.083212,0.07585,0.067931,0.059589,0.051665,0.044676,0.038426,0.033036,0.028493,0.024909,0.022227,0.020583,0.020254,0.021063,0.023186,0.026946,0.032451,0.040301,0.052517,0.069369,0.089789,0.11237,0.13597,0.15975,0.18342,0.2084,0.23422,0.25774,0.27874,0.29502,0.30462,0.30692,0.30282,0.29434,0.28385,0.27338,0.26387,0.25527,0.24642,0.23658,0.22551,0.21209,0.19494,0.17479,0.15251,0.12901,0.10548,0.084229,0.068502,0.059204,0.05371,0.050752,0.048925,0.047362,0.045969,0.044747,0.043383,0.041894,0.040235,0.038316,0.03616,0.033733,0.031324,0.029453,0.028665,0.028534,0.029127,0.030073,0.031173,0.032485,0.033954,0.035419,0.036696,0.037278,0.037212,0.037078,0.036868,0.03679,0.036798,0.036953,0.037811,0.038911,0.039952,0.04118,0.04211,0.042568,0.042483,0.042528
0.092904,0.10477,0.11465,0.1214,0.12564,0.12828,0.12955,0.12961,0.12856,0.12628,0.12261,0.11755,0.11134,0.10416,0.096285,0.087782,0.079351,0.071254,0.06354,0.056381,0.049826,0.04413,0.03944,0.036076,0.034367,0.033947,0.034902,0.037321,0.041403,0.04776,0.058164,0.072967,0.091544,0.11191,0.1331,0.15405,0.17385,0.19285,0.21024,0.22392,0.2331,0.2369,0.23472,0.22819,0.21918,0.2097,0.20067,0.19377,0.18875,0.18483,0.18075,0.17609,0.17111,0.16434,0.15458,0.14205,0.12705,0.10998,0.091764,0.075136,0.062866,0.055718,0.051957,0.050628,0.049841,0.049047,0.047849,0.046549,0.045185,0.04378,0.04236,0.041038,0.039875,0.038783,0.038224,0.038501,0.039839,0.041951,0.04468,0.047406,0.050193,0.052822,0.055665,0.058524,0.06079,0.062076,0.062642,0.062696,0.062201,0.061403,0.060251,0.058702,0.057048,0.055236,0.053295,0.051733,0.049855,0.047412,0.044305,0.041274
0.09324,0.10424,0.11376,0.12041,0.12469,0.12733,0.12888,0.12963,0.12988,0.12964,0.12899,0.12787,0.12613,0.12376,0.12069,0.11687,0.11239,0.1074,0.10168,0.095583,0.088933,0.082397,0.076389,0.071091,0.066947,0.063766,0.061544,0.060206,0.06038,0.06231,0.06714,0.07538,0.087155,0.10043,0.11442,0.12798,0.14021,0.15096,0.15939,0.16478,0.16725,0.16663,0.16182,0.1535,0.14288,0.1314,0.12063,0.11237,0.10668,0.10334,0.10131,0.10015,0.099776,0.098894,0.096573,0.092422,0.08614,0.077877,0.068287,0.059892,0.053868,0.051714,0.051161,0.051816,0.052543,0.0527,0.052374,0.051894,0.051454,0.05108,0.05093,0.051246,0.052257,0.053996,0.056661,0.060531,0.06583,0.071922,0.078622,0.085301,0.091749,0.09742,0.10241,0.10686,0.11012,0.1119,0.11225,0.11144,0.10976,0.10749,0.10455,0.10085,0.096139,0.091207,0.086202,0.082,0.077267,0.071309,0.063691,0.055234
0.088843,0.095143,0.10179,0.10673,0.11017,0.11264,0.11463,0.11632,0.11801,0.1198,0.12178,0.12388,0.12613,0.12836,0.13038,0.132,0.13302,0.13298,0.1321,0.13028,0.12738,0.12367,0.11925,0.11412,0.109,0.10344,0.097382,0.090895,0.084832,0.080097,0.077061,0.076623,0.079401,0.084181,0.090162,0.096337,0.10221,0.10684,0.10986,0.11108,0.11048,0.10794,0.10298,0.096159,0.088174,0.079886,0.072071,0.066119,0.062764,0.061427,0.060998,0.061207,0.061855,0.061997,0.061466,0.060491,0.058945,0.057048,0.05488,0.054178,0.054812,0.058276,0.062111,0.065628,0.068523,0.070408,0.071305,0.071628,0.071625,0.071402,0.071391,0.071814,0.073074,0.075468,0.079618,0.085346,0.092514,0.10023,0.10856,0.11697,0.12511,0.13229,0.13867,0.14409,0.14794,0.15008,0.1509,0.15068,0.1495,0.14772,0.14513,0.14158,0.13632,0.13029,0.12395,0.11834,0.11198,0.10379,0.092986,0.079862
0.064095,0.071156,0.077179,0.081103,0.083166,0.083968,0.083758,0.082445,0.080384,0.078492,0.077489,0.077054,0.077525,0.078829,0.07981,0.080057,0.07949,0.078366,0.076562,0.07397,0.070415,0.066885,0.063799,0.061315,0.060116,0.059337,0.058768,0.058658,0.059206,0.060761,0.063514,0.066907,0.070806,0.075417,0.080435,0.085423,0.090751,0.097314,0.10447,0.11142,0.11701,0.11991,0.11985,0.11785,0.11528,0.11128,0.10615,0.10099,0.096282,0.092188,0.089156,0.087514,0.087289,0.088738,0.092348,0.097123,0.10304,0.10952,0.11544,0.12038,0.12395,0.126,0.12694,0.1259,0.12292,0.11894,0.11426,0.10915,0.1042,0.099597,0.09541,0.091661,0.088594,0.086448,0.085519,0.084777,0.084206,0.084456,0.08535,0.086858,0.088829,0.091273,0.093397,0.095525,0.097919,0.10096,0.10573,0.11353,0.12427,0.13674,0.15018,0.16408,0.17572,0.18452,0.19002,0.1919,0.1899,0.18273,0.16934,0.15134
0.051081,0.057367,0.062688,0.066013,0.067479,0.067339,0.065829,0.062856,0.058875,0.054679,0.051093,0.048359,0.046967,0.047289,0.048383,0.049754,0.051255,0.052582,0.05366,0.054516,0.055006,0.056236,0.058227,0.061101,0.064786,0.068459,0.071737,0.074689,0.078205,0.081845,0.086486,0.092145,0.098236,0.10485,0.11141,0.11759,0.12473,0.13336,0.14299,0.15201,0.15923,0.16298,0.16272,0.1594,0.15448,0.14678,0.13699,0.12661,0.11673,0.10777,0.10032,0.095174,0.09129,0.088767,0.087881,0.08763,0.087983,0.089094,0.091195,0.092977,0.094101,0.094553,0.094825,0.093794,0.09138,0.08804,0.083862,0.078916,0.073745,0.068497,0.063587,0.059096,0.055292,0.052375,0.050638,0.04935,0.048775,0.048888,0.049803,0.051528,0.054073,0.057449,0.061265,0.06568,0.070852,0.077352,0.08655,0.099365,0.11553,0.13408,0.15403,0.17461,0.19259,0.20759,0.21832,0.22432,0.22483,0.21792,0.20184,0.17642
0.046498,0.050993,0.054654,0.056853,0.057597,0.057041,0.055261,0.052189,0.047894,0.042902,0.0378,0.033242,0.029394,0.02649,0.024971,0.024607,0.025451,0.02721,0.029655,0.032816,0.036504,0.041363,0.047218,0.05396,0.061837,0.069966,0.078007,0.086126,0.096757,0.1082,0.12053,0.1327,0.14426,0.1542,0.16221,0.16856,0.17548,0.18387,0.19378,0.20441,0.21434,0.22133,0.22413,0.22273,0.21811,0.20903,0.19628,0.18172,0.16675,0.15185,0.13781,0.12652,0.11598,0.10623,0.097888,0.08997,0.082836,0.076953,0.073471,0.070584,0.068445,0.066951,0.066275,0.065291,0.063702,0.061772,0.059288,0.056238,0.052881,0.049384,0.046119,0.043068,0.040507,0.038326,0.036592,0.034834,0.03339,0.032079,0.031016,0.030494,0.030592,0.031931,0.034552,0.038211,0.043058,0.049388,0.05829,0.070696,0.086829,0.10573,0.12609,0.14707,0.16579,0.18212,0.19414,0.20129,0.20291,0.19709,0.18249,0.15953
0.047211,0.048024,0.048185,0.047586,0.046319,0.044504,0.042191,0.039463,0.036007,0.032094,0.027948,0.02435,0.021293,0.018971,0.017707,0.017055,0.017196,0.018307,0.020149,0.022811,0.02624,0.03087,0.036974,0.044442,0.053663,0.06377,0.07442,0.086115,0.10235,0.1205,0.14079,0.16209,0.18311,0.20199,0.21823,0.23277,0.24944,0.26712,0.28504,0.30065,0.31121,0.31548,0.31344,0.3062,0.29498,0.27917,0.26016,0.23948,0.2182,0.19676,0.17613,0.15882,0.14175,0.12491,0.10871,0.092902,0.078492,0.066177,0.057769,0.051167,0.046435,0.043337,0.041961,0.041096,0.040265,0.039576,0.038764,0.037651,0.036256,0.034696,0.033238,0.031938,0.030948,0.030154,0.029441,0.028484,0.027563,0.026428,0.025075,0.023669,0.022351,0.021862,0.02231,0.023514,0.025475,0.028328,0.032892,0.039931,0.04985,0.062261,0.076351,0.090976,0.10413,0.11632,0.12578,0.13221,0.13532,0.13373,0.12677,0.1149
0.068868,0.071176,0.070704,0.068315,0.064878,0.061024,0.05716,0.053601,0.049473,0.044645,0.039036,0.033456,0.027761,0.022304,0.01838,0.0154,0.013255,0.012185,0.011845,0.012491,0.013846,0.016579,0.0209,0.026807,0.034547,0.043654,0.053704,0.065196,0.081812,0.10099,0.12362,0.14848,0.17409,0.19839,0.22082,0.2435,0.27083,0.29997,0.32868,0.35347,0.37135,0.38113,0.3827,0.3758,0.3614,0.34053,0.31549,0.2887,0.26136,0.23389,0.20776,0.18566,0.16356,0.14094,0.11835,0.096177,0.076217,0.059413,0.048331,0.040381,0.03499,0.031252,0.028878,0.027209,0.025968,0.024991,0.024182,0.023457,0.022842,0.022292,0.021811,0.021565,0.02158,0.021766,0.021884,0.021697,0.021531,0.020907,0.019743,0.018229,0.016619,0.015398,0.015027,0.015152,0.015922,0.017364,0.019868,0.023735,0.029418,0.036672,0.045057,0.053811,0.061786,0.069632,0.075927,0.080574,0.083441,0.083695,0.081105,0.075945
0.10026,0.10972,0.11354,0.11299,0.10989,0.10557,0.10101,0.096802,0.091664,0.085136,0.076752,0.067172,0.056412,0.045288,0.036363,0.028639,0.022242,0.017822,0.01455,0.012296,0.011243,0.011804,0.013986,0.017805,0.023465,0.031387,0.041016,0.052631,0.069079,0.087987,0.11098,0.13674,0.16339,0.18822,0.21068,0.23278,0.25818,0.28439,0.3095,0.33236,0.34977,0.36019,0.36315,0.35805,0.34534,0.32628,0.30303,0.27806,0.25234,0.22678,0.2024,0.18117,0.1597,0.13714,0.11412,0.091404,0.070842,0.054139,0.043244,0.035381,0.030247,0.026748,0.024402,0.02285,0.021751,0.021172,0.021037,0.021118,0.021317,0.021598,0.021963,0.022554,0.023442,0.024347,0.024962,0.025032,0.024905,0.02401,0.022253,0.019871,0.017232,0.014932,0.013299,0.01228,0.011958,0.012224,0.013116,0.014942,0.018064,0.022651,0.028256,0.034206,0.039563,0.045013,0.049578,0.053132,0.055626,0.056584,0.055952,0.053749
0.15436,0.17184,0.18029,0.18173,0.17882,0.17367,0.1678,0.162,0.15485,0.1455,0.13329,0.11835,0.10103,0.082423,0.065955,0.051748,0.03945,0.029624,0.021819,0.016259,0.013367,0.012334,0.012975,0.015151,0.018797,0.024471,0.03207,0.041823,0.055621,0.071969,0.093339,0.1188,0.14609,0.17211,0.19549,0.21784,0.24115,0.26266,0.28134,0.29727,0.30899,0.31612,0.31819,0.31431,0.30424,0.28894,0.26943,0.24802,0.22529,0.20202,0.17979,0.16002,0.14012,0.11878,0.096793,0.075401,0.057005,0.043733,0.036045,0.03093,0.027669,0.025483,0.024251,0.023757,0.023552,0.023654,0.024025,0.024638,0.025497,0.026528,0.027727,0.029026,0.030234,0.031109,0.031338,0.030731,0.02969,0.028254,0.026253,0.023983,0.021838,0.01985,0.018432,0.017625,0.017304,0.017254,0.017471,0.018076,0.019318,0.021214,0.023549,0.025829,0.027927,0.030267,0.032332,0.03399,0.035289,0.036085,0.036471,0.036636
0.22375,0.2526,0.26899,0.27489,0.27421,0.26979,0.26336,0.25583,0.24562,0.23192,0.21414,0.1926,0.16821,0.14179,0.11701,0.095438,0.076387,0.059954,0.045743,0.034304,0.026564,0.021238,0.018217,0.017334,0.018093,0.020541,0.024675,0.030635,0.039679,0.051368,0.067596,0.087531,0.10934,0.13028,0.14892,0.16674,0.18446,0.19966,0.21174,0.22177,0.22963,0.23474,0.23663,0.23506,0.22954,0.22066,0.20867,0.19459,0.17877,0.16182,0.14489,0.12853,0.11166,0.093626,0.075649,0.05934,0.046441,0.037972,0.03327,0.030284,0.028414,0.027215,0.026514,0.026222,0.026089,0.026232,0.026856,0.027815,0.028988,0.030226,0.031425,0.032543,0.033323,0.033537,0.033184,0.032171,0.030718,0.029148,0.027641,0.026256,0.025019,0.0241,0.02353,0.023217,0.023067,0.022754,0.022176,0.021556,0.021079,0.021088,0.02128,0.021485,0.021737,0.022318,0.022925,0.023494,0.024017,0.02437,0.024869,0.026158
0.28442,0.32147,0.34396,0.35441,0.35747,0.3563,0.35241,0.34616,0.33597,0.32035,0.29834,0.27026,0.23797,0.20395,0.17157,0.1434,0.11812,0.095375,0.075171,0.058156,0.045738,0.035573,0.027559,0.022049,0.018829,0.017187,0.01695,0.018099,0.021206,0.026412,0.035483,0.048301,0.063475,0.078828,0.092776,0.10617,0.11882,0.12957,0.1383,0.14582,0.15255,0.15751,0.16036,0.16069,0.15823,0.15309,0.14548,0.136,0.12493,0.11284,0.10095,0.089121,0.077164,0.06467,0.052483,0.042028,0.034135,0.029586,0.027655,0.027205,0.027697,0.028559,0.029382,0.029824,0.029924,0.029843,0.029941,0.03033,0.031086,0.032108,0.033252,0.03429,0.034912,0.035013,0.034474,0.033327,0.03214,0.031259,0.03069,0.03054,0.031143,0.032335,0.033804,0.035289,0.036423,0.036745,0.036031,0.034473,0.032283,0.030099,0.028072,0.026045,0.024361,0.023194,0.022319,0.021699,0.021282,0.020861,0.02057,0.021386
0.308,0.34688,0.37114,0.38387,0.38995,0.3925,0.39261,0.39012,0.38359,0.37078,0.35019,0.32132,0.28467,0.24307,0.20469,0.17553,0.15064,0.12795,0.10716,0.088337,0.073166,0.059376,0.046715,0.035473,0.026465,0.019822,0.016021,0.014364,0.014136,0.01523,0.01806,0.023164,0.03056,0.039058,0.047185,0.055767,0.06446,0.072475,0.079507,0.085832,0.091933,0.096827,0.10025,0.1019,0.10144,0.098814,0.093918,0.087316,0.079368,0.07062,0.06248,0.054699,0.047287,0.039943,0.033544,0.02874,0.025702,0.024941,0.025946,0.028337,0.031311,0.034217,0.036643,0.037979,0.03842,0.038284,0.037903,0.03757,0.037357,0.037234,0.037042,0.036586,0.035599,0.034292,0.032788,0.031397,0.030609,0.030869,0.032168,0.034805,0.03927,0.044966,0.050384,0.055233,0.058832,0.060568,0.060033,0.057448,0.053192,0.048087,0.042926,0.037816,0.033686,0.030438,0.02794,0.026049,0.024698,0.023608,0.022761,0.022914
0.29496,0.33162,0.35548,0.36923,0.37744,0.38323,0.38752,0.38977,0.3887,0.3819,0.3679,0.34648,0.31713,0.28083,0.24162,0.21093,0.18817,0.16854,0.15038,0.13269,0.11653,0.099949,0.083087,0.066242,0.050217,0.035972,0.025856,0.019981,0.016676,0.015242,0.014953,0.015862,0.017955,0.020971,0.02426,0.028132,0.032326,0.036466,0.04039,0.044219,0.048386,0.052072,0.055009,0.056713,0.056967,0.055669,0.05261,0.048343,0.043237,0.037829,0.033178,0.028868,0.024994,0.021836,0.019714,0.019076,0.019782,0.022071,0.025255,0.0287,0.032067,0.034822,0.036476,0.03669,0.035633,0.033872,0.031762,0.029849,0.02813,0.026743,0.02567,0.02482,0.023767,0.022841,0.022305,0.022384,0.023511,0.025956,0.03009,0.036586,0.046045,0.05746,0.067947,0.077027,0.083846,0.08779,0.088262,0.085463,0.080311,0.073519,0.066428,0.059153,0.053111,0.048054,0.043873,0.040583,0.038101,0.036073,0.034211,0.032843
0.23673,0.26401,0.28275,0.29402,0.30128,0.30713,0.31227,0.3166,0.31915,0.31842,0.31304,0.30309,0.28813,0.26832,0.24479,0.22442,0.21023,0.19907,0.18838,0.17647,0.1633,0.14787,0.1303,0.11113,0.091248,0.071486,0.054499,0.04126,0.030941,0.023757,0.018689,0.01561,0.014336,0.014579,0.015601,0.017147,0.018788,0.020436,0.022122,0.023812,0.025837,0.027673,0.029076,0.029738,0.029737,0.028948,0.027258,0.025191,0.022996,0.020909,0.019468,0.018383,0.017947,0.018359,0.019433,0.02144,0.024229,0.027768,0.031321,0.034498,0.037076,0.038682,0.038897,0.037484,0.03491,0.031637,0.028259,0.025192,0.022638,0.020812,0.01982,0.019287,0.018845,0.018821,0.019439,0.020976,0.023861,0.028792,0.036342,0.047218,0.061923,0.079307,0.095867,0.11073,0.12284,0.13152,0.13596,0.1363,0.13374,0.12773,0.12015,0.11178,0.10447,0.097967,0.09216,0.087016,0.082417,0.077685,0.071952,0.064968
0.16876,0.19103,0.20671,0.21646,0.2225,0.22676,0.23008,0.23237,0.23312,0.23215,0.22943,0.22621,0.2235,0.22184,0.2192,0.21619,0.21478,0.2141,0.21298,0.20939,0.20267,0.19227,0.17859,0.16191,0.14306,0.123,0.10444,0.088081,0.072653,0.058321,0.044937,0.03425,0.026609,0.02171,0.01926,0.017641,0.01635,0.015179,0.014156,0.013234,0.012542,0.012121,0.011749,0.011192,0.01063,0.010009,0.0093359,0.0089088,0.0088464,0.0090261,0.0095751,0.010415,0.011745,0.014073,0.017318,0.021471,0.026382,0.03133,0.035706,0.039115,0.041286,0.042287,0.041854,0.039912,0.036833,0.033095,0.02921,0.025637,0.02266,0.020375,0.018942,0.018138,0.017642,0.017849,0.018848,0.020877,0.02454,0.030208,0.038339,0.049138,0.063345,0.080644,0.097989,0.11436,0.12881,0.14083,0.15011,0.1564,0.16121,0.16224,0.16081,0.15725,0.15357,0.14975,0.1455,0.14101,0.13589,0.12897,0.11873,0.10465
0.12616,0.1442,0.15688,0.16476,0.16973,0.17327,0.17606,0.17819,0.17908,0.17852,0.17662,0.17431,0.17361,0.17527,0.17858,0.18236,0.18728,0.19259,0.1977,0.20069,0.20075,0.19736,0.19077,0.18068,0.16786,0.15301,0.13828,0.12404,0.1093,0.094542,0.079362,0.064796,0.051754,0.041347,0.034677,0.029817,0.026145,0.023083,0.020464,0.018101,0.016041,0.014374,0.012984,0.011681,0.010443,0.009173,0.0079255,0.0070018,0.0064891,0.0062898,0.0065189,0.0071407,0.0083314,0.010498,0.013796,0.018134,0.023095,0.027771,0.031399,0.03378,0.03504,0.035468,0.03479,0.032809,0.030005,0.026711,0.023508,0.020792,0.018681,0.017223,0.016392,0.016153,0.016176,0.016831,0.018425,0.021304,0.025853,0.031891,0.039674,0.049288,0.061831,0.077966,0.095176,0.11223,0.12829,0.14312,0.1568,0.16935,0.18286,0.19291,0.19915,0.20155,0.2017,0.20025,0.19736,0.19349,0.18821,0.17982,0.16624,0.14706
0.081214,0.091607,0.098864,0.10344,0.10653,0.10906,0.11161,0.11436,0.11697,0.11943,0.12185,0.12493,0.13112,0.14147,0.15534,0.16916,0.18218,0.19377,0.20392,0.21157,0.21563,0.21616,0.21294,0.20599,0.19619,0.18413,0.17171,0.15918,0.14576,0.13163,0.11677,0.10191,0.087518,0.074702,0.065403,0.057609,0.050768,0.044346,0.038607,0.033385,0.028736,0.025095,0.022128,0.019391,0.016868,0.014551,0.012231,0.01037,0.0089939,0.008143,0.0077228,0.0077946,0.0085193,0.010228,0.013088,0.016875,0.020984,0.024526,0.026888,0.028024,0.028145,0.027648,0.02638,0.024337,0.022027,0.019615,0.01741,0.015629,0.014467,0.013941,0.01387,0.014074,0.014232,0.014749,0.015901,0.017957,0.021058,0.024931,0.030146,0.036893,0.046102,0.059122,0.074296,0.090564,0.10749,0.12486,0.14304,0.16245,0.18587,0.20807,0.22546,0.23701,0.24396,0.24715,0.24728,0.24523,0.24061,0.23174,0.21624,0.19333
0.04769,0.052732,0.05644,0.058708,0.060061,0.060966,0.061778,0.062655,0.0635,0.064549,0.066078,0.068691,0.074744,0.085209,0.099122,0.11393,0.12835,0.14216,0.15587,0.16803,0.17818,0.18603,0.1913,0.19332,0.19213,0.18831,0.1832,0.1772,0.16974,0.16096,0.15071,0.13919,0.1272,0.11559,0.10624,0.097525,0.088807,0.0798,0.071166,0.062849,0.055241,0.049127,0.043755,0.038464,0.033444,0.028795,0.02437,0.020565,0.01746,0.01533,0.013575,0.012464,0.012006,0.012332,0.013416,0.015026,0.016888,0.018177,0.018649,0.018447,0.017655,0.016618,0.015469,0.014072,0.01267,0.011367,0.010423,0.010036,0.010395,0.011248,0.012453,0.013752,0.014822,0.01615,0.017795,0.019618,0.021732,0.023996,0.026981,0.031136,0.037549,0.047689,0.060698,0.075787,0.09307,0.11233,0.13501,0.16173,0.19444,0.22827,0.25738,0.279,0.29346,0.30201,0.30576,0.30573,0.30181,0.29199,0.27341,0.24464
0.030285,0.032507,0.034183,0.035081,0.035419,0.035424,0.035305,0.035189,0.035059,0.035229,0.03604,0.038178,0.043682,0.05366,0.06667,0.080007,0.092869,0.1052,0.11872,0.1317,0.14341,0.15352,0.16183,0.16812,0.17259,0.17553,0.17772,0.17936,0.17924,0.17761,0.17446,0.16985,0.16401,0.15743,0.15152,0.14512,0.13756,0.12849,0.11851,0.10798,0.097465,0.08828,0.079852,0.071347,0.063164,0.055595,0.048191,0.04147,0.03598,0.03192,0.028519,0.025966,0.023951,0.022514,0.021679,0.021185,0.020774,0.01991,0.01868,0.017183,0.015372,0.013567,0.01212,0.010844,0.0099065,0.0094283,0.0094927,0.010176,0.011473,0.013168,0.015074,0.016771,0.017949,0.019084,0.020183,0.021097,0.021921,0.022615,0.023612,0.025158,0.02837,0.034857,0.044487,0.056682,0.071687,0.090178,0.1138,0.14286,0.17754,0.21537,0.24971,0.27769,0.29827,0.31251,0.32128,0.32551,0.32486,0.31716,0.29898,0.26806
0.022136,0.022339,0.022537,0.022473,0.022152,0.02163,0.021043,0.020491,0.019998,0.01979,0.020003,0.020876,0.023836,0.030042,0.039367,0.049911,0.060864,0.072369,0.086151,0.10078,0.11529,0.12892,0.14144,0.15261,0.16235,0.17092,0.17916,0.18761,0.19474,0.20048,0.20435,0.20637,0.20682,0.20535,0.20303,0.19931,0.1932,0.1846,0.17461,0.16316,0.15117,0.13989,0.12861,0.11665,0.10462,0.092945,0.08147,0.070743,0.061616,0.054679,0.048539,0.043212,0.038539,0.034294,0.030392,0.026982,0.023904,0.020803,0.018229,0.016345,0.01458,0.013105,0.012257,0.011843,0.011906,0.012505,0.01357,0.015083,0.01694,0.018899,0.0209,0.022611,0.023903,0.024848,0.025307,0.025092,0.024293,0.023139,0.022152,0.021633,0.022251,0.025117,0.030498,0.038153,0.048635,0.062755,0.083296,0.11098,0.14391,0.18052,0.21437,0.24253,0.26414,0.28014,0.29092,0.29696,0.29787,0.29171,0.27536,0.24692
0.024492,0.024212,0.024364,0.024357,0.024042,0.023466,0.022684,0.021678,0.020457,0.01919,0.017948,0.016673,0.016106,0.017128,0.020056,0.025148,0.031632,0.039849,0.051216,0.064218,0.078186,0.09231,0.10605,0.11941,0.13217,0.14448,0.15691,0.17091,0.18443,0.19714,0.20864,0.21913,0.22957,0.23824,0.24503,0.24941,0.25044,0.24773,0.24189,0.23277,0.2213,0.20907,0.1958,0.18106,0.16538,0.14955,0.13363,0.11818,0.10431,0.093279,0.083235,0.073988,0.065283,0.056796,0.048643,0.041117,0.034372,0.028263,0.023728,0.0209,0.019011,0.017866,0.017732,0.018245,0.01934,0.020922,0.022859,0.024785,0.026698,0.028417,0.029848,0.030648,0.030889,0.030525,0.029397,0.02738,0.024613,0.021419,0.018502,0.016217,0.01483,0.014737,0.016404,0.020168,0.026612,0.036447,0.052082,0.074133,0.10035,0.12991,0.15777,0.18116,0.19918,0.21297,0.22252,0.22808,0.22925,0.2245,0.21155,0.18922
0.039663,0.041009,0.041816,0.041814,0.04104,0.039755,0.03799,0.035655,0.032772,0.029557,0.026001,0.022093,0.018232,0.015207,0.013445,0.013571,0.015415,0.019125,0.02583,0.034728,0.045422,0.057335,0.069809,0.083075,0.096956,0.11183,0.12804,0.14749,0.16766,0.18769,0.20712,0.22566,0.2457,0.26607,0.28544,0.3023,0.31546,0.32353,0.32472,0.31834,0.3048,0.2861,0.26396,0.24029,0.21667,0.19378,0.17191,0.15165,0.13394,0.12004,0.10764,0.095972,0.084722,0.073461,0.062411,0.052072,0.042699,0.034584,0.028828,0.025644,0.024177,0.024149,0.02525,0.027,0.029467,0.032378,0.035456,0.038242,0.04049,0.042005,0.042658,0.042316,0.041275,0.039332,0.03644,0.032608,0.027999,0.023244,0.019182,0.015936,0.013381,0.011716,0.011303,0.012148,0.01499,0.020214,0.028994,0.042384,0.058799,0.078166,0.097168,0.11372,0.12701,0.13778,0.14572,0.15075,0.15256,0.1501,0.14184,0.12699
0.070589,0.076845,0.080536,0.081661,0.080931,0.078966,0.075933,0.071787,0.066496,0.060441,0.053463,0.045505,0.036757,0.02823,0.021141,0.016675,0.014292,0.013697,0.014942,0.018024,0.022941,0.029817,0.038152,0.048246,0.060007,0.073667,0.089478,0.10949,0.13119,0.15384,0.17688,0.19971,0.22468,0.25042,0.27646,0.30234,0.32697,0.34787,0.36065,0.36354,0.35627,0.34024,0.31757,0.29031,0.26077,0.23139,0.2036,0.17808,0.15636,0.13953,0.1248,0.11089,0.09732,0.083757,0.0706,0.058349,0.047357,0.038086,0.03154,0.028132,0.026751,0.027219,0.028947,0.031484,0.034672,0.038239,0.042159,0.045151,0.047019,0.047506,0.046619,0.044428,0.041618,0.037767,0.033151,0.028111,0.023015,0.018416,0.014785,0.012266,0.010408,0.009116,0.008469,0.0084913,0.0095865,0.011907,0.016322,0.023328,0.032488,0.043896,0.056103,0.06762,0.077555,0.08647,0.093692,0.098891,0.10164,0.10118,0.096423,0.086766
0.12152,0.13588,0.14496,0.14887,0.14892,0.14647,0.14193,0.13533,0.12673,0.11661,0.10477,0.091286,0.076382,0.061684,0.048346,0.037957,0.029794,0.023747,0.020176,0.018801,0.019553,0.021982,0.025756,0.031558,0.039329,0.04945,0.062126,0.079016,0.098207,0.11901,0.14115,0.16386,0.18848,0.21366,0.23817,0.26169,0.28584,0.31011,0.32849,0.33775,0.33651,0.32562,0.3075,0.28446,0.25893,0.233,0.20803,0.18458,0.16384,0.14733,0.13323,0.11952,0.10588,0.091962,0.078098,0.064755,0.05234,0.041374,0.033414,0.028867,0.02705,0.027819,0.030064,0.033153,0.036925,0.040894,0.045413,0.048717,0.050352,0.050125,0.048157,0.04471,0.040949,0.036273,0.030998,0.025664,0.020728,0.016609,0.013671,0.011931,0.010951,0.010423,0.010457,0.010822,0.011552,0.012398,0.013661,0.015857,0.019101,0.023227,0.028384,0.033726,0.038916,0.044096,0.048656,0.052226,0.054507,0.055232,0.054045,0.050602
0.18014,0.20203,0.21693,0.22436,0.22615,0.22424,0.21944,0.21171,0.20116,0.18839,0.17306,0.15529,0.13521,0.11465,0.094667,0.077496,0.062063,0.048385,0.037116,0.029229,0.024231,0.021767,0.020978,0.022295,0.025431,0.030427,0.037665,0.048558,0.061916,0.077289,0.094453,0.11263,0.13299,0.15438,0.17502,0.19439,0.2138,0.2335,0.24976,0.26085,0.26512,0.26243,0.25445,0.24215,0.22665,0.20942,0.19149,0.17361,0.15689,0.1429,0.13095,0.11892,0.10662,0.093986,0.081653,0.069977,0.059112,0.049517,0.042509,0.038528,0.037583,0.0392,0.041974,0.045152,0.048327,0.051333,0.054805,0.056602,0.056534,0.054703,0.051476,0.047223,0.043136,0.038602,0.034173,0.030388,0.027555,0.025509,0.024492,0.024411,0.024378,0.023943,0.023092,0.022071,0.020995,0.01977,0.0184,0.01756,0.017533,0.017631,0.018451,0.019549,0.020917,0.022609,0.024425,0.026066,0.027368,0.028295,0.02875,0.028878
0.22734,0.25325,0.26877,0.27528,0.27544,0.2716,0.26477,0.25506,0.2428,0.22904,0.21346,0.19554,0.17537,0.15446,0.13347,0.11411,0.095355,0.077136,0.060139,0.046257,0.035506,0.027932,0.02278,0.020592,0.020229,0.02159,0.024996,0.031006,0.039488,0.050706,0.06453,0.080193,0.098583,0.11868,0.13857,0.15737,0.17604,0.19396,0.20731,0.21517,0.21705,0.21327,0.20497,0.19344,0.17966,0.16458,0.14904,0.13381,0.11932,0.10668,0.095774,0.08527,0.075297,0.065729,0.056976,0.049147,0.042422,0.03683,0.033108,0.031246,0.031459,0.033364,0.036166,0.039127,0.042047,0.044476,0.047044,0.048126,0.047695,0.046072,0.043718,0.040865,0.038736,0.036795,0.035469,0.035273,0.03613,0.038032,0.041031,0.044667,0.047929,0.049716,0.049895,0.048705,0.046398,0.043108,0.038876,0.034889,0.032211,0.029516,0.027356,0.025691,0.02473,0.02444,0.024454,0.024617,0.024723,0.02467,0.024397,0.024132
0.26769,0.30236,0.323,0.33157,0.3318,0.32664,0.31749,0.30473,0.28897,0.2714,0.25253,0.23264,0.21175,0.19121,0.17037,0.15001,0.12954,0.10921,0.08959,0.072872,0.05858,0.046683,0.036829,0.030509,0.026239,0.023776,0.022795,0.023336,0.025238,0.029094,0.035409,0.043888,0.05534,0.069466,0.084707,0.10013,0.11608,0.13186,0.14416,0.15221,0.15532,0.15377,0.14829,0.13973,0.12886,0.11666,0.10409,0.091638,0.079941,0.069796,0.061544,0.054376,0.04815,0.0426,0.038011,0.034294,0.031413,0.029501,0.029223,0.030117,0.031904,0.034699,0.037913,0.041074,0.043856,0.045941,0.047962,0.048679,0.048145,0.046617,0.044567,0.042109,0.040154,0.038663,0.038117,0.039496,0.042799,0.048024,0.05505,0.062641,0.069438,0.074137,0.076497,0.07672,0.074929,0.07163,0.06659,0.060762,0.055967,0.050251,0.045021,0.040431,0.036934,0.034255,0.032259,0.030742,0.029476,0.02822,0.026813,0.025699
0.25873,0.29285,0.31405,0.32388,0.32587,0.32292,0.31655,0.30715,0.29522,0.28146,0.26636,0.25009,0.23273,0.21558,0.19727,0.17849,0.15893,0.13857,0.11819,0.10027,0.084498,0.070472,0.058121,0.048897,0.041128,0.034886,0.029827,0.026125,0.023872,0.023607,0.025024,0.02774,0.031952,0.037912,0.045019,0.052822,0.061362,0.070103,0.077138,0.081865,0.083742,0.08254,0.078865,0.073523,0.066709,0.059314,0.05196,0.045154,0.03898,0.033707,0.029439,0.025773,0.023172,0.021475,0.020627,0.020548,0.021038,0.021928,0.02362,0.025871,0.028692,0.032205,0.035616,0.038453,0.040515,0.041524,0.041949,0.041267,0.039793,0.037955,0.03647,0.035329,0.035396,0.036751,0.040012,0.046163,0.055365,0.066891,0.08011,0.092836,0.10376,0.11173,0.1166,0.11866,0.11839,0.11684,0.11331,0.10832,0.10368,0.096961,0.08916,0.081048,0.073748,0.067302,0.062117,0.057995,0.054497,0.051138,0.047407,0.0434
0.20799,0.23222,0.24786,0.25527,0.25707,0.25578,0.25306,0.24954,0.24591,0.24229,0.2384,0.23364,0.2272,0.21942,0.20918,0.19674,0.18234,0.16649,0.14984,0.13472,0.12073,0.10732,0.094657,0.083997,0.073777,0.064382,0.055346,0.046751,0.039473,0.034658,0.032232,0.031213,0.031406,0.032389,0.034078,0.036182,0.038644,0.041089,0.042973,0.043822,0.043372,0.041639,0.038796,0.035441,0.031628,0.027739,0.024009,0.02076,0.018,0.015618,0.013686,0.012302,0.011717,0.011855,0.012662,0.014181,0.016274,0.018745,0.021553,0.024449,0.027083,0.029582,0.031725,0.033316,0.034344,0.034493,0.033993,0.032786,0.03124,0.029888,0.029057,0.028959,0.030298,0.033468,0.039252,0.048188,0.060559,0.075857,0.092395,0.10847,0.12314,0.13542,0.14519,0.15272,0.15855,0.16392,0.16754,0.16879,0.16817,0.16347,0.15576,0.14591,0.13539,0.12503,0.11575,0.10791,0.10124,0.094846,0.087523,0.079137
0.14832,0.16632,0.17868,0.18481,0.18671,0.1862,0.18444,0.18209,0.17988,0.17816,0.17689,0.17595,0.17473,0.17315,0.17009,0.16547,0.15933,0.15179,0.1439,0.13712,0.13079,0.12398,0.11672,0.10971,0.10198,0.094104,0.085443,0.075936,0.065821,0.056445,0.048424,0.041633,0.036177,0.03205,0.029207,0.027402,0.026268,0.025432,0.024907,0.02422,0.023472,0.022465,0.021153,0.01972,0.017982,0.016373,0.015044,0.01403,0.013215,0.012414,0.011768,0.011551,0.011834,0.012639,0.014116,0.016257,0.019012,0.022041,0.025108,0.027929,0.029929,0.031259,0.032035,0.03211,0.031705,0.030508,0.028706,0.026734,0.024957,0.023631,0.023205,0.023775,0.026049,0.03059,0.037982,0.048696,0.063076,0.079986,0.097802,0.11535,0.1319,0.14692,0.16043,0.17248,0.18349,0.19486,0.20576,0.21408,0.21941,0.2198,0.21573,0.20839,0.19921,0.18948,0.18013,0.17154,0.16325,0.15376,0.14121,0.12541
0.11025,0.12455,0.13456,0.13995,0.1423,0.14308,0.14334,0.14362,0.14421,0.14535,0.14689,0.14847,0.14935,0.14932,0.14777,0.14551,0.14278,0.13923,0.13532,0.1319,0.129,0.12574,0.12186,0.11748,0.11231,0.10695,0.10062,0.093118,0.084507,0.075659,0.066822,0.058219,0.050169,0.043159,0.037667,0.033738,0.030857,0.028715,0.027722,0.026951,0.026353,0.025779,0.02496,0.024003,0.022781,0.021514,0.020339,0.019263,0.018188,0.016987,0.015776,0.014765,0.01409,0.013932,0.014376,0.015388,0.017069,0.018942,0.020681,0.022134,0.022682,0.022346,0.021468,0.02016,0.018708,0.016925,0.01493,0.013211,0.012,0.011742,0.012513,0.014407,0.017933,0.023161,0.030776,0.040987,0.054135,0.069337,0.085484,0.10212,0.11878,0.13535,0.15135,0.16672,0.18222,0.19921,0.21788,0.23527,0.24938,0.25759,0.25985,0.25704,0.25074,0.24264,0.23414,0.22586,0.21734,0.20653,0.19111,0.1711
0.074213,0.082077,0.087743,0.090637,0.091771,0.092069,0.092259,0.092805,0.094121,0.096361,0.099218,0.10234,0.10512,0.10732,0.10843,0.10925,0.10998,0.11025,0.11016,0.11021,0.11087,0.11165,0.11224,0.11226,0.11162,0.11078,0.1089,0.10561,0.10058,0.094188,0.08656,0.078105,0.069664,0.061515,0.054431,0.048717,0.044318,0.041033,0.03959,0.038807,0.038712,0.038916,0.038863,0.038657,0.037961,0.037013,0.035834,0.034373,0.032565,0.030355,0.027895,0.02567,0.023724,0.022183,0.021114,0.020563,0.020438,0.020482,0.020375,0.020139,0.019174,0.017636,0.015946,0.01425,0.01302,0.011895,0.010752,0.01009,0.0098899,0.01034,0.011489,0.013382,0.016378,0.020776,0.026987,0.035093,0.045261,0.057,0.069884,0.084108,0.099869,0.11739,0.13577,0.15515,0.17597,0.19866,0.22526,0.25214,0.27579,0.29358,0.30445,0.30888,0.30836,0.30438,0.29845,0.29166,0.28365,0.27212,0.25398,0.22831
0.045832,0.048365,0.0504,0.051516,0.052026,0.052338,0.052776,0.05368,0.055129,0.057196,0.059873,0.063049,0.066464,0.069825,0.072939,0.07672,0.08083,0.084687,0.088587,0.092468,0.096724,0.1009,0.1049,0.10882,0.11267,0.11688,0.12121,0.12544,0.12778,0.12754,0.12421,0.1181,0.11029,0.10176,0.093272,0.085398,0.078503,0.072693,0.069471,0.067393,0.067031,0.067871,0.068873,0.069874,0.070068,0.069499,0.068147,0.065786,0.06235,0.058029,0.053447,0.049051,0.044511,0.040143,0.036104,0.032453,0.029169,0.026175,0.023118,0.020028,0.017024,0.014334,0.012309,0.011071,0.010408,0.0097612,0.0092281,0.0089627,0.009119,0.0096655,0.010634,0.011973,0.013747,0.016141,0.019317,0.023291,0.028429,0.034559,0.04166,0.05029,0.06123,0.075711,0.092782,0.11207,0.13386,0.15785,0.18674,0.21715,0.24572,0.27103,0.29234,0.30919,0.32266,0.33177,0.33677,0.33835,0.3358,0.32624,0.30552,0.27163
0.031134,0.030524,0.030653,0.030912,0.031108,0.031346,0.031832,0.032645,0.033849,0.035466,0.037601,0.040195,0.043204,0.046498,0.04996,0.0545,0.059608,0.064615,0.069754,0.074772,0.079934,0.084977,0.090135,0.09542,0.10078,0.1067,0.11369,0.12253,0.13078,0.1372,0.14135,0.1427,0.14141,0.13866,0.13519,0.13134,0.12749,0.12376,0.1219,0.12056,0.12077,0.12215,0.12325,0.12368,0.12286,0.1208,0.11749,0.11269,0.10648,0.099305,0.091928,0.084759,0.076868,0.068499,0.059804,0.051285,0.043166,0.035706,0.028699,0.022392,0.017346,0.013973,0.01195,0.010884,0.010619,0.01059,0.010735,0.01101,0.011468,0.012067,0.012786,0.013553,0.01438,0.015246,0.01644,0.01802,0.020123,0.022863,0.026519,0.031883,0.039905,0.0517,0.06673,0.084557,0.10496,0.12693,0.15323,0.18113,0.20764,0.23141,0.25184,0.26931,0.28644,0.30073,0.31164,0.31878,0.32094,0.31494,0.29674,0.26452
0.024732,0.021778,0.020602,0.020153,0.020091,0.020238,0.020544,0.020965,0.021482,0.022127,0.023033,0.024107,0.025591,0.027446,0.029819,0.033176,0.037288,0.041712,0.046416,0.051169,0.056193,0.061411,0.067001,0.073033,0.079614,0.086996,0.095994,0.10798,0.12038,0.132,0.14284,0.15228,0.15935,0.1653,0.16978,0.17282,0.17494,0.17604,0.17732,0.17831,0.18065,0.18392,0.18697,0.189,0.1894,0.18806,0.18485,0.17938,0.17131,0.16134,0.15044,0.13927,0.12662,0.11291,0.098145,0.083127,0.068534,0.055057,0.042732,0.032395,0.025398,0.021816,0.020178,0.019678,0.019983,0.020504,0.021395,0.022495,0.023635,0.024598,0.025094,0.025221,0.02484,0.023958,0.022726,0.021282,0.019838,0.018744,0.018345,0.019355,0.022468,0.028445,0.037399,0.049385,0.06435,0.08075,0.10045,0.12201,0.14299,0.16268,0.18087,0.19779,0.21644,0.23334,0.24745,0.25818,0.26408,0.26224,0.24925,0.22371
0.027152,0.024366,0.023415,0.02312,0.023003,0.023075,0.023245,0.023417,0.023439,0.023316,0.023135,0.022749,0.022381,0.022116,0.022182,0.022783,0.024141,0.026064,0.028512,0.031164,0.0341,0.037295,0.040921,0.045308,0.050682,0.057504,0.06699,0.08087,0.096311,0.11229,0.1294,0.14657,0.16184,0.17568,0.18875,0.20099,0.21288,0.22443,0.23598,0.24598,0.25544,0.26351,0.26907,0.27151,0.27087,0.26728,0.26048,0.25063,0.23777,0.22295,0.20774,0.19242,0.17526,0.15667,0.13636,0.11535,0.094741,0.075562,0.058449,0.044263,0.0354,0.031254,0.029368,0.029003,0.02951,0.030065,0.030765,0.031451,0.031874,0.031838,0.031242,0.030102,0.028357,0.02599,0.023084,0.019941,0.017029,0.014862,0.013388,0.012957,0.013624,0.015759,0.019727,0.025887,0.034503,0.044349,0.056356,0.069935,0.083683,0.097572,0.11177,0.12629,0.14397,0.16109,0.17605,0.18796,0.19567,0.19685,0.18879,0.17071
0.032291,0.030656,0.030304,0.030289,0.030376,0.030644,0.030912,0.031058,0.030934,0.030407,0.029438,0.027816,0.025858,0.023811,0.021983,0.020436,0.019534,0.019222,0.019334,0.019788,0.02045,0.021416,0.02306,0.025698,0.029726,0.035436,0.043736,0.056591,0.072059,0.089657,0.11097,0.13487,0.15858,0.1817,0.20396,0.22531,0.24623,0.26715,0.28752,0.30475,0.31928,0.33004,0.33586,0.33624,0.33173,0.32278,0.30966,0.29291,0.27372,0.25365,0.2339,0.21459,0.19458,0.17384,0.15145,0.12837,0.10568,0.084472,0.06555,0.050538,0.042267,0.038502,0.037236,0.037647,0.038761,0.039994,0.041092,0.041854,0.042162,0.041741,0.040609,0.038679,0.036043,0.032747,0.028829,0.024887,0.021371,0.018611,0.01657,0.015203,0.0144,0.014178,0.014696,0.016237,0.018858,0.021981,0.026008,0.031152,0.036838,0.043093,0.050252,0.058388,0.069586,0.081218,0.092239,0.10185,0.10923,0.11301,0.11158,0.10425
0.041753,0.04256,0.044435,0.046226,0.047756,0.04916,0.050172,0.050722,0.050673,0.049798,0.048084,0.045275,0.041611,0.037474,0.03326,0.029096,0.025472,0.022481,0.020277,0.018855,0.018027,0.017767,0.018202,0.019451,0.021923,0.025826,0.031951,0.041725,0.054508,0.070278,0.092042,0.11897,0.14755,0.17593,0.20373,0.23095,0.25795,0.28584,0.31358,0.33709,0.3547,0.36424,0.36516,0.35812,0.34482,0.32661,0.30528,0.28275,0.26043,0.23971,0.22071,0.203,0.18561,0.16785,0.1482,0.12755,0.10672,0.086614,0.068247,0.0538,0.046436,0.043776,0.043933,0.046006,0.048497,0.050481,0.051667,0.052023,0.051624,0.050413,0.048488,0.045672,0.042042,0.037659,0.032591,0.027384,0.022925,0.019644,0.017326,0.015682,0.014546,0.013771,0.013552,0.014051,0.015384,0.017126,0.019337,0.022269,0.025475,0.029161,0.033449,0.038441,0.045486,0.052826,0.05987,0.06622,0.07135,0.074511,0.074901,0.072038
0.059361,0.064023,0.068663,0.072281,0.074952,0.077005,0.078223,0.078546,0.078005,0.076463,0.073855,0.070128,0.065388,0.059921,0.054071,0.047877,0.041967,0.03677,0.032275,0.028589,0.025523,0.023187,0.021471,0.020652,0.020932,0.022323,0.025423,0.030977,0.039341,0.051321,0.070275,0.095709,0.12523,0.1561,0.1874,0.21839,0.24902,0.28045,0.31129,0.33704,0.35467,0.36105,0.35579,0.34088,0.31963,0.29494,0.26971,0.24656,0.22668,0.20969,0.19425,0.18011,0.16694,0.15353,0.13837,0.12196,0.1049,0.087891,0.072174,0.059717,0.053664,0.052929,0.054769,0.058091,0.061277,0.063515,0.064574,0.064506,0.063317,0.061016,0.05783,0.053855,0.049397,0.044402,0.039281,0.034258,0.030033,0.026878,0.024481,0.022746,0.021454,0.020442,0.02005,0.020213,0.020973,0.021846,0.022894,0.024182,0.025565,0.027114,0.028939,0.031014,0.033812,0.03655,0.03905,0.041364,0.04304,0.043954,0.044092,0.043958
0.079252,0.08911,0.097576,0.10366,0.10771,0.11038,0.1118,0.11203,0.11112,0.10899,0.1056,0.10092,0.095143,0.088449,0.081131,0.073159,0.06517,0.057434,0.050339,0.044191,0.038892,0.034745,0.031616,0.029811,0.029459,0.03059,0.033328,0.038195,0.045319,0.055559,0.071413,0.092929,0.11916,0.14716,0.17558,0.20299,0.22839,0.25234,0.27355,0.28886,0.29665,0.29534,0.28502,0.26809,0.24792,0.2268,0.20686,0.18942,0.17516,0.16318,0.15253,0.14286,0.13444,0.12596,0.11606,0.10487,0.092854,0.08046,0.069023,0.060957,0.058077,0.059082,0.061829,0.06533,0.068305,0.069948,0.070224,0.069433,0.067648,0.065091,0.062113,0.058803,0.055678,0.052688,0.05001,0.047664,0.046062,0.045152,0.044657,0.044334,0.044165,0.04396,0.043926,0.044249,0.044689,0.044818,0.044865,0.044989,0.045008,0.044987,0.044879,0.044547,0.044213,0.043778,0.043185,0.042878,0.04232,0.041235,0.039626,0.038035
0.093593,0.10738,0.11902,0.12715,0.13246,0.13578,0.13767,0.13825,0.13771,0.13621,0.13395,0.13093,0.12722,0.12281,0.11773,0.11191,0.10574,0.099247,0.092862,0.086823,0.080772,0.075166,0.069982,0.065612,0.062674,0.060993,0.060452,0.061082,0.063323,0.067599,0.075772,0.088261,0.10522,0.12363,0.14246,0.16055,0.17686,0.19073,0.20138,0.20729,0.20843,0.20457,0.195,0.18169,0.16574,0.14902,0.13239,0.11795,0.1068,0.098691,0.092689,0.088213,0.085111,0.082217,0.078377,0.073528,0.068139,0.062816,0.058506,0.056717,0.057249,0.060131,0.06398,0.068257,0.071655,0.073453,0.073748,0.073085,0.071642,0.069473,0.066934,0.064415,0.062416,0.060857,0.059876,0.059468,0.060132,0.06188,0.064388,0.067171,0.070094,0.072707,0.075251,0.077554,0.079147,0.079901,0.080151,0.080014,0.079418,0.078728,0.077892,0.076747,0.074909,0.07262,0.070096,0.067904,0.065013,0.061018,0.055598,0.049649
0.09399,0.10486,0.11467,0.12177,0.12681,0.13054,0.13344,0.13574,0.1377,0.13943,0.14093,0.14225,0.14331,0.14367,0.14321,0.1416,0.13897,0.13547,0.13141,0.1271,0.12209,0.11651,0.11035,0.10362,0.097036,0.09063,0.084353,0.078253,0.073366,0.070414,0.07045,0.074161,0.082286,0.092391,0.10355,0.11489,0.12546,0.13472,0.14182,0.14621,0.14739,0.14495,0.13879,0.12965,0.11852,0.10668,0.095183,0.085519,0.078433,0.073626,0.070111,0.067474,0.065641,0.063715,0.061288,0.05844,0.055671,0.053514,0.052624,0.053582,0.055422,0.058534,0.061795,0.064566,0.066717,0.067885,0.06817,0.067824,0.06697,0.065844,0.064569,0.063416,0.063054,0.063692,0.065476,0.068659,0.073682,0.080156,0.087611,0.095346,0.10302,0.10997,0.11601,0.12111,0.12475,0.1267,0.12734,0.12686,0.12557,0.12364,0.12113,0.11796,0.11352,0.10874,0.104,0.099887,0.095135,0.089076,0.081106,0.071702
0.069941,0.078586,0.085607,0.09037,0.09311,0.094283,0.094152,0.092615,0.089937,0.087094,0.085193,0.084086,0.084184,0.085241,0.086436,0.087431,0.088042,0.088175,0.087719,0.086548,0.084539,0.082767,0.081544,0.081017,0.081359,0.081199,0.080338,0.079015,0.077776,0.077207,0.078256,0.080616,0.084772,0.090347,0.096378,0.10244,0.10847,0.11471,0.12006,0.12427,0.1266,0.12603,0.12268,0.11782,0.11269,0.1067,0.10032,0.094622,0.090056,0.08698,0.085774,0.086439,0.088604,0.092071,0.097249,0.10257,0.10773,0.11204,0.11438,0.11483,0.11349,0.11061,0.10723,0.10285,0.097801,0.092589,0.087476,0.08268,0.078703,0.075469,0.07304,0.071291,0.070264,0.069773,0.06992,0.07038,0.071276,0.072469,0.073857,0.075327,0.076876,0.078755,0.080386,0.082008,0.083693,0.08603,0.090697,0.098615,0.10982,0.12418,0.1399,0.1567,0.17145,0.18358,0.19202,0.19613,0.19547,0.18853,0.17387,0.1531
0.056538,0.063426,0.069338,0.073493,0.075856,0.076437,0.075314,0.072413,0.067923,0.062838,0.058352,0.054884,0.052888,0.053047,0.054784,0.05754,0.061274,0.06531,0.069235,0.072745,0.075467,0.07876,0.082689,0.087239,0.092747,0.09731,0.10061,0.10292,0.10571,0.10872,0.11239,0.11627,0.12091,0.12591,0.13084,0.13578,0.1412,0.14763,0.15369,0.15867,0.16217,0.16279,0.16049,0.15594,0.15052,0.14296,0.13379,0.12442,0.11575,0.10805,0.10163,0.097587,0.094421,0.092179,0.091227,0.089756,0.087774,0.085478,0.08274,0.079006,0.07466,0.070149,0.066496,0.062827,0.05894,0.055169,0.051792,0.048843,0.046334,0.044273,0.042658,0.041473,0.04095,0.041132,0.041934,0.042814,0.044184,0.045856,0.047516,0.049094,0.050824,0.05281,0.054814,0.057207,0.060393,0.064924,0.072216,0.083505,0.099029,0.11809,0.13896,0.16128,0.18129,0.19842,0.21092,0.21817,0.21946,0.21273,0.19613,0.17012
0.050937,0.056812,0.06159,0.06452,0.06553,0.064698,0.062153,0.057839,0.051858,0.045114,0.03879,0.033675,0.030001,0.028074,0.02804,0.029553,0.032524,0.037144,0.04275,0.049266,0.056638,0.065605,0.07604,0.087834,0.10067,0.11302,0.1242,0.13442,0.14687,0.15976,0.17321,0.18574,0.19655,0.20504,0.21104,0.2146,0.21801,0.22169,0.22494,0.22826,0.23045,0.22981,0.22566,0.21807,0.208,0.1944,0.17809,0.16095,0.14398,0.12779,0.11346,0.10311,0.094011,0.085944,0.079046,0.071928,0.064775,0.057889,0.052293,0.047045,0.042503,0.038962,0.036868,0.03515,0.033791,0.032908,0.032192,0.031455,0.030767,0.030123,0.029609,0.029315,0.029337,0.029787,0.030635,0.031635,0.033181,0.034407,0.035228,0.035707,0.035959,0.036391,0.037568,0.03946,0.042332,0.046314,0.052334,0.061637,0.074835,0.091506,0.11053,0.13108,0.14965,0.16611,0.17813,0.18522,0.1869,0.18161,0.16806,0.14705
0.053815,0.057839,0.060661,0.061841,0.061579,0.060038,0.057422,0.053746,0.048927,0.043322,0.037348,0.032075,0.027369,0.023554,0.021592,0.020574,0.020495,0.022027,0.024946,0.029422,0.035574,0.044479,0.05577,0.069171,0.084338,0.10006,0.11565,0.13162,0.15242,0.17434,0.19767,0.22049,0.24147,0.25962,0.27456,0.28727,0.29872,0.30707,0.31099,0.31064,0.306,0.29896,0.28945,0.27691,0.26158,0.24254,0.22066,0.19776,0.17493,0.15276,0.13266,0.11743,0.10352,0.090437,0.078278,0.066254,0.055063,0.045059,0.037546,0.0313,0.026533,0.023273,0.021388,0.020066,0.019242,0.018836,0.018872,0.019271,0.019852,0.020594,0.021526,0.022757,0.024257,0.026007,0.027945,0.029733,0.031979,0.033354,0.033547,0.032414,0.03041,0.028388,0.027454,0.027095,0.027519,0.028758,0.031247,0.03575,0.042741,0.052278,0.063799,0.07661,0.088522,0.10004,0.10908,0.11521,0.11821,0.11708,0.1112,0.1009
0.068625,0.073878,0.076067,0.075894,0.074133,0.071326,0.06787,0.063947,0.059079,0.053251,0.046387,0.039655,0.032928,0.026549,0.022216,0.018786,0.016437,0.01553,0.015708,0.01736,0.021034,0.02745,0.036824,0.049307,0.064173,0.080602,0.097673,0.1159,0.13949,0.16515,0.19373,0.2235,0.25259,0.27875,0.30095,0.31979,0.33713,0.34893,0.35372,0.35244,0.34479,0.3337,0.3201,0.30341,0.28417,0.26204,0.23747,0.21224,0.18752,0.16348,0.14151,0.12445,0.1082,0.091973,0.076171,0.060687,0.046887,0.035456,0.028215,0.023145,0.019959,0.018239,0.017626,0.017402,0.01751,0.017967,0.018846,0.020081,0.021522,0.023096,0.024865,0.026893,0.029146,0.031375,0.033067,0.034096,0.035343,0.035337,0.033627,0.030304,0.025856,0.021289,0.018344,0.016346,0.015569,0.015814,0.017131,0.019767,0.023808,0.029344,0.036421,0.044443,0.052001,0.059835,0.066159,0.070747,0.073527,0.073835,0.071384,0.066488
0.098324,0.10889,0.11405,0.11509,0.11368,0.11109,0.10811,0.10484,0.1004,0.094205,0.085703,0.075742,0.06431,0.052208,0.04257,0.034073,0.026889,0.021622,0.017491,0.014946,0.014681,0.017018,0.02211,0.030551,0.042132,0.056642,0.072836,0.090843,0.114,0.13943,0.16883,0.20092,0.23293,0.2615,0.2854,0.30587,0.32415,0.33651,0.34133,0.33992,0.33208,0.32142,0.30788,0.29118,0.27166,0.24985,0.2263,0.20293,0.17987,0.15748,0.13689,0.12037,0.10455,0.088251,0.072006,0.056259,0.043082,0.033159,0.027408,0.02396,0.022256,0.021666,0.02174,0.022166,0.022973,0.024178,0.026102,0.028686,0.03167,0.034976,0.038582,0.042422,0.046093,0.049237,0.051191,0.05164,0.051171,0.048616,0.04367,0.036733,0.028664,0.021321,0.016738,0.013582,0.011938,0.011265,0.011312,0.011973,0.013548,0.016119,0.019675,0.02371,0.027783,0.032412,0.036372,0.039538,0.041948,0.043247,0.043399,0.042385
0.13786,0.15692,0.16826,0.17349,0.17493,0.17437,0.17281,0.17051,0.16657,0.15987,0.14955,0.13595,0.11926,0.10034,0.083208,0.066892,0.051527,0.038385,0.027394,0.019581,0.015993,0.015262,0.016999,0.021218,0.028143,0.038406,0.051273,0.066958,0.087349,0.11049,0.13847,0.16962,0.20083,0.22824,0.24993,0.26674,0.27983,0.28758,0.28962,0.28722,0.27999,0.27116,0.26032,0.24739,0.23227,0.21517,0.19659,0.17766,0.15847,0.1394,0.12149,0.10626,0.091652,0.076626,0.061934,0.048539,0.038187,0.031281,0.028059,0.026557,0.026635,0.027517,0.028713,0.029907,0.031128,0.032539,0.03472,0.037677,0.041113,0.044874,0.048778,0.052718,0.05627,0.058834,0.059946,0.05913,0.056915,0.053149,0.047237,0.039725,0.031765,0.024615,0.019912,0.016506,0.014555,0.0134,0.012682,0.012405,0.0127,0.013683,0.015116,0.016873,0.018633,0.020849,0.022843,0.024519,0.025981,0.027151,0.028193,0.029385
0.18939,0.21571,0.23202,0.24014,0.24333,0.24381,0.24269,0.24044,0.23619,0.22859,0.21661,0.20023,0.1803,0.15792,0.13665,0.11602,0.095836,0.076908,0.059205,0.043975,0.033533,0.026365,0.022328,0.020915,0.021647,0.025141,0.031293,0.04022,0.053099,0.069319,0.090366,0.11461,0.13955,0.16182,0.17947,0.19333,0.2035,0.20871,0.20956,0.20817,0.20522,0.20234,0.19867,0.19292,0.18448,0.17351,0.16046,0.14624,0.13082,0.11492,0.099895,0.086944,0.07504,0.063291,0.052538,0.043517,0.036872,0.033769,0.033943,0.035662,0.038325,0.041217,0.043818,0.045742,0.047238,0.048601,0.050336,0.052547,0.055122,0.057823,0.060401,0.062578,0.063959,0.064113,0.062742,0.059781,0.05577,0.051346,0.04588,0.03987,0.0337,0.028033,0.024093,0.021138,0.019184,0.017719,0.01643,0.015357,0.014457,0.013898,0.013627,0.0134,0.013176,0.01333,0.013647,0.014104,0.014736,0.015569,0.016804,0.019127
0.21941,0.24774,0.26665,0.27779,0.28457,0.28941,0.2932,0.29592,0.29686,0.29366,0.28437,0.26868,0.24664,0.22048,0.19436,0.16913,0.14407,0.11973,0.096411,0.075456,0.059413,0.045767,0.035276,0.028106,0.023772,0.022039,0.022545,0.025466,0.031136,0.03973,0.053075,0.070554,0.089918,0.10825,0.12348,0.13624,0.14592,0.15173,0.15414,0.15437,0.15294,0.15092,0.14752,0.14254,0.13546,0.12644,0.11557,0.10367,0.091142,0.078741,0.067773,0.058657,0.050825,0.043663,0.037766,0.033627,0.032033,0.033897,0.038615,0.044741,0.051687,0.058275,0.063627,0.06721,0.069545,0.071169,0.072418,0.073539,0.074314,0.074684,0.074352,0.073138,0.070725,0.067018,0.062014,0.05579,0.049286,0.043715,0.038345,0.033247,0.029043,0.026132,0.024826,0.024132,0.023922,0.023637,0.022974,0.021957,0.020676,0.01941,0.01812,0.016686,0.015444,0.014625,0.014099,0.013853,0.013829,0.013954,0.014462,0.016249
0.24127,0.27141,0.29197,0.30494,0.3141,0.32216,0.32995,0.33744,0.34392,0.34594,0.34118,0.32927,0.30826,0.27867,0.24554,0.21609,0.19004,0.16516,0.14059,0.11728,0.097556,0.078931,0.061694,0.046644,0.034684,0.026092,0.021201,0.019278,0.019246,0.021029,0.024702,0.03077,0.038796,0.047724,0.056245,0.064605,0.072083,0.07807,0.082466,0.085519,0.087416,0.088378,0.088208,0.086445,0.083158,0.078206,0.07171,0.064414,0.056814,0.049667,0.043814,0.03913,0.035517,0.032964,0.031472,0.031476,0.033559,0.039233,0.047607,0.057148,0.06644,0.074216,0.079728,0.082783,0.083897,0.083575,0.082428,0.080757,0.07847,0.075496,0.07165,0.067038,0.061374,0.054825,0.047728,0.04062,0.034301,0.02987,0.026734,0.024605,0.023923,0.024663,0.026592,0.028886,0.030972,0.032379,0.032756,0.032183,0.030857,0.029024,0.026875,0.024497,0.02252,0.020967,0.019807,0.019034,0.018517,0.018145,0.018055,0.018825
0.23105,0.25954,0.27974,0.29315,0.30349,0.31359,0.32451,0.33613,0.34818,0.3577,0.36234,0.36266,0.35449,0.33683,0.31068,0.28175,0.25586,0.23182,0.20812,0.18435,0.16211,0.13886,0.11503,0.091493,0.069122,0.04896,0.034416,0.025223,0.019486,0.01649,0.015182,0.015771,0.017807,0.020988,0.024839,0.029104,0.033244,0.03677,0.039525,0.041648,0.043617,0.045153,0.046096,0.046,0.044923,0.042796,0.039678,0.036264,0.032837,0.029605,0.027313,0.025855,0.02538,0.026368,0.028723,0.032603,0.038407,0.047016,0.057296,0.06739,0.0761,0.082455,0.085942,0.08635,0.084454,0.080901,0.076336,0.0713,0.0662,0.061054,0.055838,0.050631,0.044968,0.039167,0.033444,0.027954,0.023448,0.020768,0.019348,0.019325,0.021266,0.025351,0.030296,0.03542,0.040031,0.043542,0.045374,0.045697,0.044978,0.043114,0.040631,0.037745,0.035318,0.033241,0.031387,0.029868,0.028706,0.0277,0.026762,0.026415
0.18875,0.21278,0.2298,0.24049,0.24787,0.25442,0.26128,0.269,0.27757,0.2864,0.29447,0.3031,0.30879,0.30927,0.30273,0.29025,0.27511,0.2602,0.24631,0.23183,0.21555,0.19595,0.17338,0.14836,0.12217,0.096115,0.07357,0.056156,0.042647,0.032842,0.025645,0.021262,0.018826,0.017588,0.017259,0.017396,0.017503,0.017391,0.017162,0.016823,0.016665,0.016642,0.016753,0.016718,0.016515,0.015962,0.015305,0.014883,0.014888,0.015127,0.015964,0.017279,0.019529,0.023593,0.029218,0.03659,0.045684,0.055864,0.065344,0.073131,0.078683,0.08181,0.082377,0.080269,0.076137,0.070528,0.064102,0.057424,0.050841,0.044747,0.038999,0.033847,0.028847,0.024388,0.020589,0.01757,0.015923,0.016002,0.017622,0.0211,0.027562,0.036645,0.046278,0.055801,0.064417,0.071589,0.07675,0.080167,0.082944,0.083772,0.083352,0.08157,0.079494,0.077068,0.074359,0.071628,0.06886,0.065622,0.061374,0.056081
0.14942,0.17008,0.18472,0.19405,0.2003,0.20527,0.20976,0.214,0.21755,0.2201,0.22216,0.22688,0.23455,0.24527,0.25501,0.25976,0.26072,0.25809,0.2532,0.24644,0.23791,0.22647,0.21165,0.19348,0.17261,0.14988,0.12831,0.10882,0.090296,0.073192,0.05686,0.043048,0.032418,0.024514,0.01987,0.016833,0.014719,0.012907,0.011417,0.010067,0.0090239,0.0083507,0.0079211,0.0075394,0.0073184,0.0071304,0.0070481,0.0074505,0.0084937,0.0097809,0.011742,0.014471,0.018367,0.024432,0.032492,0.042075,0.052161,0.06146,0.068606,0.073308,0.075619,0.075932,0.074128,0.070301,0.064936,0.058442,0.051357,0.044245,0.037552,0.031566,0.026426,0.022326,0.018569,0.015532,0.013372,0.012262,0.012647,0.014912,0.018956,0.024985,0.033618,0.044729,0.056104,0.067355,0.077996,0.087654,0.095807,0.10243,0.10939,0.11421,0.11726,0.11811,0.11774,0.11646,0.11443,0.11188,0.10865,0.1039,0.096479,0.085968
0.1064,0.12196,0.13325,0.14076,0.14611,0.15063,0.15493,0.15912,0.16285,0.16602,0.1688,0.1729,0.18,0.19226,0.20911,0.22539,0.24021,0.25164,0.25927,0.26205,0.25966,0.25267,0.24185,0.22725,0.21022,0.19135,0.17281,0.15489,0.13606,0.11678,0.09662,0.077029,0.058923,0.044334,0.035136,0.028239,0.022953,0.01844,0.014725,0.011794,0.0094482,0.0077314,0.0064366,0.0054053,0.0048338,0.0046667,0.004833,0.0054316,0.0064359,0.007952,0.010143,0.01319,0.01741,0.02398,0.032445,0.041795,0.050824,0.058026,0.062508,0.064374,0.063939,0.062107,0.058796,0.054007,0.048169,0.041702,0.035196,0.029242,0.02399,0.019586,0.015929,0.013059,0.010773,0.0093901,0.0087508,0.0090524,0.010443,0.013155,0.017386,0.023084,0.030648,0.040494,0.051074,0.062209,0.073936,0.086115,0.098783,0.11151,0.12701,0.1406,0.15131,0.1584,0.16267,0.16459,0.1645,0.16288,0.15943,0.15295,0.14182,0.12545
0.069391,0.078053,0.084408,0.088722,0.091954,0.094958,0.098322,0.10235,0.10693,0.11225,0.11865,0.12731,0.14071,0.16012,0.1839,0.2065,0.22746,0.24748,0.26609,0.28038,0.2886,0.29026,0.28563,0.27484,0.25957,0.24154,0.22388,0.20679,0.18924,0.17085,0.15072,0.12992,0.10907,0.089588,0.074777,0.062305,0.051696,0.042232,0.034272,0.02769,0.022298,0.018306,0.015401,0.013065,0.011282,0.010106,0.0093243,0.0091118,0.0095839,0.010721,0.012251,0.01464,0.017949,0.023216,0.029974,0.037189,0.043795,0.048484,0.050593,0.050434,0.048427,0.045449,0.041593,0.036902,0.031875,0.026812,0.021996,0.017825,0.014493,0.011844,0.0099285,0.0085823,0.0077205,0.0075609,0.0079617,0.0089035,0.010338,0.012408,0.015284,0.018972,0.024027,0.031183,0.039653,0.049087,0.059455,0.07123,0.085029,0.10094,0.12177,0.14221,0.15962,0.17263,0.18178,0.18775,0.19093,0.1918,0.19019,0.18469,0.17343,0.15577
0.039141,0.042498,0.045091,0.046839,0.048165,0.049461,0.051059,0.053193,0.056074,0.060238,0.065998,0.074203,0.087336,0.10628,0.1297,0.15333,0.17627,0.19787,0.21994,0.24094,0.25901,0.27305,0.28206,0.2849,0.28196,0.2738,0.26261,0.24929,0.23385,0.21747,0.20022,0.18256,0.16416,0.14577,0.13015,0.11522,0.10048,0.08559,0.071793,0.059448,0.048538,0.039915,0.033057,0.027293,0.022696,0.019411,0.016817,0.015113,0.014259,0.014203,0.014618,0.015757,0.017551,0.02064,0.024639,0.028671,0.032084,0.03402,0.034113,0.032529,0.02973,0.02661,0.023343,0.020007,0.017051,0.014333,0.01197,0.010142,0.0090602,0.0084848,0.0082696,0.0084327,0.0091461,0.010372,0.011864,0.013467,0.015046,0.016286,0.017497,0.018915,0.021251,0.025544,0.031532,0.038953,0.048428,0.060449,0.076032,0.095318,0.12084,0.14868,0.17421,0.19498,0.21039,0.22114,0.22768,0.23077,0.23025,0.22451,0.2113,0.18956
0.02264,0.022418,0.022409,0.022438,0.022507,0.022733,0.023271,0.024151,0.025441,0.027521,0.03082,0.036166,0.046027,0.061636,0.08191,0.10245,0.12226,0.14195,0.16319,0.18384,0.20327,0.22068,0.23597,0.24808,0.25664,0.26145,0.26359,0.26326,0.25891,0.25087,0.23948,0.22656,0.2128,0.19906,0.18661,0.17317,0.15831,0.14152,0.12472,0.10849,0.093158,0.080106,0.068906,0.0586,0.04972,0.042582,0.036391,0.03147,0.027875,0.025768,0.024235,0.023226,0.022587,0.022426,0.022617,0.022657,0.022466,0.021619,0.020029,0.017925,0.015546,0.0134,0.011669,0.010241,0.0094231,0.0090448,0.009052,0.0096699,0.010898,0.01257,0.014695,0.016957,0.019625,0.022562,0.025062,0.026727,0.027427,0.027198,0.026331,0.025158,0.024713,0.02636,0.029887,0.034954,0.041782,0.050823,0.064175,0.082994,0.10885,0.13893,0.1674,0.19116,0.20935,0.22265,0.23148,0.23637,0.23706,0.232,0.21884,0.19679
0.018414,0.017289,0.016774,0.016451,0.016185,0.015896,0.015639,0.015455,0.015417,0.015836,0.016938,0.019313,0.024467,0.033559,0.04676,0.061974,0.078273,0.095763,0.11635,0.13758,0.15864,0.17863,0.19675,0.21258,0.22604,0.23723,0.24711,0.2575,0.26649,0.27258,0.27449,0.27161,0.26413,0.25312,0.24101,0.22747,0.21214,0.1953,0.17832,0.16108,0.144,0.12836,0.11338,0.098362,0.083792,0.070326,0.057683,0.04675,0.038514,0.033228,0.029176,0.026048,0.02345,0.021114,0.019071,0.017247,0.015616,0.014014,0.012652,0.011745,0.01096,0.010521,0.010573,0.010938,0.012208,0.014383,0.017083,0.020338,0.024066,0.028124,0.0323,0.036096,0.039711,0.04266,0.044242,0.044078,0.042001,0.038313,0.033869,0.029436,0.026331,0.025494,0.027026,0.03048,0.035885,0.043475,0.054762,0.071721,0.095077,0.12378,0.1513,0.1746,0.19261,0.20594,0.21498,0.22022,0.22134,0.21685,0.20464,0.18385
0.021111,0.020224,0.019865,0.019671,0.019458,0.019215,0.018935,0.018545,0.01804,0.017466,0.016838,0.016206,0.016504,0.01837,0.022597,0.029206,0.03815,0.050049,0.066427,0.084735,0.10402,0.12335,0.1419,0.1598,0.17672,0.19287,0.20881,0.22663,0.24491,0.26342,0.28057,0.2946,0.30435,0.3081,0.30662,0.29974,0.28712,0.26943,0.25001,0.22968,0.20866,0.18852,0.16931,0.14989,0.13039,0.11152,0.093366,0.076739,0.063265,0.053946,0.046431,0.040202,0.034774,0.029801,0.025278,0.021465,0.018246,0.015633,0.014004,0.013295,0.013312,0.014036,0.015679,0.018082,0.021901,0.026961,0.03256,0.038329,0.043857,0.048801,0.052998,0.055966,0.058123,0.059009,0.058039,0.054898,0.049483,0.042135,0.034035,0.02636,0.019848,0.015766,0.014213,0.014452,0.016959,0.021862,0.030599,0.044567,0.064356,0.089367,0.11393,0.13507,0.15171,0.16448,0.17347,0.17888,0.18041,0.17685,0.16631,0.14816
0.033177,0.032941,0.032683,0.032202,0.031502,0.030681,0.02966,0.028306,0.026554,0.024444,0.0219,0.018863,0.015807,0.013295,0.012453,0.013592,0.016287,0.021126,0.030037,0.042114,0.056536,0.072648,0.089563,0.10766,0.12655,0.1463,0.16742,0.19253,0.21898,0.24545,0.27201,0.29835,0.32415,0.34542,0.35992,0.3668,0.36556,0.35553,0.33804,0.31368,0.28419,0.2531,0.22278,0.19428,0.16735,0.14236,0.11936,0.098439,0.08098,0.068297,0.05795,0.049049,0.041182,0.034006,0.02778,0.022616,0.018504,0.01549,0.014228,0.014523,0.016096,0.01905,0.023214,0.028384,0.035312,0.043504,0.051967,0.059749,0.066397,0.071446,0.074692,0.075941,0.075718,0.073519,0.069051,0.062156,0.053053,0.042539,0.032284,0.023565,0.016709,0.012122,0.0099123,0.0091629,0.010067,0.012601,0.017655,0.025529,0.036352,0.050924,0.066069,0.079815,0.091235,0.10076,0.1081,0.11321,0.11575,0.11489,0.10946,0.098831
0.064511,0.069893,0.073141,0.074354,0.074151,0.073112,0.071272,0.068371,0.06426,0.059024,0.052479,0.044587,0.035688,0.027032,0.02017,0.016583,0.01531,0.016099,0.019422,0.025004,0.032734,0.042407,0.053574,0.066962,0.08257,0.10036,0.12061,0.14571,0.17308,0.20096,0.22864,0.25645,0.28629,0.3166,0.34343,0.36415,0.37784,0.38263,0.37752,0.36172,0.33605,0.30373,0.26834,0.23327,0.20029,0.1702,0.14284,0.1181,0.097194,0.081488,0.06872,0.057534,0.047523,0.038384,0.030321,0.023866,0.019131,0.015988,0.01512,0.016471,0.020241,0.026757,0.034667,0.043376,0.053682,0.06453,0.075109,0.083865,0.090246,0.09389,0.094724,0.092845,0.089208,0.083294,0.075085,0.064788,0.052644,0.039777,0.028674,0.020391,0.014298,0.010433,0.0084177,0.0074621,0.0076725,0.0088662,0.01116,0.014918,0.020118,0.027134,0.035168,0.042944,0.049821,0.05604,0.061141,0.065002,0.067444,0.068055,0.066216,0.061497
0.10987,0.12342,0.13243,0.13716,0.13882,0.13868,0.13695,0.13334,0.12764,0.11991,0.10987,0.097347,0.082516,0.066809,0.052043,0.041113,0.032752,0.026323,0.022216,0.020595,0.021264,0.023785,0.02798,0.034713,0.0442,0.056642,0.072188,0.092653,0.1158,0.14031,0.16572,0.19089,0.21681,0.24305,0.26855,0.29257,0.31416,0.33079,0.33841,0.33495,0.32063,0.29824,0.27156,0.24307,0.21463,0.18719,0.16134,0.13746,0.11667,0.10061,0.08747,0.07529,0.063966,0.053483,0.044218,0.036291,0.030124,0.026305,0.025263,0.026886,0.031443,0.039663,0.049281,0.059317,0.06983,0.079906,0.089581,0.096722,0.10096,0.10199,0.10005,0.095402,0.089481,0.081351,0.07147,0.060366,0.0487,0.037612,0.029018,0.022778,0.017659,0.014222,0.012469,0.011453,0.010872,0.010466,0.010285,0.010813,0.012257,0.014322,0.01716,0.020276,0.023393,0.026706,0.029756,0.032349,0.034447,0.035909,0.036507,0.036198
0.15309,0.17205,0.18522,0.19265,0.19608,0.19737,0.19676,0.19402,0.18884,0.18117,0.17038,0.15632,0.13914,0.12029,0.10137,0.085338,0.070769,0.057326,0.045626,0.037095,0.031146,0.027804,0.026784,0.02872,0.032633,0.038658,0.048017,0.062198,0.079655,0.099544,0.121,0.14296,0.16608,0.18908,0.20968,0.22731,0.24274,0.25537,0.26272,0.26296,0.25576,0.24289,0.22619,0.20728,0.18685,0.16578,0.14499,0.12511,0.10713,0.092834,0.081548,0.071264,0.062054,0.053798,0.046943,0.041501,0.037303,0.034905,0.034952,0.037449,0.043142,0.052895,0.063534,0.073919,0.084016,0.093022,0.10132,0.10657,0.10854,0.10734,0.10344,0.097036,0.089676,0.080486,0.070062,0.059216,0.048643,0.038919,0.031943,0.027487,0.024048,0.021424,0.019662,0.01825,0.01699,0.015572,0.013986,0.012795,0.012434,0.012265,0.012559,0.013058,0.013778,0.014836,0.015988,0.017136,0.018288,0.019526,0.020842,0.022338
0.19749,0.21992,0.23497,0.24333,0.24718,0.2486,0.24791,0.24479,0.23916,0.23095,0.21987,0.20597,0.18903,0.17018,0.15057,0.13265,0.11464,0.096125,0.077768,0.062016,0.048963,0.039023,0.032161,0.029459,0.029074,0.030596,0.034083,0.040718,0.050445,0.06343,0.079509,0.097827,0.11873,0.14083,0.16169,0.18022,0.19659,0.20964,0.21701,0.21781,0.21205,0.20094,0.18581,0.16836,0.14948,0.13029,0.11185,0.094844,0.080088,0.068729,0.060805,0.054251,0.048663,0.043852,0.040277,0.037801,0.036549,0.036896,0.039299,0.043383,0.050018,0.059689,0.069727,0.079144,0.087451,0.093915,0.099147,0.10114,0.099761,0.095346,0.089008,0.080857,0.072659,0.063816,0.055002,0.047118,0.040533,0.035739,0.0337,0.033476,0.033733,0.033684,0.033117,0.031868,0.029967,0.027471,0.024369,0.021347,0.019331,0.017258,0.015874,0.014916,0.014375,0.014328,0.014575,0.014974,0.01538,0.015818,0.016466,0.017682
0.24438,0.27751,0.29973,0.31269,0.31978,0.32357,0.32456,0.32212,0.31594,0.3059,0.29146,0.27268,0.25014,0.22662,0.20291,0.18071,0.15863,0.13594,0.11342,0.093869,0.076661,0.06155,0.049176,0.041148,0.035169,0.031432,0.029796,0.030093,0.032032,0.03601,0.042697,0.051886,0.064248,0.07926,0.095068,0.11024,0.1246,0.13691,0.14485,0.14765,0.14493,0.13775,0.1273,0.11471,0.10049,0.085989,0.072121,0.059912,0.049818,0.042401,0.037558,0.033792,0.031029,0.029101,0.028222,0.0282,0.028965,0.03097,0.034779,0.039875,0.046764,0.055566,0.064311,0.072103,0.078603,0.083164,0.086336,0.086464,0.083644,0.078363,0.071997,0.064514,0.057373,0.050207,0.043537,0.038078,0.034349,0.032616,0.033094,0.035136,0.037844,0.040256,0.041663,0.041923,0.041196,0.039788,0.037605,0.03515,0.033094,0.030309,0.027667,0.02534,0.023546,0.022366,0.021625,0.021203,0.02088,0.020504,0.020237,0.020643
0.24359,0.27842,0.30226,0.31677,0.32534,0.33085,0.33431,0.33564,0.33468,0.3309,0.32335,0.31105,0.29343,0.2725,0.24906,0.2255,0.20163,0.17731,0.15274,0.13107,0.11151,0.09351,0.077571,0.065554,0.055134,0.046485,0.039234,0.033581,0.029844,0.028542,0.029489,0.032419,0.037621,0.044621,0.053004,0.061917,0.070768,0.078522,0.083487,0.085116,0.08313,0.077877,0.070233,0.06137,0.051728,0.042522,0.034551,0.027955,0.022948,0.019605,0.017886,0.017003,0.01686,0.017231,0.018202,0.019773,0.021972,0.025491,0.030555,0.036446,0.04326,0.050874,0.057887,0.063524,0.067517,0.069509,0.069858,0.067515,0.062896,0.056859,0.050827,0.044592,0.039177,0.034425,0.030828,0.029239,0.029992,0.032932,0.038093,0.044667,0.051418,0.057331,0.061993,0.065382,0.067622,0.06928,0.06989,0.069469,0.068634,0.065907,0.062197,0.058078,0.054159,0.050668,0.047897,0.045741,0.043859,0.04187,0.039546,0.037321
0.19252,0.21816,0.23622,0.24742,0.25454,0.25996,0.26527,0.27073,0.27688,0.2834,0.2887,0.29122,0.28933,0.28312,0.27189,0.25726,0.24109,0.22392,0.20581,0.18891,0.17254,0.15587,0.13954,0.12497,0.11012,0.09548,0.080694,0.065968,0.052839,0.042871,0.036592,0.032795,0.030984,0.030576,0.031259,0.03263,0.034407,0.036197,0.037425,0.037419,0.036077,0.033431,0.029895,0.026092,0.022003,0.018212,0.015126,0.0128,0.010966,0.0095267,0.008655,0.0082849,0.0085808,0.0095269,0.011186,0.013711,0.01697,0.021051,0.026194,0.031678,0.036953,0.041912,0.046044,0.048906,0.050348,0.049929,0.047928,0.044298,0.039636,0.034592,0.03041,0.026863,0.024333,0.022788,0.02261,0.024025,0.027773,0.034084,0.042576,0.052376,0.062605,0.072211,0.080937,0.088732,0.095799,0.10344,0.11068,0.11659,0.12095,0.12188,0.12009,0.11619,0.11109,0.1055,0.10017,0.095584,0.091509,0.08719,0.081641,0.074714
0.13592,0.15406,0.16698,0.1746,0.1789,0.18161,0.18392,0.18636,0.18982,0.19505,0.20181,0.20891,0.21513,0.21949,0.22057,0.21902,0.21569,0.21116,0.20541,0.19976,0.19352,0.18562,0.1764,0.16659,0.15506,0.14256,0.12841,0.11255,0.095815,0.079917,0.066456,0.055343,0.046939,0.040452,0.035445,0.031657,0.028707,0.026333,0.024584,0.022742,0.020769,0.018621,0.01621,0.013883,0.011705,0.010092,0.0089697,0.008286,0.0079048,0.0076673,0.0075944,0.0078085,0.0085254,0.0096479,0.011424,0.014013,0.017349,0.021446,0.02612,0.0305,0.034201,0.037032,0.038964,0.039864,0.03981,0.038382,0.035629,0.031973,0.027925,0.024042,0.021176,0.019004,0.017692,0.017463,0.018688,0.021984,0.027892,0.036328,0.046774,0.058694,0.071247,0.083852,0.096196,0.10838,0.12086,0.13497,0.14994,0.16322,0.17354,0.17931,0.18072,0.17866,0.17427,0.16857,0.16261,0.15694,0.15119,0.14412,0.13378,0.11968
0.10903,0.12416,0.13526,0.14236,0.14715,0.1511,0.15521,0.15985,0.16518,0.17114,0.17716,0.18265,0.187,0.19024,0.19191,0.19331,0.19425,0.19451,0.19395,0.19312,0.1919,0.18928,0.18521,0.17987,0.17284,0.16492,0.15485,0.14251,0.12819,0.11304,0.098217,0.083765,0.070419,0.058382,0.048224,0.040211,0.033929,0.028925,0.025684,0.023049,0.020926,0.019194,0.017571,0.016114,0.014602,0.01333,0.012447,0.011997,0.011797,0.011597,0.011477,0.011633,0.012261,0.013305,0.014852,0.01692,0.019514,0.022478,0.025472,0.027988,0.029271,0.029406,0.02892,0.027895,0.026543,0.024528,0.021941,0.01928,0.016764,0.01467,0.013205,0.012258,0.01228,0.013333,0.015939,0.020392,0.027347,0.036182,0.046033,0.056875,0.068559,0.080839,0.093502,0.10634,0.11964,0.13466,0.15192,0.16871,0.18318,0.19367,0.19972,0.20218,0.20185,0.19959,0.19632,0.19252,0.18772,0.18031,0.16818,0.15143
0.073497,0.08144,0.087326,0.091082,0.093741,0.096188,0.099123,0.10292,0.10787,0.11404,0.12085,0.12789,0.13437,0.14001,0.14451,0.14921,0.15397,0.1586,0.16339,0.16841,0.17375,0.17848,0.18188,0.1836,0.18331,0.18162,0.17796,0.17206,0.16351,0.15289,0.14103,0.12747,0.11311,0.09887,0.085576,0.074048,0.064191,0.055884,0.050472,0.046149,0.042852,0.040625,0.03858,0.036592,0.034356,0.032206,0.030173,0.028171,0.026134,0.023893,0.021714,0.020094,0.01904,0.018581,0.01868,0.019186,0.019931,0.020553,0.02081,0.020596,0.01958,0.01791,0.016296,0.014951,0.014008,0.01297,0.011878,0.01099,0.010289,0.0098863,0.0097922,0.0099937,0.010841,0.012469,0.015236,0.019334,0.024801,0.03139,0.038846,0.047347,0.057048,0.068755,0.08209,0.096836,0.11313,0.13154,0.1539,0.17716,0.19814,0.21558,0.22867,0.23774,0.24332,0.24595,0.24643,0.24528,0.24191,0.23441,0.22028,0.19936
0.047704,0.050541,0.052818,0.054301,0.05541,0.056676,0.058477,0.060979,0.064518,0.069166,0.074749,0.081185,0.088254,0.095541,0.10286,0.11153,0.12088,0.13012,0.1391,0.14788,0.15677,0.16533,0.17334,0.18015,0.18554,0.18954,0.19175,0.19207,0.18891,0.18227,0.17255,0.16013,0.1466,0.13284,0.11945,0.10706,0.095333,0.08465,0.077122,0.071176,0.067189,0.06502,0.063329,0.061632,0.059326,0.056576,0.053202,0.049287,0.044798,0.039976,0.035511,0.031808,0.028458,0.025605,0.023178,0.021006,0.019085,0.017235,0.015381,0.013537,0.011639,0.010077,0.0092807,0.0091003,0.0092834,0.0093827,0.0094515,0.0096369,0.010079,0.010894,0.011904,0.013245,0.014865,0.016855,0.019219,0.021785,0.024915,0.028621,0.032702,0.03785,0.044669,0.054012,0.065873,0.080205,0.09729,0.11686,0.14188,0.16896,0.19464,0.21725,0.23585,0.25044,0.26234,0.27091,0.27647,0.27925,0.27846,0.27193,0.25653,0.23146
0.028675,0.027396,0.027087,0.027131,0.027451,0.028179,0.029561,0.031614,0.034408,0.038038,0.042505,0.047792,0.053767,0.060226,0.067182,0.075749,0.085121,0.094394,0.10362,0.11251,0.12142,0.13018,0.13885,0.14742,0.15575,0.16388,0.17204,0.18111,0.18832,0.19283,0.19421,0.19222,0.1869,0.1798,0.17146,0.16241,0.15277,0.14309,0.13517,0.12775,0.12179,0.11819,0.11509,0.11185,0.10784,0.10285,0.096751,0.089616,0.081471,0.072864,0.064767,0.0578,0.05098,0.044497,0.038196,0.032297,0.02692,0.02211,0.017716,0.014194,0.011928,0.010964,0.010973,0.011545,0.01245,0.013613,0.015253,0.017168,0.019263,0.021499,0.023407,0.024855,0.02581,0.026247,0.026225,0.025779,0.025226,0.024907,0.025063,0.026641,0.030145,0.036143,0.04455,0.055911,0.070434,0.087599,0.11027,0.13565,0.16058,0.18387,0.20477,0.2234,0.24133,0.2562,0.26773,0.27537,0.27802,0.27325,0.25768,0.23029
0.018858,0.015475,0.014114,0.013732,0.013875,0.014406,0.015277,0.016425,0.017895,0.019695,0.021844,0.02438,0.027478,0.031157,0.035763,0.042044,0.049578,0.057766,0.066503,0.075666,0.085277,0.095161,0.10561,0.11692,0.12886,0.14152,0.15557,0.1724,0.18821,0.20222,0.21452,0.22447,0.23074,0.23374,0.23333,0.22945,0.22249,0.21321,0.20368,0.19357,0.18471,0.17857,0.17255,0.1658,0.1579,0.14894,0.13891,0.12792,0.11585,0.1036,0.092351,0.082582,0.072967,0.063613,0.05426,0.045354,0.037058,0.029607,0.023398,0.019278,0.018041,0.018715,0.020574,0.023008,0.025917,0.029216,0.033021,0.036928,0.040555,0.043487,0.045399,0.046134,0.045572,0.043706,0.040415,0.036111,0.031413,0.02691,0.02297,0.02088,0.020682,0.022367,0.026029,0.032282,0.041583,0.053231,0.069262,0.088254,0.1077,0.12654,0.14457,0.16168,0.18012,0.19653,0.21014,0.22028,0.22589,0.22461,0.21366,0.19232
0.018047,0.013776,0.012156,0.011664,0.011616,0.011846,0.01221,0.012721,0.013312,0.01396,0.014651,0.015288,0.016233,0.017533,0.019484,0.022528,0.026546,0.031331,0.036699,0.042431,0.04875,0.055687,0.063766,0.073626,0.085054,0.098355,0.11445,0.13502,0.15619,0.17652,0.19717,0.21754,0.2359,0.25178,0.26343,0.27098,0.27491,0.27536,0.27295,0.26706,0.25921,0.25159,0.24306,0.23362,0.22316,0.21136,0.19836,0.18369,0.16747,0.15095,0.13535,0.12134,0.10742,0.093619,0.07947,0.065569,0.052548,0.041072,0.032253,0.027037,0.026227,0.028386,0.032307,0.037212,0.042465,0.047771,0.053018,0.057536,0.061024,0.063096,0.063684,0.06267,0.060055,0.055799,0.049822,0.042618,0.035239,0.028714,0.022987,0.018977,0.016603,0.01587,0.016567,0.018942,0.023579,0.029702,0.038853,0.050754,0.063896,0.077853,0.092691,0.10824,0.12677,0.1443,0.15955,0.17163,0.17946,0.18086,0.17332,0.15617
0.02405,0.021457,0.020433,0.020099,0.020044,0.020237,0.020483,0.020689,0.020724,0.020584,0.020273,0.019647,0.018933,0.018315,0.018015,0.018323,0.019425,0.021163,0.023259,0.025617,0.028386,0.031781,0.03633,0.04271,0.051051,0.061841,0.076239,0.09597,0.11793,0.14162,0.16925,0.19915,0.22931,0.2596,0.28711,0.30964,0.3269,0.33831,0.34365,0.34173,0.33391,0.32269,0.30707,0.28827,0.26824,0.24758,0.22673,0.2059,0.18504,0.16519,0.14746,0.132,0.11743,0.10354,0.089193,0.075181,0.062011,0.050544,0.041689,0.036412,0.036706,0.040627,0.046628,0.05349,0.060244,0.066357,0.071833,0.076179,0.079143,0.080444,0.079958,0.077761,0.073796,0.067895,0.060018,0.050781,0.041658,0.033863,0.027144,0.02211,0.018555,0.016111,0.014549,0.013886,0.01457,0.016092,0.019053,0.023722,0.029445,0.036048,0.043705,0.052393,0.063918,0.07556,0.086405,0.095558,0.10246,0.10584,0.10418,0.096994
0.033899,0.033116,0.033505,0.033971,0.03436,0.03478,0.034952,0.034848,0.034379,0.033431,0.031977,0.029917,0.027641,0.025352,0.02341,0.021881,0.020886,0.020399,0.020416,0.020868,0.021725,0.02307,0.025242,0.028499,0.033015,0.039286,0.048456,0.062008,0.078698,0.098535,0.12491,0.15664,0.19103,0.22672,0.26275,0.29651,0.32598,0.35042,0.36807,0.37626,0.37487,0.36494,0.3472,0.32421,0.29915,0.27261,0.24618,0.2208,0.19702,0.17539,0.15617,0.13937,0.12445,0.11073,0.096552,0.082562,0.0693,0.057506,0.049025,0.044587,0.046476,0.051895,0.058953,0.066437,0.073189,0.078513,0.082288,0.084255,0.084405,0.082783,0.079628,0.075116,0.069424,0.062575,0.0545,0.045754,0.037707,0.031149,0.025482,0.021034,0.01748,0.014746,0.012867,0.01183,0.011596,0.011764,0.012503,0.014205,0.016563,0.019824,0.023999,0.029007,0.035793,0.042737,0.049364,0.055272,0.060114,0.06327,0.064091,0.062253
0.05133,0.054993,0.058789,0.061715,0.063814,0.065387,0.066208,0.066225,0.065333,0.063486,0.0607,0.056968,0.052564,0.047729,0.042709,0.037646,0.033084,0.029202,0.026168,0.024211,0.022953,0.022287,0.022323,0.023183,0.025051,0.028467,0.034202,0.043387,0.055916,0.072672,0.09737,0.12888,0.16451,0.20145,0.23921,0.27748,0.31411,0.34671,0.37174,0.38534,0.38621,0.37464,0.35276,0.32455,0.29386,0.26222,0.23207,0.2046,0.18106,0.16097,0.14363,0.12894,0.11668,0.10595,0.094996,0.084118,0.0739,0.064804,0.058665,0.056806,0.060189,0.067044,0.074694,0.081793,0.087335,0.090736,0.091921,0.091034,0.0883,0.083834,0.078148,0.071559,0.064576,0.057027,0.04896,0.040907,0.034093,0.029067,0.024984,0.021861,0.019481,0.01751,0.016032,0.015311,0.015304,0.01559,0.01613,0.017066,0.018302,0.01994,0.022057,0.024547,0.027743,0.030873,0.033738,0.036337,0.03842,0.039809,0.040535,0.041489
0.071685,0.081643,0.090315,0.096637,0.10095,0.10384,0.10533,0.10549,0.10442,0.10211,0.09866,0.094088,0.08869,0.082694,0.0761,0.069036,0.061929,0.055022,0.049105,0.044486,0.040781,0.038302,0.036805,0.03669,0.037799,0.040199,0.044201,0.050158,0.058704,0.071077,0.090904,0.11785,0.15003,0.18311,0.21539,0.24556,0.27237,0.2953,0.3116,0.31872,0.31493,0.29999,0.27678,0.24991,0.22265,0.19616,0.17105,0.14842,0.12954,0.11449,0.1024,0.092608,0.085249,0.079525,0.074028,0.068781,0.064013,0.060303,0.059797,0.062773,0.069941,0.079253,0.088634,0.096805,0.10274,0.10585,0.10599,0.10365,0.099278,0.093192,0.08602,0.078251,0.070717,0.063181,0.055802,0.049046,0.043968,0.040715,0.038543,0.037225,0.036195,0.035284,0.034693,0.034338,0.03447,0.034561,0.034825,0.035182,0.035781,0.03675,0.037878,0.03906,0.039998,0.040617,0.040926,0.041138,0.040852,0.039982,0.038686,0.037754
0.087535,0.10136,0.11294,0.12131,0.12722,0.13135,0.13398,0.13525,0.13515,0.13374,0.13127,0.12794,0.12389,0.11914,0.11362,0.10737,0.1007,0.093774,0.087482,0.082157,0.077214,0.072616,0.068399,0.064996,0.062508,0.06117,0.06105,0.062512,0.066327,0.073603,0.086638,0.10491,0.12842,0.15301,0.17754,0.20022,0.21962,0.2347,0.2444,0.24726,0.24302,0.23175,0.21492,0.19447,0.17201,0.1492,0.12771,0.10878,0.094029,0.083097,0.074458,0.067834,0.063407,0.06002,0.056877,0.054093,0.05196,0.051178,0.052908,0.057363,0.064188,0.071905,0.079037,0.085202,0.089602,0.09154,0.090946,0.088467,0.084654,0.079759,0.074415,0.069018,0.064415,0.060415,0.056933,0.054356,0.053363,0.053729,0.054863,0.056265,0.05774,0.059064,0.060003,0.060751,0.061264,0.061137,0.060933,0.060748,0.060768,0.0611,0.061609,0.06205,0.06193,0.061361,0.060445,0.059337,0.057571,0.054876,0.0511,0.047068
0.095545,0.10909,0.12052,0.12889,0.13496,0.13948,0.14296,0.14563,0.14773,0.14927,0.15035,0.15109,0.15151,0.15131,0.15035,0.14837,0.14543,0.14144,0.13704,0.13263,0.12753,0.12192,0.11553,0.10857,0.10152,0.094734,0.08812,0.081984,0.077057,0.074608,0.075272,0.079567,0.087967,0.098468,0.10993,0.12135,0.13196,0.14035,0.14569,0.14781,0.14655,0.1416,0.13363,0.12343,0.1118,0.099995,0.088932,0.079498,0.07242,0.067342,0.0633,0.060166,0.05764,0.055325,0.052751,0.050105,0.048798,0.049036,0.052038,0.057296,0.063285,0.069494,0.07508,0.079639,0.082811,0.084143,0.083758,0.08222,0.079894,0.077003,0.07382,0.070755,0.068661,0.067701,0.068176,0.070128,0.073616,0.078132,0.083429,0.088822,0.094153,0.098781,0.10264,0.10557,0.10727,0.10757,0.10706,0.10599,0.1047,0.10339,0.10201,0.10033,0.097645,0.094602,0.091384,0.088197,0.084447,0.079577,0.073072,0.065611
0.073731,0.083666,0.091918,0.097846,0.10188,0.10451,0.10597,0.10605,0.10485,0.10325,0.10227,0.10139,0.10113,0.10197,0.10326,0.10456,0.10595,0.10701,0.10741,0.10741,0.10657,0.10588,0.10531,0.10505,0.10516,0.10445,0.1027,0.10014,0.097528,0.096194,0.09695,0.099308,0.10289,0.10648,0.10933,0.11124,0.11188,0.11275,0.11255,0.11173,0.11023,0.10689,0.10212,0.096936,0.092636,0.088473,0.084735,0.08215,0.080976,0.081407,0.08352,0.087185,0.092159,0.098366,0.10563,0.11201,0.11699,0.12007,0.12028,0.11815,0.11418,0.10883,0.10312,0.096325,0.089022,0.082044,0.075628,0.070243,0.066139,0.063268,0.061553,0.060673,0.060349,0.060385,0.060527,0.060417,0.060642,0.061313,0.062288,0.063672,0.06544,0.067596,0.06942,0.071305,0.073064,0.075068,0.078462,0.084336,0.093227,0.1056,0.12088,0.13822,0.15398,0.16704,0.17625,0.18106,0.181,0.17467,0.16058,0.13974
0.058463,0.066732,0.074014,0.079321,0.082652,0.084153,0.083889,0.081669,0.077586,0.072642,0.067995,0.063742,0.060626,0.059715,0.06119,0.064213,0.069213,0.075695,0.083046,0.091019,0.099456,0.10907,0.11923,0.1296,0.13995,0.14826,0.15388,0.15747,0.16121,0.16491,0.16952,0.17396,0.1776,0.17922,0.1784,0.17537,0.17088,0.16759,0.16291,0.15815,0.15295,0.14691,0.14004,0.13237,0.12469,0.11585,0.10637,0.09758,0.089965,0.083705,0.079182,0.077254,0.076533,0.07728,0.079079,0.079797,0.079056,0.077198,0.073917,0.069328,0.063922,0.058117,0.052988,0.047819,0.043262,0.039626,0.036823,0.034922,0.034021,0.033885,0.034343,0.0356,0.037235,0.03945,0.041843,0.04426,0.047433,0.050463,0.052991,0.054839,0.056104,0.056963,0.057585,0.058375,0.059253,0.060371,0.062815,0.067638,0.075376,0.087027,0.10212,0.12032,0.13776,0.15332,0.16489,0.17186,0.17373,0.16896,0.15612,0.13609
0.047429,0.0526,0.057147,0.060097,0.061334,0.060925,0.058886,0.055193,0.050014,0.044082,0.038444,0.033937,0.031025,0.030234,0.031877,0.035608,0.041742,0.050104,0.060557,0.072926,0.08732,0.10423,0.12275,0.14237,0.16242,0.18059,0.19556,0.20765,0.22051,0.23289,0.24537,0.256,0.26297,0.26447,0.26032,0.25217,0.24274,0.23403,0.22442,0.21504,0.20522,0.19536,0.18497,0.17312,0.16037,0.14586,0.13015,0.11474,0.10061,0.088282,0.078548,0.072792,0.068298,0.064688,0.061713,0.057832,0.053309,0.048584,0.043694,0.038755,0.034121,0.029971,0.027119,0.024605,0.022695,0.021524,0.021118,0.021261,0.022024,0.023407,0.025217,0.027526,0.030232,0.033257,0.036437,0.039584,0.043561,0.046595,0.048307,0.048628,0.047837,0.046474,0.045636,0.045151,0.04518,0.045787,0.047881,0.051957,0.058347,0.067254,0.078685,0.093237,0.10752,0.12103,0.1314,0.13792,0.1403,0.13731,0.12796,0.11289
0.047137,0.051429,0.054905,0.056801,0.057287,0.05649,0.054556,0.051472,0.047238,0.042279,0.037125,0.032739,0.029134,0.026355,0.025359,0.025344,0.027149,0.031294,0.037703,0.047212,0.060642,0.078316,0.098783,0.12172,0.1459,0.1696,0.1914,0.21146,0.23426,0.25732,0.28129,0.30421,0.32313,0.33382,0.33504,0.32766,0.314,0.2966,0.27662,0.25821,0.24216,0.22863,0.21564,0.20112,0.18534,0.16756,0.14835,0.12927,0.11123,0.094768,0.080861,0.07163,0.063923,0.056877,0.050238,0.04322,0.036563,0.030643,0.025898,0.022048,0.019262,0.017302,0.016253,0.015534,0.015298,0.015609,0.016549,0.018205,0.020276,0.022631,0.02541,0.028642,0.032163,0.035924,0.039613,0.043161,0.047754,0.050711,0.05157,0.050015,0.046552,0.041938,0.038623,0.036053,0.034364,0.033318,0.033531,0.035134,0.038097,0.042747,0.049496,0.058538,0.067709,0.077095,0.084518,0.089473,0.091936,0.09114,0.086587,0.078707
0.063242,0.069133,0.072714,0.07432,0.074421,0.073442,0.071583,0.068907,0.065223,0.060477,0.054532,0.048341,0.041991,0.035909,0.031744,0.028418,0.02607,0.025393,0.026416,0.029981,0.038033,0.05073,0.067162,0.086844,0.1086,0.13159,0.15422,0.17693,0.20403,0.23258,0.26394,0.29622,0.32633,0.34958,0.36329,0.36757,0.36332,0.3504,0.32994,0.3071,0.28434,0.26663,0.25075,0.23371,0.21487,0.19399,0.1714,0.1489,0.1272,0.10676,0.088948,0.076237,0.065054,0.05451,0.044751,0.03539,0.027435,0.02119,0.017186,0.014646,0.013286,0.012789,0.013078,0.013713,0.014834,0.016609,0.019269,0.022735,0.026845,0.031404,0.036432,0.041759,0.047018,0.051691,0.055414,0.058238,0.061252,0.061848,0.059438,0.053778,0.045732,0.036968,0.030938,0.026258,0.02306,0.020728,0.019265,0.018873,0.019527,0.021098,0.023939,0.028083,0.032634,0.03796,0.04256,0.046086,0.048579,0.049655,0.049143,0.047347
0.089448,0.1011,0.10808,0.11142,0.11257,0.1126,0.11187,0.11041,0.1079,0.10345,0.096267,0.087177,0.076343,0.064366,0.054669,0.045611,0.037372,0.031088,0.026737,0.024869,0.026931,0.033092,0.043368,0.057809,0.075345,0.095767,0.11699,0.13895,0.16472,0.19215,0.22261,0.25456,0.28545,0.31143,0.32955,0.33914,0.33988,0.33051,0.31236,0.29081,0.26875,0.25219,0.23781,0.22282,0.20593,0.18674,0.16577,0.14444,0.12334,0.10302,0.084959,0.071262,0.059127,0.047594,0.037018,0.027863,0.020979,0.016389,0.014343,0.013643,0.014164,0.015552,0.017599,0.019939,0.022863,0.026476,0.031425,0.037685,0.044634,0.052169,0.059927,0.067659,0.074735,0.080365,0.083867,0.085015,0.084762,0.08154,0.074745,0.064382,0.0518,0.039261,0.030983,0.024754,0.020567,0.017627,0.015641,0.014577,0.01426,0.014748,0.015898,0.017743,0.020004,0.023009,0.02571,0.027886,0.029595,0.030737,0.031346,0.031609
0.11667,0.13407,0.14513,0.15126,0.15445,0.15625,0.15722,0.15743,0.15665,0.15341,0.14647,0.13621,0.12274,0.10666,0.091598,0.076164,0.060726,0.047027,0.03552,0.027991,0.025692,0.026405,0.030378,0.03774,0.04844,0.06341,0.08067,0.099616,0.12159,0.14499,0.17138,0.19908,0.22535,0.24666,0.26093,0.26836,0.26902,0.26194,0.24811,0.23223,0.21666,0.20612,0.19707,0.18689,0.17469,0.16006,0.14336,0.12614,0.10873,0.091661,0.076374,0.064401,0.053957,0.044203,0.035709,0.028826,0.023961,0.021848,0.022331,0.0248,0.028757,0.033554,0.038656,0.04358,0.048704,0.054241,0.061139,0.069322,0.078024,0.086858,0.0953,0.10284,0.10864,0.11173,0.11183,0.10866,0.10303,0.095104,0.084151,0.070333,0.055085,0.040922,0.031204,0.023986,0.019264,0.01596,0.013668,0.012019,0.010807,0.010107,0.010155,0.010835,0.011883,0.013544,0.015169,0.016616,0.017965,0.01916,0.020446,0.022158
0.14785,0.17056,0.18568,0.19476,0.20029,0.2041,0.20678,0.20876,0.21,0.20847,0.20252,0.19206,0.17733,0.15898,0.14034,0.12071,0.10047,0.080884,0.062219,0.046653,0.036986,0.031228,0.028928,0.029572,0.032822,0.039664,0.049353,0.06162,0.077222,0.095492,0.11734,0.14081,0.16317,0.18119,0.19306,0.19946,0.20077,0.19737,0.19079,0.18363,0.17573,0.16955,0.16268,0.15442,0.14407,0.13152,0.11723,0.10256,0.087858,0.073852,0.062091,0.053436,0.04646,0.040195,0.035178,0.031862,0.030814,0.033104,0.038319,0.045059,0.052775,0.060476,0.067282,0.072905,0.077845,0.082411,0.087657,0.093617,0.099755,0.10562,0.11061,0.1143,0.11583,0.11474,0.11073,0.10361,0.094464,0.084635,0.073036,0.060013,0.046727,0.035158,0.027595,0.022088,0.018496,0.015963,0.014001,0.012415,0.010994,0.0099082,0.0092456,0.0088799,0.0087516,0.0090521,0.009445,0.0099029,0.010536,0.011403,0.012935,0.016018
0.16659,0.1903,0.20664,0.21713,0.22449,0.23071,0.2367,0.24254,0.24918,0.25358,0.25377,0.24911,0.2385,0.2224,0.20421,0.18407,0.16174,0.13804,0.1135,0.0903,0.071517,0.05533,0.042993,0.034977,0.030469,0.029225,0.030594,0.03447,0.040632,0.049596,0.062369,0.078388,0.095196,0.11006,0.1209,0.12817,0.13152,0.13093,0.12737,0.122,0.11537,0.1098,0.10402,0.097729,0.090548,0.082284,0.073137,0.064034,0.055529,0.048123,0.042406,0.038261,0.035265,0.033357,0.032898,0.034317,0.038443,0.046977,0.059477,0.073353,0.086847,0.098653,0.10816,0.11518,0.12041,0.12426,0.12764,0.13077,0.13323,0.13466,0.1345,0.13248,0.12787,0.12058,0.11062,0.098315,0.084817,0.072734,0.060687,0.049125,0.03891,0.031091,0.026441,0.023244,0.021057,0.019406,0.017954,0.016593,0.015291,0.014058,0.013232,0.012506,0.011926,0.011637,0.011597,0.011676,0.011934,0.012423,0.013481,0.016017
0.17276,0.1968,0.21326,0.22372,0.2313,0.2381,0.24514,0.25274,0.26209,0.27077,0.27689,0.28045,0.27755,0.26651,0.24953,0.23037,0.20977,0.18765,0.16392,0.1401,0.11865,0.097302,0.077144,0.059759,0.046563,0.037273,0.031731,0.029336,0.02931,0.031574,0.036164,0.043689,0.053114,0.062588,0.070375,0.076562,0.080342,0.081422,0.080169,0.077359,0.073634,0.070325,0.066993,0.063229,0.059029,0.054406,0.049531,0.044973,0.041102,0.037822,0.035312,0.033736,0.033341,0.034413,0.037283,0.04284,0.051149,0.06491,0.081854,0.09864,0.11369,0.12586,0.13465,0.14005,0.1429,0.14369,0.14318,0.14181,0.1393,0.13559,0.13038,0.12352,0.11449,0.10342,0.090384,0.075801,0.061172,0.049449,0.039262,0.030823,0.024548,0.020573,0.018776,0.018024,0.017932,0.018239,0.018515,0.01877,0.018985,0.01907,0.018969,0.018681,0.018329,0.018041,0.017773,0.017602,0.017631,0.017838,0.018433,0.020068
0.16896,0.19182,0.20761,0.21775,0.2251,0.23195,0.23931,0.24804,0.25913,0.27069,0.28148,0.29394,0.30184,0.30192,0.29303,0.27649,0.25671,0.23651,0.21514,0.19303,0.17156,0.14863,0.12507,0.1019,0.079954,0.060772,0.046847,0.037469,0.030817,0.026772,0.024649,0.024755,0.026636,0.029549,0.03282,0.036278,0.039002,0.040659,0.041333,0.040934,0.0399,0.038913,0.037795,0.036269,0.034489,0.032443,0.030555,0.029109,0.028211,0.028003,0.028871,0.030719,0.0341,0.039995,0.048707,0.0602,0.074175,0.091071,0.1083,0.12353,0.1358,0.1443,0.1487,0.14927,0.14685,0.14198,0.13557,0.12827,0.12028,0.11195,0.10286,0.093167,0.082194,0.070501,0.058095,0.045574,0.034574,0.026976,0.021395,0.017514,0.01537,0.014842,0.015601,0.017208,0.01936,0.021682,0.023815,0.025804,0.027623,0.028677,0.029169,0.029021,0.028569,0.027991,0.02736,0.026809,0.02641,0.02606,0.025758,0.02594
0.1362,0.1551,0.16862,0.17761,0.18421,0.19013,0.19615,0.20271,0.21065,0.21948,0.23001,0.24715,0.26678,0.28517,0.29739,0.30012,0.29524,0.28507,0.27206,0.25742,0.24101,0.22077,0.19745,0.17197,0.14529,0.11846,0.09484,0.075752,0.060043,0.048142,0.038464,0.031165,0.025975,0.022385,0.020464,0.019426,0.018509,0.017519,0.016689,0.015814,0.014986,0.014398,0.013824,0.013285,0.013086,0.013224,0.013985,0.015253,0.017035,0.019265,0.022354,0.026617,0.03263,0.042233,0.055323,0.071061,0.087752,0.10427,0.11857,0.1295,0.13687,0.14051,0.14047,0.13707,0.13097,0.1228,0.11326,0.10299,0.092406,0.08187,0.071201,0.061131,0.051194,0.041718,0.032698,0.024504,0.018125,0.014393,0.012206,0.011418,0.01213,0.014422,0.01765,0.021578,0.025755,0.030032,0.034248,0.038401,0.043135,0.046868,0.049517,0.050888,0.051492,0.051473,0.051008,0.0503,0.04934,0.047912,0.04576,0.043099
0.11225,0.1271,0.13786,0.14515,0.1506,0.1556,0.16076,0.16628,0.17215,0.1782,0.18475,0.19634,0.21325,0.23677,0.26317,0.28341,0.29696,0.3037,0.30386,0.29815,0.28775,0.27287,0.25399,0.23156,0.20649,0.17938,0.15339,0.12967,0.10704,0.086436,0.067202,0.050766,0.037383,0.027398,0.021507,0.017279,0.013929,0.011064,0.0090873,0.0076629,0.0067373,0.0062353,0.005998,0.0059688,0.0063303,0.0071203,0.0088488,0.011568,0.014969,0.018977,0.023955,0.030318,0.038601,0.050927,0.06571,0.080677,0.09419,0.10533,0.11297,0.11723,0.1182,0.11661,0.11244,0.10587,0.097498,0.087758,0.077295,0.06674,0.056484,0.047033,0.038435,0.031165,0.024765,0.019371,0.014688,0.011024,0.0086971,0.0080144,0.0089133,0.011104,0.014783,0.019934,0.025538,0.031442,0.037486,0.043673,0.049821,0.056088,0.064523,0.07192,0.077745,0.081522,0.083829,0.085045,0.085243,0.084686,0.083362,0.080727,0.076113,0.069405
0.086211,0.097399,0.10569,0.11155,0.11622,0.12079,0.12583,0.13155,0.13788,0.14476,0.15242,0.16372,0.17932,0.20179,0.23101,0.25928,0.28398,0.30284,0.31533,0.32034,0.31756,0.30733,0.29094,0.26963,0.24569,0.22087,0.19753,0.17559,0.15335,0.13122,0.10838,0.086314,0.065824,0.048514,0.037321,0.028907,0.022113,0.016291,0.01198,0.0089618,0.0068339,0.0054507,0.0045216,0.0039908,0.0040392,0.0048578,0.0065452,0.0092386,0.012939,0.017436,0.022988,0.029966,0.03866,0.050944,0.065,0.078615,0.090386,0.099018,0.10364,0.10447,0.10196,0.097441,0.091006,0.082726,0.073349,0.06325,0.053018,0.04343,0.034881,0.027487,0.021172,0.016298,0.012573,0.0099659,0.0081686,0.0071385,0.0068125,0.0072884,0.0088988,0.01154,0.015449,0.020544,0.025921,0.031494,0.037486,0.044093,0.051457,0.060252,0.073018,0.085212,0.095509,0.1032,0.10856,0.11208,0.11381,0.11413,0.11289,0.10934,0.10252,0.09212
0.054573,0.059876,0.064077,0.067254,0.07009,0.073246,0.077208,0.082279,0.08851,0.096194,0.10565,0.11898,0.13812,0.1641,0.19591,0.22707,0.25756,0.28655,0.31271,0.33265,0.34459,0.34796,0.34272,0.32909,0.30857,0.2832,0.25705,0.2319,0.20739,0.18424,0.16031,0.13645,0.11287,0.090827,0.074406,0.060409,0.048149,0.036958,0.02771,0.020604,0.015323,0.011986,0.0099368,0.0085899,0.0079865,0.0084274,0.0097741,0.012003,0.014955,0.018553,0.02298,0.028787,0.035966,0.04592,0.057059,0.067611,0.076018,0.08101,0.082039,0.079608,0.0744,0.068104,0.061091,0.053409,0.045773,0.038093,0.030828,0.024669,0.019607,0.015633,0.012648,0.010649,0.0096101,0.009313,0.0093864,0.0097351,0.010313,0.011166,0.012215,0.013449,0.015265,0.017895,0.02121,0.025035,0.02966,0.035618,0.043391,0.053815,0.070301,0.087877,0.10377,0.11629,0.12537,0.13168,0.13549,0.13729,0.13693,0.13345,0.12565,0.11309
0.02772,0.027523,0.027734,0.028108,0.028714,0.029802,0.031678,0.03467,0.039047,0.045371,0.054344,0.067625,0.087362,0.11455,0.14827,0.18141,0.21254,0.24241,0.27351,0.30311,0.3284,0.34736,0.3586,0.36113,0.35537,0.34198,0.32341,0.30089,0.27493,0.24867,0.2238,0.20048,0.17679,0.15297,0.13302,0.11419,0.09589,0.077546,0.061169,0.047524,0.036213,0.02796,0.022194,0.017986,0.015204,0.013894,0.01352,0.014187,0.016001,0.018393,0.02133,0.025323,0.03007,0.036628,0.043878,0.050513,0.055295,0.057112,0.055621,0.05144,0.045374,0.039219,0.033411,0.027986,0.023485,0.019744,0.016764,0.014593,0.013136,0.012213,0.01179,0.011849,0.013099,0.015346,0.017974,0.020591,0.022634,0.023619,0.023775,0.02332,0.023183,0.02409,0.026002,0.028425,0.031635,0.036352,0.043659,0.054219,0.071768,0.092262,0.11149,0.12721,0.13884,0.14711,0.15249,0.15552,0.156,0.15295,0.1449,0.13114
0.017355,0.015636,0.014782,0.014406,0.014286,0.014395,0.014924,0.016015,0.017851,0.020901,0.025601,0.033117,0.046092,0.065732,0.090709,0.11604,0.14081,0.1655,0.19204,0.21837,0.24402,0.26824,0.28991,0.30792,0.32128,0.32911,0.33199,0.33019,0.32215,0.30813,0.28859,0.26622,0.24306,0.22017,0.19978,0.17929,0.15773,0.13501,0.11371,0.094779,0.077553,0.06325,0.051774,0.042494,0.035366,0.030218,0.026309,0.023775,0.022406,0.022015,0.022024,0.022688,0.023643,0.025344,0.027233,0.028798,0.029449,0.028854,0.026968,0.024025,0.020651,0.017932,0.015761,0.013903,0.012863,0.01254,0.012542,0.013145,0.01423,0.015854,0.018161,0.021078,0.025638,0.031314,0.036757,0.040876,0.04281,0.042206,0.039659,0.035775,0.032112,0.030229,0.030171,0.031089,0.033062,0.036593,0.042637,0.052233,0.068221,0.089673,0.111,0.12936,0.14371,0.15451,0.16201,0.16655,0.16794,0.16496,0.15597,0.14014
0.013667,0.01154,0.010619,0.01022,0.010069,0.010054,0.010182,0.010482,0.011054,0.012271,0.014209,0.017339,0.023525,0.034376,0.05067,0.069351,0.089066,0.1105,0.13543,0.16116,0.18623,0.20979,0.23078,0.24912,0.26602,0.28161,0.2964,0.3104,0.32041,0.32445,0.32162,0.31204,0.29573,0.27502,0.25424,0.23322,0.21118,0.18762,0.16519,0.14437,0.12457,0.10682,0.091177,0.076951,0.064328,0.054025,0.045302,0.038159,0.033037,0.029518,0.026644,0.024565,0.02293,0.021715,0.020634,0.019495,0.018197,0.016677,0.01516,0.013943,0.013004,0.012599,0.012947,0.013767,0.016017,0.019524,0.023738,0.028594,0.033982,0.039715,0.04559,0.051168,0.057608,0.063718,0.06786,0.069273,0.067457,0.062162,0.054552,0.045749,0.037484,0.031919,0.029381,0.028255,0.028677,0.030857,0.035525,0.04338,0.057254,0.077284,0.097949,0.11606,0.13043,0.14136,0.14906,0.15379,0.15544,0.153,0.14505,0.13059
0.016896,0.014729,0.013857,0.013517,0.013341,0.013216,0.013148,0.013091,0.013028,0.013105,0.013365,0.013843,0.015379,0.018872,0.025141,0.033816,0.044753,0.058599,0.077028,0.097192,0.11796,0.13856,0.15817,0.17687,0.19473,0.21224,0.23099,0.2538,0.279,0.30309,0.32253,0.33531,0.34026,0.33684,0.32631,0.30931,0.2869,0.26059,0.23486,0.21031,0.1857,0.16208,0.13968,0.11842,0.098416,0.080327,0.064526,0.051609,0.04184,0.035395,0.030222,0.026073,0.022568,0.019553,0.017088,0.015118,0.013531,0.012666,0.012624,0.013283,0.01473,0.017299,0.020957,0.025513,0.032303,0.041357,0.051538,0.061976,0.072223,0.081547,0.089494,0.095526,0.10044,0.10346,0.10361,0.10019,0.092869,0.081905,0.068919,0.05509,0.042152,0.032757,0.027509,0.024256,0.022978,0.023446,0.025828,0.03096,0.040471,0.055342,0.071479,0.086013,0.097912,0.10741,0.11451,0.11932,0.12164,0.12066,0.1153,0.10509
0.029214,0.028278,0.027849,0.027522,0.027178,0.026913,0.026594,0.026011,0.025076,0.023762,0.021941,0.019446,0.016918,0.015066,0.01467,0.01636,0.019623,0.025329,0.034913,0.047257,0.061704,0.077725,0.094446,0.11212,0.1308,0.15034,0.17133,0.1965,0.22481,0.25536,0.2864,0.31469,0.3375,0.35217,0.35724,0.35306,0.33978,0.31782,0.29144,0.26227,0.23197,0.20276,0.17555,0.15026,0.12641,0.10435,0.084077,0.066375,0.052516,0.04293,0.035436,0.02912,0.024,0.019816,0.016654,0.014374,0.012898,0.01255,0.013576,0.016153,0.020617,0.027811,0.036772,0.047071,0.060568,0.076167,0.091805,0.10621,0.11867,0.12848,0.13528,0.13877,0.13998,0.13818,0.13272,0.12326,0.10966,0.092703,0.074721,0.057384,0.041743,0.030628,0.024171,0.019648,0.016759,0.015144,0.015133,0.016988,0.021315,0.028988,0.038097,0.046854,0.054291,0.060716,0.065847,0.0696,0.071843,0.072164,0.069935,0.064833
0.053789,0.05695,0.058937,0.059868,0.060175,0.060378,0.060232,0.059389,0.057566,0.054556,0.050134,0.04412,0.036813,0.029262,0.023331,0.020833,0.020607,0.022176,0.026593,0.03299,0.041192,0.05129,0.06286,0.076555,0.092453,0.11043,0.13094,0.15637,0.18429,0.21264,0.24115,0.2697,0.29749,0.32126,0.33733,0.34494,0.34382,0.33299,0.31445,0.28878,0.25804,0.22632,0.1964,0.16836,0.14148,0.11619,0.092842,0.07194,0.05476,0.042885,0.03425,0.027324,0.02179,0.017251,0.013757,0.01143,0.010416,0.011145,0.014104,0.019573,0.028514,0.041972,0.057191,0.073427,0.09192,0.11121,0.12946,0.14489,0.15692,0.16496,0.1689,0.16862,0.16499,0.15743,0.14594,0.13061,0.11184,0.090543,0.070129,0.052266,0.037187,0.026845,0.020818,0.01674,0.014203,0.012633,0.011916,0.01208,0.013432,0.016771,0.021229,0.025845,0.029943,0.033751,0.036998,0.039726,0.041777,0.042927,0.042959,0.0417
0.09596,0.10891,0.11804,0.1238,0.12734,0.12992,0.13135,0.13109,0.12867,0.12372,0.11578,0.10453,0.090164,0.073929,0.058079,0.046329,0.037297,0.030518,0.026389,0.024582,0.024841,0.027286,0.031367,0.037835,0.046935,0.058906,0.074019,0.094032,0.1166,0.13992,0.16359,0.18677,0.21,0.23235,0.25126,0.26617,0.27718,0.28158,0.27829,0.26668,0.24794,0.22544,0.20199,0.17829,0.15437,0.1307,0.10821,0.087454,0.069708,0.056555,0.046668,0.03849,0.031816,0.02635,0.022209,0.019664,0.018978,0.020883,0.026109,0.034538,0.047362,0.065309,0.084083,0.10255,0.12147,0.1393,0.15515,0.16697,0.17442,0.17746,0.17639,0.17136,0.16345,0.15199,0.13744,0.11992,0.099883,0.078817,0.060657,0.046363,0.034678,0.026228,0.021031,0.017369,0.014666,0.012508,0.010636,0.0091873,0.0083909,0.0084084,0.0091576,0.010472,0.011985,0.013727,0.015497,0.017251,0.018972,0.020725,0.022535,0.02441
0.13296,0.15157,0.16493,0.17332,0.17845,0.18217,0.18452,0.18503,0.18335,0.17898,0.17135,0.15997,0.14478,0.12695,0.10828,0.092362,0.077857,0.064192,0.051979,0.042887,0.036748,0.033224,0.032127,0.033892,0.037512,0.043133,0.051357,0.063689,0.079539,0.09763,0.11683,0.13613,0.15567,0.17442,0.19047,0.2034,0.21357,0.22012,0.22217,0.21843,0.20884,0.19523,0.17925,0.16156,0.14244,0.12284,0.1038,0.086311,0.071236,0.059969,0.05189,0.045225,0.039913,0.035814,0.033359,0.03251,0.033389,0.037347,0.045094,0.055588,0.069929,0.08862,0.10697,0.12385,0.13926,0.15197,0.16203,0.1676,0.16882,0.16604,0.16017,0.15106,0.13998,0.1264,0.11084,0.093658,0.07573,0.058553,0.045447,0.036725,0.030016,0.025118,0.021803,0.019286,0.017161,0.014937,0.012634,0.010533,0.0089396,0.00767,0.0071941,0.0070242,0.0071249,0.0075197,0.0081039,0.0088459,0.0098103,0.0112,0.013242,0.016395
0.16389,0.1854,0.20096,0.21117,0.21803,0.22363,0.22798,0.2304,0.23028,0.22723,0.22029,0.20928,0.19423,0.17643,0.15718,0.13954,0.12179,0.1032,0.084359,0.067791,0.053893,0.043202,0.036033,0.032617,0.031209,0.031994,0.034903,0.040673,0.049123,0.06066,0.075287,0.092013,0.11055,0.12971,0.14711,0.16185,0.17376,0.1817,0.18436,0.18115,0.17234,0.15948,0.14423,0.12762,0.11028,0.093376,0.077997,0.064616,0.053814,0.046309,0.041639,0.038228,0.035952,0.034778,0.034958,0.036549,0.039994,0.046652,0.05698,0.069507,0.08473,0.10315,0.12065,0.13606,0.14874,0.15778,0.16362,0.16486,0.16199,0.15529,0.14604,0.13409,0.12062,0.10527,0.088834,0.072173,0.056516,0.043212,0.034559,0.029785,0.026636,0.02468,0.023363,0.022098,0.020654,0.01885,0.016644,0.014184,0.011974,0.0096265,0.0079993,0.0069871,0.0064535,0.0063312,0.0064817,0.0068499,0.0073934,0.0082168,0.0097083,0.012592
0.1907,0.21864,0.23945,0.25434,0.26609,0.27711,0.28725,0.29537,0.30031,0.30099,0.29574,0.28381,0.26534,0.2432,0.21961,0.19814,0.17684,0.15446,0.13133,0.11027,0.091048,0.073837,0.060061,0.051219,0.044632,0.039963,0.037092,0.036324,0.037556,0.040825,0.046564,0.054596,0.065174,0.077928,0.090857,0.1028,0.11318,0.1204,0.12321,0.12109,0.11433,0.10436,0.092379,0.079593,0.06672,0.054888,0.04468,0.036582,0.030428,0.026435,0.024607,0.023805,0.02384,0.024636,0.026435,0.029788,0.034883,0.04287,0.054788,0.068488,0.084002,0.10151,0.11748,0.13076,0.14084,0.14683,0.14915,0.14662,0.13959,0.12897,0.11677,0.10265,0.087952,0.072689,0.058146,0.045025,0.034313,0.026875,0.023558,0.023114,0.023888,0.025046,0.02604,0.026802,0.027284,0.027401,0.026911,0.025851,0.024412,0.02202,0.019665,0.017661,0.016131,0.014987,0.014243,0.013795,0.013552,0.013534,0.014013,0.015608
0.19246,0.22188,0.24411,0.26033,0.27361,0.28658,0.29988,0.31305,0.32544,0.33541,0.34067,0.33931,0.32988,0.31338,0.29108,0.26635,0.24097,0.21519,0.18897,0.16517,0.14272,0.12116,0.102,0.086983,0.073215,0.061076,0.050671,0.042229,0.036239,0.032569,0.031426,0.032166,0.034843,0.039182,0.044602,0.050601,0.056659,0.061662,0.064299,0.064042,0.060844,0.055367,0.04858,0.041408,0.034546,0.028593,0.023901,0.020436,0.018099,0.016972,0.017184,0.017951,0.019333,0.021185,0.023853,0.027607,0.032937,0.04114,0.05312,0.066064,0.079635,0.09352,0.10562,0.11496,0.12096,0.1229,0.1211,0.11503,0.10539,0.09338,0.081094,0.068175,0.055452,0.043451,0.033082,0.025037,0.019454,0.016336,0.015828,0.017494,0.020309,0.023411,0.026555,0.029785,0.032978,0.036333,0.039314,0.041489,0.042893,0.042448,0.040854,0.038655,0.036372,0.034249,0.032468,0.03118,0.030208,0.029375,0.028725,0.028813
0.17071,0.19781,0.21806,0.23246,0.24376,0.25422,0.26519,0.27716,0.29005,0.30368,0.31592,0.32465,0.32733,0.32336,0.31179,0.2944,0.27286,0.24951,0.22724,0.20795,0.18994,0.17176,0.15444,0.13909,0.12307,0.10689,0.090217,0.073469,0.058446,0.046448,0.038651,0.034,0.031825,0.030803,0.030672,0.031026,0.031585,0.031821,0.03139,0.029951,0.027538,0.024399,0.020955,0.017859,0.015182,0.013126,0.011828,0.011231,0.011189,0.011514,0.012255,0.013387,0.015019,0.017165,0.020161,0.024245,0.029399,0.036245,0.044972,0.053859,0.062563,0.070613,0.077418,0.08218,0.084353,0.083382,0.079543,0.07293,0.064241,0.054555,0.045613,0.03711,0.029527,0.023156,0.018419,0.015279,0.013908,0.014505,0.016824,0.021045,0.026802,0.033097,0.039622,0.046166,0.052796,0.060395,0.068049,0.074847,0.080141,0.08255,0.082578,0.080777,0.077896,0.074602,0.071451,0.06883,0.066576,0.064219,0.06125,0.057835
0.12925,0.1489,0.16369,0.17416,0.18247,0.1903,0.19883,0.20823,0.21897,0.23144,0.24498,0.25887,0.27108,0.27974,0.28304,0.28151,0.27542,0.26502,0.25237,0.24116,0.23115,0.22051,0.2093,0.19754,0.18358,0.16805,0.1505,0.13113,0.11098,0.09174,0.075605,0.061714,0.050865,0.042095,0.035091,0.029784,0.025419,0.021703,0.018925,0.016395,0.014254,0.012306,0.010489,0.0088854,0.0075282,0.0067567,0.0064392,0.0065413,0.0071816,0.0082031,0.0096091,0.011485,0.013973,0.017115,0.021105,0.025938,0.031333,0.037248,0.043729,0.049468,0.054054,0.057272,0.059364,0.059967,0.058934,0.055966,0.051145,0.044953,0.038118,0.031426,0.025889,0.021109,0.017233,0.014141,0.011943,0.01085,0.011166,0.013129,0.016818,0.022069,0.028407,0.035404,0.043022,0.051483,0.061125,0.072995,0.08634,0.099361,0.1107,0.11872,0.12345,0.1254,0.1251,0.12353,0.12131,0.1189,0.11606,0.11187,0.10502,0.095175
0.092964,0.10604,0.1161,0.12366,0.1302,0.13677,0.14418,0.1526,0.1621,0.17281,0.18386,0.19476,0.20493,0.21407,0.22167,0.2293,0.23636,0.24106,0.24285,0.24334,0.24315,0.24106,0.23692,0.23099,0.22235,0.21175,0.19841,0.18227,0.16379,0.14417,0.12528,0.10633,0.088305,0.071473,0.056954,0.045407,0.035765,0.028125,0.022884,0.01874,0.015546,0.013121,0.011131,0.0097817,0.008888,0.0085245,0.0086384,0.009246,0.010222,0.011391,0.01276,0.014589,0.0169,0.019784,0.023233,0.027166,0.031388,0.035468,0.039142,0.041655,0.042598,0.042052,0.040843,0.039078,0.037012,0.034327,0.030931,0.027169,0.023295,0.019643,0.016693,0.01425,0.012418,0.011246,0.010883,0.011715,0.014088,0.018087,0.022956,0.028678,0.035232,0.042798,0.051377,0.061114,0.072337,0.086219,0.10314,0.1204,0.13567,0.14757,0.15588,0.16082,0.16312,0.1635,0.16266,0.16109,0.15829,0.15281,0.14283,0.12823
0.062907,0.069872,0.075447,0.079883,0.084071,0.088782,0.094684,0.10196,0.11076,0.12104,0.13219,0.14372,0.15485,0.16531,0.17464,0.18419,0.19414,0.20473,0.21582,0.22677,0.23725,0.24575,0.2516,0.25418,0.25322,0.24939,0.24205,0.23102,0.21631,0.1991,0.18065,0.16049,0.13966,0.11878,0.098625,0.081034,0.06563,0.0528,0.043599,0.036176,0.030511,0.026602,0.023464,0.021011,0.019011,0.017627,0.016788,0.016333,0.016076,0.015783,0.015797,0.016402,0.017437,0.018882,0.020691,0.022765,0.024723,0.026325,0.027548,0.028024,0.02725,0.025773,0.024477,0.02325,0.022128,0.020888,0.019459,0.017934,0.016388,0.014824,0.013509,0.012556,0.01229,0.01304,0.01453,0.017046,0.020468,0.02446,0.028578,0.033189,0.0385,0.044649,0.051847,0.060498,0.071414,0.08535,0.10355,0.12313,0.14137,0.15673,0.16865,0.17736,0.18359,0.18766,0.18998,0.19083,0.18952,0.18431,0.173,0.15592
0.038201,0.039228,0.040765,0.042293,0.044112,0.046716,0.050555,0.055689,0.062258,0.070303,0.079429,0.089395,0.099985,0.11068,0.12117,0.13318,0.14597,0.15883,0.17199,0.18564,0.19995,0.21407,0.22743,0.23922,0.24877,0.25626,0.26098,0.26254,0.25857,0.24913,0.23551,0.21831,0.19917,0.17879,0.15803,0.13859,0.11997,0.10289,0.089458,0.077499,0.067446,0.060029,0.053483,0.047578,0.041931,0.036863,0.032382,0.028492,0.025063,0.022077,0.019934,0.018813,0.018087,0.017624,0.017292,0.017053,0.016922,0.016605,0.016118,0.015458,0.014697,0.014296,0.014441,0.014822,0.015476,0.016291,0.017168,0.018087,0.019169,0.020381,0.021673,0.02297,0.024268,0.025543,0.026497,0.027118,0.027557,0.027837,0.027964,0.028773,0.030381,0.033358,0.037693,0.044325,0.054083,0.067376,0.0868,0.10928,0.13137,0.1513,0.16838,0.18236,0.19385,0.20224,0.20792,0.21108,0.21116,0.20642,0.19447,0.1753
0.02276,0.020413,0.019562,0.019509,0.020112,0.021447,0.023621,0.026789,0.031023,0.036491,0.043253,0.051289,0.06062,0.071028,0.082579,0.096538,0.11164,0.12688,0.14217,0.1571,0.17217,0.1867,0.20082,0.21502,0.22847,0.24137,0.25382,0.26575,0.27291,0.27393,0.26821,0.25532,0.23837,0.2206,0.20261,0.18536,0.16771,0.15035,0.13525,0.12097,0.10847,0.099583,0.091785,0.084613,0.077368,0.070042,0.062718,0.055455,0.048181,0.041443,0.036056,0.03214,0.028675,0.025471,0.022179,0.018921,0.015864,0.013144,0.011288,0.01055,0.010874,0.012149,0.014015,0.016345,0.019228,0.022825,0.027251,0.031961,0.036862,0.04146,0.045272,0.047977,0.049374,0.049403,0.047705,0.044613,0.040508,0.036146,0.03196,0.029385,0.028503,0.029387,0.03181,0.035998,0.042734,0.051986,0.066981,0.086404,0.10693,0.12665,0.14471,0.16071,0.17551,0.18732,0.19622,0.20205,0.20433,0.2012,0.19034,0.17174
0.014328,0.010219,0.0085368,0.0079645,0.0080199,0.0085282,0.0095194,0.011035,0.013002,0.015584,0.018814,0.022715,0.027824,0.034167,0.041867,0.051758,0.062986,0.074985,0.08741,0.10009,0.11324,0.12664,0.14067,0.156,0.17181,0.1881,0.20548,0.2257,0.24548,0.26316,0.27755,0.28509,0.28397,0.27606,0.26393,0.25051,0.23587,0.21992,0.20422,0.18811,0.17272,0.16133,0.15081,0.14042,0.12961,0.11807,0.10598,0.093336,0.080497,0.068565,0.058565,0.050862,0.044026,0.037813,0.031706,0.025951,0.020914,0.016961,0.014762,0.014383,0.016243,0.019706,0.024308,0.029839,0.036075,0.04319,0.051492,0.059812,0.067561,0.073982,0.07849,0.081078,0.081384,0.07924,0.07427,0.066823,0.057752,0.048309,0.039085,0.032211,0.027702,0.025194,0.024311,0.025525,0.02928,0.035301,0.045639,0.059633,0.075363,0.091472,0.10749,0.12297,0.13934,0.1537,0.16545,0.17417,0.17917,0.17861,0.17021,0.15371
0.01376,0.009454,0.0079041,0.007363,0.0072488,0.0074017,0.0077655,0.0083664,0.0091832,0.010195,0.011406,0.012828,0.014825,0.017449,0.021041,0.026159,0.032534,0.039724,0.047499,0.055704,0.064754,0.074726,0.08653,0.10111,0.11761,0.13609,0.15734,0.18288,0.20906,0.23527,0.26273,0.28862,0.30715,0.31707,0.31815,0.31244,0.30119,0.28614,0.26943,0.25108,0.2323,0.21763,0.20366,0.18961,0.17543,0.1605,0.14477,0.12848,0.11175,0.095791,0.082315,0.071606,0.06204,0.053339,0.044683,0.03655,0.029423,0.024053,0.021337,0.021367,0.025631,0.032705,0.041323,0.05052,0.059668,0.068828,0.078163,0.086569,0.093486,0.098273,0.10092,0.10121,0.099046,0.093897,0.08563,0.074661,0.062426,0.05054,0.039325,0.030768,0.024642,0.020811,0.018712,0.018121,0.019187,0.021727,0.026509,0.033702,0.042774,0.052983,0.064261,0.076454,0.091085,0.10486,0.11702,0.12686,0.13366,0.1358,0.13135,0.1199
0.019975,0.01644,0.014768,0.013849,0.013335,0.013215,0.013232,0.013295,0.013315,0.013327,0.013456,0.013478,0.013694,0.014313,0.015407,0.017125,0.019641,0.022711,0.026253,0.03025,0.035023,0.04068,0.048178,0.058723,0.072073,0.088462,0.10853,0.13343,0.1601,0.18826,0.22027,0.25573,0.29101,0.32051,0.34117,0.35256,0.35472,0.34837,0.3345,0.31423,0.29005,0.2682,0.24665,0.22641,0.20738,0.18809,0.16836,0.14821,0.1281,0.1091,0.092567,0.079042,0.067646,0.057963,0.048768,0.040553,0.03365,0.028841,0.027151,0.028981,0.036965,0.048345,0.060958,0.073542,0.085398,0.096441,0.1068,0.11532,0.12158,0.12524,0.12631,0.12464,0.12002,0.11226,0.10122,0.08757,0.073139,0.059884,0.047257,0.037085,0.028973,0.022507,0.017597,0.014061,0.012029,0.011057,0.011668,0.013993,0.017569,0.02233,0.028364,0.035646,0.045227,0.054931,0.063983,0.071754,0.077954,0.081699,0.081835,0.077902
0.027111,0.024963,0.024354,0.024108,0.023958,0.024044,0.024098,0.024085,0.023897,0.02343,0.022793,0.021873,0.020972,0.020268,0.019944,0.019994,0.020326,0.020873,0.021876,0.02344,0.025747,0.028848,0.033234,0.03972,0.048337,0.059606,0.07437,0.093771,0.1165,0.14279,0.17616,0.21464,0.25562,0.29624,0.33162,0.35909,0.37705,0.38446,0.38055,0.36566,0.34153,0.31339,0.28319,0.25408,0.22786,0.20227,0.17747,0.15358,0.13131,0.11134,0.094379,0.080574,0.069535,0.060752,0.05272,0.046155,0.041551,0.039524,0.04104,0.04669,0.059641,0.075438,0.091538,0.10662,0.11985,0.13083,0.13937,0.1446,0.14642,0.14475,0.14003,0.13253,0.1227,0.11045,0.095852,0.079719,0.064497,0.051921,0.0407,0.03177,0.024661,0.018842,0.01434,0.010964,0.0086667,0.0069891,0.0060881,0.0062321,0.0072261,0.0089751,0.011672,0.015151,0.019996,0.025082,0.030222,0.035077,0.039564,0.043353,0.046128,0.047861
0.043613,0.046118,0.048928,0.051043,0.052533,0.053617,0.054105,0.053893,0.052855,0.050921,0.048384,0.045217,0.04189,0.03872,0.0359,0.033344,0.031265,0.029583,0.028636,0.028386,0.028632,0.029437,0.031123,0.034187,0.038502,0.044611,0.053295,0.065572,0.081338,0.10156,0.12973,0.16392,0.20126,0.23932,0.27733,0.31189,0.33956,0.35767,0.3639,0.3576,0.33947,0.31325,0.28317,0.25296,0.22451,0.19648,0.16968,0.14481,0.12318,0.10493,0.089581,0.077064,0.067521,0.06039,0.054259,0.049682,0.047099,0.047132,0.051943,0.061446,0.077723,0.09587,0.11311,0.12794,0.13949,0.14712,0.15089,0.15083,0.14737,0.14077,0.13175,0.121,0.10959,0.097002,0.083346,0.069613,0.057718,0.048826,0.041223,0.035067,0.029916,0.02551,0.021725,0.018658,0.016482,0.01484,0.013968,0.014095,0.014884,0.016349,0.018316,0.02069,0.02348,0.026162,0.028473,0.030322,0.031922,0.033151,0.034288,0.03581
0.064914,0.073281,0.080453,0.085658,0.089211,0.091557,0.092645,0.092554,0.091159,0.088581,0.085025,0.080629,0.076032,0.071534,0.067127,0.06273,0.058671,0.054915,0.051887,0.049841,0.048329,0.047314,0.046705,0.047131,0.048281,0.050557,0.054597,0.060869,0.06973,0.082513,0.10239,0.12859,0.15901,0.18947,0.21886,0.24593,0.26944,0.28712,0.29641,0.29631,0.28645,0.26798,0.24438,0.2188,0.19319,0.16761,0.14306,0.12099,0.10273,0.088173,0.076318,0.066891,0.06017,0.055607,0.052302,0.050663,0.051063,0.054236,0.062855,0.076063,0.094097,0.11236,0.12848,0.14112,0.14968,0.15355,0.15311,0.14887,0.14156,0.13194,0.12081,0.10881,0.097286,0.085696,0.074025,0.062957,0.053876,0.047494,0.042273,0.038174,0.034853,0.031875,0.029558,0.027731,0.026444,0.025403,0.024739,0.024668,0.025114,0.026123,0.027413,0.0287,0.029951,0.03093,0.031661,0.032086,0.032134,0.031859,0.031526,0.03216
0.081701,0.094111,0.10424,0.11155,0.11658,0.11987,0.12161,0.12196,0.12096,0.11875,0.11566,0.1118,0.10758,0.10327,0.098734,0.09404,0.089199,0.084309,0.08036,0.077494,0.075157,0.073205,0.071459,0.070386,0.070013,0.070444,0.071804,0.073875,0.077277,0.083412,0.094532,0.1104,0.13079,0.15147,0.17135,0.18953,0.2045,0.21521,0.22085,0.22118,0.21558,0.20377,0.18799,0.1702,0.15142,0.13234,0.11407,0.097771,0.084993,0.075134,0.067144,0.06081,0.056178,0.052733,0.049955,0.048327,0.04886,0.052795,0.063018,0.076806,0.093201,0.10884,0.12221,0.13225,0.13877,0.14107,0.13915,0.13378,0.12591,0.11635,0.10612,0.095908,0.087214,0.079263,0.071695,0.064971,0.059848,0.056683,0.054529,0.053124,0.052383,0.051842,0.051469,0.051027,0.05053,0.04994,0.049285,0.048698,0.048475,0.048769,0.049377,0.050269,0.05074,0.050859,0.05061,0.049921,0.048586,0.046539,0.043953,0.041657
0.099748,0.11509,0.12765,0.13657,0.14279,0.14722,0.15027,0.15219,0.15303,0.1529,0.15211,0.15085,0.14953,0.14834,0.14683,0.14485,0.14238,0.13922,0.13587,0.13253,0.12865,0.12423,0.11899,0.1133,0.10715,0.10078,0.094149,0.087584,0.082317,0.079439,0.079638,0.083595,0.091646,0.10158,0.11258,0.12343,0.13322,0.14084,0.14555,0.14715,0.14519,0.13956,0.13136,0.12169,0.11088,0.09997,0.089695,0.081133,0.075304,0.071064,0.067427,0.063834,0.060247,0.05647,0.052619,0.049404,0.04778,0.049925,0.057239,0.066849,0.076642,0.085594,0.092665,0.097388,0.099912,0.10001,0.097851,0.094123,0.089559,0.084511,0.079712,0.075604,0.073118,0.071665,0.071028,0.07135,0.072625,0.074856,0.077547,0.080334,0.083002,0.085018,0.086493,0.087485,0.087852,0.087381,0.086634,0.085752,0.084904,0.084444,0.0842,0.083914,0.08305,0.081796,0.080236,0.078228,0.075525,0.071716,0.066775,0.061443
0.07225,0.081084,0.088708,0.094448,0.098887,0.10264,0.10605,0.10899,0.11148,0.11405,0.11747,0.1208,0.12459,0.12928,0.13364,0.13662,0.13842,0.13867,0.13745,0.13551,0.13349,0.13232,0.13249,0.13356,0.13527,0.13662,0.13708,0.13656,0.13561,0.13484,0.13464,0.13375,0.13181,0.12838,0.12379,0.11845,0.1126,0.10828,0.1038,0.099541,0.095453,0.090393,0.084905,0.079762,0.07612,0.073717,0.072617,0.073032,0.074827,0.07763,0.081012,0.085112,0.09004,0.096107,0.10294,0.10855,0.11241,0.11457,0.11375,0.11088,0.10649,0.1008,0.094575,0.087728,0.08102,0.075076,0.070037,0.065911,0.062743,0.060401,0.058887,0.057986,0.057505,0.057352,0.057222,0.057014,0.057519,0.058331,0.059181,0.0605,0.062542,0.064615,0.0661,0.067005,0.067275,0.067257,0.067853,0.069773,0.073797,0.080835,0.090878,0.10362,0.11638,0.12755,0.13576,0.14043,0.14127,0.13719,0.12693,0.11143
0.050804,0.056351,0.062105,0.066748,0.070343,0.073145,0.075136,0.076063,0.075864,0.075119,0.074678,0.074542,0.075723,0.079146,0.084724,0.091374,0.099696,0.10898,0.11892,0.12961,0.14184,0.15621,0.17157,0.18731,0.20252,0.21494,0.22329,0.22761,0.23004,0.23031,0.22882,0.22453,0.21753,0.20791,0.19603,0.18256,0.16842,0.15656,0.14489,0.13411,0.12407,0.11444,0.10526,0.096299,0.088257,0.080669,0.073741,0.068089,0.064138,0.061756,0.060889,0.061692,0.063658,0.066194,0.068948,0.070242,0.070057,0.068583,0.065292,0.061026,0.05608,0.050947,0.046453,0.04219,0.038608,0.035755,0.033783,0.032598,0.03228,0.032865,0.034123,0.036047,0.038355,0.040948,0.043924,0.047381,0.052068,0.056349,0.059801,0.062406,0.06442,0.065601,0.066112,0.065911,0.065145,0.064058,0.063446,0.063708,0.065242,0.068964,0.075393,0.085244,0.09607,0.10664,0.11485,0.12004,0.12192,0.11942,0.11148,0.098691
0.040979,0.045354,0.049998,0.053721,0.05635,0.057899,0.058331,0.057448,0.055387,0.052578,0.049693,0.047337,0.045971,0.04647,0.049466,0.054946,0.063539,0.075311,0.090045,0.10717,0.12766,0.15172,0.17773,0.20495,0.23197,0.25625,0.27611,0.29154,0.30561,0.31534,0.31986,0.31718,0.30672,0.28932,0.26732,0.24314,0.21947,0.19898,0.1788,0.16128,0.14584,0.13281,0.12134,0.1101,0.099378,0.088597,0.077805,0.067914,0.059564,0.052737,0.047665,0.045242,0.043793,0.042793,0.041791,0.039596,0.036638,0.033285,0.029571,0.02609,0.02302,0.020441,0.018833,0.017585,0.017093,0.017335,0.018365,0.020086,0.022469,0.025333,0.028723,0.032678,0.036893,0.041282,0.04586,0.050862,0.057431,0.062777,0.066347,0.067968,0.067883,0.066272,0.065043,0.063557,0.061885,0.059931,0.058281,0.057102,0.056624,0.05796,0.061189,0.066992,0.073982,0.081221,0.086973,0.090741,0.092154,0.090528,0.08519,0.076935
0.037954,0.040463,0.043242,0.045347,0.046699,0.047328,0.047214,0.046231,0.044375,0.041864,0.039042,0.036531,0.034584,0.03368,0.03476,0.037167,0.041775,0.049474,0.060962,0.076578,0.097131,0.12242,0.15042,0.18101,0.21249,0.24301,0.27051,0.29535,0.32113,0.34383,0.36185,0.37199,0.37245,0.36242,0.34281,0.31579,0.28573,0.25702,0.22947,0.2051,0.18328,0.16638,0.15221,0.13828,0.12434,0.10989,0.095139,0.081359,0.069158,0.058608,0.05026,0.045294,0.041295,0.037436,0.03342,0.028551,0.023693,0.01905,0.015397,0.01315,0.011753,0.01104,0.011201,0.01186,0.013146,0.01504,0.017661,0.02107,0.025116,0.029653,0.034729,0.040222,0.045678,0.050931,0.055832,0.060813,0.067151,0.071646,0.073425,0.072556,0.069239,0.06413,0.060271,0.056613,0.053279,0.049928,0.04689,0.044288,0.042179,0.041201,0.041665,0.044258,0.04818,0.052768,0.056546,0.059094,0.060365,0.059985,0.057848,0.054463
0.045343,0.048323,0.050944,0.052775,0.053856,0.054322,0.054264,0.053542,0.052231,0.050046,0.046712,0.042975,0.039376,0.035999,0.034161,0.032947,0.032864,0.034971,0.039915,0.048713,0.063588,0.084254,0.10887,0.13701,0.16675,0.19711,0.22576,0.25271,0.28202,0.31039,0.33762,0.36025,0.37438,0.37691,0.36752,0.34761,0.31988,0.28881,0.25754,0.2307,0.20634,0.18779,0.17197,0.15612,0.13977,0.12266,0.10516,0.088666,0.073649,0.06033,0.049527,0.042639,0.036949,0.031481,0.026234,0.020867,0.016177,0.012537,0.010345,0.00941,0.0096223,0.010614,0.012511,0.014843,0.018086,0.022207,0.027681,0.034513,0.042123,0.050294,0.058746,0.067242,0.075047,0.081797,0.087215,0.091712,0.09665,0.098736,0.097071,0.091136,0.081755,0.070598,0.062127,0.054462,0.048124,0.042531,0.037718,0.033768,0.030541,0.028286,0.027348,0.028021,0.029664,0.032076,0.034343,0.036098,0.037332,0.037798,0.037585,0.037294
0.064612,0.07212,0.077523,0.0812,0.083794,0.085824,0.087464,0.088532,0.088951,0.087704,0.083962,0.078362,0.071179,0.062836,0.055808,0.049001,0.042845,0.038478,0.036381,0.037428,0.043738,0.055143,0.071089,0.091666,0.11503,0.14085,0.166,0.1899,0.21438,0.23855,0.26344,0.28751,0.3078,0.32051,0.32274,0.31476,0.29769,0.27382,0.24639,0.22043,0.1969,0.18013,0.16559,0.15066,0.1349,0.11827,0.10103,0.08449,0.06913,0.055376,0.044026,0.036271,0.030223,0.024841,0.020177,0.01625,0.013667,0.012534,0.012954,0.014544,0.017347,0.021275,0.026198,0.031722,0.038314,0.04601,0.055701,0.067377,0.079873,0.092562,0.10494,0.11648,0.12615,0.13317,0.13717,0.1383,0.13782,0.13347,0.12443,0.11067,0.093716,0.076059,0.063063,0.052076,0.043269,0.035793,0.029409,0.024193,0.020172,0.017292,0.016011,0.015885,0.016466,0.017625,0.018822,0.019896,0.02084,0.021512,0.022037,0.023014
0.086335,0.099163,0.10802,0.11392,0.11814,0.12162,0.12468,0.12724,0.12954,0.12999,0.12713,0.12117,0.11222,0.10051,0.088835,0.076096,0.062869,0.050991,0.041451,0.0354,0.034273,0.036774,0.042762,0.052825,0.066512,0.08434,0.10345,0.1229,0.1432,0.16391,0.18579,0.20755,0.22699,0.24117,0.24881,0.24977,0.24382,0.23156,0.21472,0.19753,0.1798,0.16624,0.15337,0.13982,0.12513,0.10938,0.093095,0.077583,0.06333,0.050677,0.040534,0.033631,0.028484,0.024096,0.020604,0.018549,0.018393,0.020998,0.026477,0.034099,0.04302,0.052527,0.062352,0.071963,0.081957,0.092427,0.10458,0.11809,0.1315,0.14414,0.15543,0.16465,0.17055,0.17248,0.17036,0.16447,0.15586,0.14448,0.12937,0.11089,0.090332,0.070282,0.055989,0.044431,0.035788,0.028946,0.023426,0.018998,0.015333,0.01248,0.010795,0.010041,0.0099707,0.010523,0.011256,0.012028,0.012806,0.013638,0.014773,0.017004
0.099757,0.11493,0.12555,0.13271,0.138,0.14266,0.14712,0.1516,0.15659,0.15995,0.16007,0.15683,0.14993,0.13922,0.12692,0.11242,0.09624,0.079546,0.063476,0.050415,0.042848,0.038524,0.03699,0.03844,0.04257,0.050487,0.060941,0.073397,0.087943,0.10444,0.12299,0.14189,0.15879,0.17138,0.17831,0.18012,0.17726,0.16995,0.15994,0.14885,0.1367,0.12724,0.11809,0.10836,0.097702,0.086176,0.074176,0.063028,0.05289,0.043957,0.036776,0.032038,0.028673,0.026285,0.025294,0.026703,0.030983,0.040224,0.053834,0.068759,0.083649,0.097777,0.11073,0.12207,0.13244,0.14206,0.15209,0.1624,0.17183,0.17971,0.18563,0.18886,0.18843,0.18398,0.1755,0.16312,0.14843,0.13319,0.11582,0.096691,0.07673,0.05844,0.046103,0.03664,0.029855,0.024761,0.020681,0.017289,0.014314,0.011742,0.010056,0.0089304,0.0082075,0.0079061,0.0078612,0.0080374,0.0084133,0.0090263,0.010313,0.013265
0.11444,0.13109,0.14292,0.151,0.15716,0.16278,0.16843,0.17462,0.18256,0.18959,0.19431,0.19677,0.19525,0.18912,0.17933,0.16578,0.1487,0.12938,0.10876,0.088874,0.072373,0.058001,0.047482,0.040954,0.037464,0.036992,0.038685,0.04254,0.048443,0.056869,0.067966,0.081074,0.094545,0.10595,0.11339,0.11717,0.11714,0.11333,0.10673,0.098335,0.089126,0.082263,0.075956,0.069522,0.062893,0.056055,0.049371,0.043481,0.03841,0.034377,0.031927,0.031017,0.031343,0.03285,0.035904,0.042408,0.053281,0.070691,0.091296,0.11172,0.13056,0.14666,0.15979,0.17009,0.1784,0.18509,0.19139,0.19712,0.20156,0.20412,0.20425,0.2014,0.1945,0.18364,0.16893,0.15065,0.13051,0.11202,0.093106,0.074571,0.05704,0.042392,0.03269,0.025538,0.020667,0.017316,0.014783,0.01285,0.011191,0.0096687,0.0088145,0.0081557,0.007652,0.0073457,0.0072531,0.0073439,0.007711,0.0084061,0.0098236,0.013143
0.11103,0.12593,0.13641,0.14337,0.14867,0.15374,0.15921,0.16544,0.17384,0.1819,0.18835,0.19466,0.19774,0.19709,0.19263,0.18498,0.17462,0.16102,0.14452,0.12705,0.1105,0.093241,0.076923,0.063173,0.052657,0.045056,0.040397,0.038378,0.038295,0.040452,0.044352,0.049948,0.05678,0.063115,0.067667,0.0704,0.070662,0.068547,0.064651,0.059763,0.054873,0.051392,0.048401,0.045329,0.042156,0.038823,0.035659,0.033118,0.031384,0.030531,0.030887,0.032525,0.035766,0.041468,0.049995,0.063558,0.081647,0.10453,0.12918,0.15275,0.17398,0.19175,0.20565,0.21553,0.22197,0.22538,0.22691,0.22645,0.22385,0.21901,0.21134,0.2007,0.18649,0.16893,0.14823,0.12516,0.10186,0.082283,0.064245,0.04869,0.035763,0.026264,0.020653,0.01699,0.014916,0.013783,0.012967,0.012543,0.012422,0.012498,0.012883,0.013174,0.013393,0.013592,0.013809,0.014067,0.014359,0.014759,0.015609,0.017776
0.11002,0.12427,0.13449,0.14156,0.1473,0.15309,0.15954,0.16706,0.1768,0.1868,0.1964,0.20945,0.22157,0.23074,0.2352,0.2333,0.22667,0.21665,0.20309,0.18703,0.16944,0.14921,0.12776,0.1062,0.085457,0.067217,0.053657,0.044515,0.038231,0.034534,0.032115,0.03108,0.030944,0.031297,0.031971,0.032477,0.0321,0.03103,0.029705,0.028411,0.027448,0.027061,0.026953,0.026862,0.026858,0.026897,0.027581,0.028954,0.031141,0.034073,0.038031,0.043275,0.050829,0.06322,0.079815,0.099912,0.12105,0.14434,0.16718,0.1868,0.20241,0.21308,0.21885,0.22041,0.21853,0.21361,0.20672,0.19807,0.18774,0.1761,0.16276,0.14851,0.13279,0.11567,0.09719,0.07779,0.059311,0.045084,0.033507,0.024839,0.018588,0.014706,0.012729,0.011797,0.011586,0.011858,0.01227,0.013254,0.014998,0.016766,0.018466,0.019629,0.020328,0.020757,0.020989,0.021072,0.021117,0.021148,0.021348,0.022247
0.091694,0.10206,0.10969,0.11514,0.11985,0.12495,0.13097,0.13824,0.14746,0.15741,0.16773,0.18353,0.20123,0.22089,0.24085,0.25414,0.26008,0.25981,0.2548,0.24631,0.23396,0.21644,0.19521,0.17147,0.14642,0.12105,0.098265,0.079514,0.064339,0.052657,0.042518,0.034418,0.028105,0.023376,0.020741,0.018735,0.016781,0.015029,0.013722,0.01273,0.012227,0.012234,0.012753,0.013605,0.015002,0.016937,0.019891,0.023888,0.028954,0.035084,0.042729,0.052278,0.06457,0.082647,0.10464,0.12812,0.15075,0.17224,0.19055,0.20427,0.21281,0.21641,0.21524,0.20983,0.20131,0.19006,0.17695,0.16246,0.14714,0.13172,0.116,0.10096,0.08623,0.071758,0.057317,0.043668,0.031979,0.024025,0.018418,0.014495,0.012061,0.011184,0.011401,0.01214,0.013238,0.014693,0.01643,0.018868,0.022808,0.026761,0.030389,0.033078,0.034875,0.036045,0.036689,0.036958,0.036882,0.036358,0.035361,0.034252
0.080276,0.089063,0.095913,0.1011,0.10574,0.11087,0.117,0.12435,0.13327,0.14316,0.15395,0.17041,0.18944,0.21241,0.23925,0.26203,0.27831,0.28702,0.28838,0.28359,0.27373,0.25891,0.23991,0.2176,0.1929,0.16672,0.14189,0.11933,0.098278,0.079731,0.062413,0.047412,0.035279,0.025876,0.019953,0.015621,0.012294,0.009763,0.0080707,0.007004,0.0066484,0.0068529,0.0076371,0.0090477,0.011243,0.014303,0.019111,0.025453,0.032997,0.041521,0.051355,0.062658,0.075989,0.093875,0.11358,0.13272,0.14954,0.16339,0.17312,0.17814,0.17867,0.17582,0.16981,0.16103,0.15022,0.13754,0.1235,0.10871,0.093696,0.079266,0.06554,0.053709,0.043298,0.034404,0.02675,0.020473,0.01579,0.013233,0.011835,0.01153,0.012199,0.013628,0.015182,0.016978,0.018914,0.021205,0.023796,0.027042,0.032331,0.037637,0.042534,0.046234,0.048743,0.050399,0.051329,0.051709,0.051549,0.050643,0.048788,0.046203
0.055844,0.060964,0.065339,0.06889,0.072276,0.076239,0.081188,0.087417,0.095264,0.10471,0.11594,0.13269,0.15356,0.18052,0.21455,0.2478,0.27801,0.30246,0.3199,0.32953,0.33074,0.32368,0.30931,0.2887,0.26418,0.2374,0.21131,0.18634,0.16128,0.13704,0.11274,0.089429,0.067929,0.049527,0.037353,0.028117,0.02079,0.014796,0.01076,0.0084209,0.0073983,0.0071056,0.007385,0.0083956,0.010397,0.013737,0.019046,0.026108,0.034651,0.044228,0.05493,0.067181,0.080701,0.097753,0.1157,0.13211,0.14535,0.15421,0.15812,0.15734,0.15221,0.1446,0.13472,0.12269,0.10945,0.095161,0.080317,0.065751,0.052216,0.040532,0.030589,0.023125,0.017868,0.014237,0.011575,0.0096911,0.0086449,0.0087606,0.0096701,0.01123,0.013387,0.015781,0.017834,0.019658,0.021349,0.023276,0.025742,0.029164,0.035854,0.043717,0.051706,0.058188,0.0629,0.066249,0.068411,0.069592,0.069813,0.068692,0.06587,0.061299
0.03173,0.032286,0.033409,0.034657,0.0362,0.038425,0.041826,0.046796,0.053742,0.062989,0.074794,0.091824,0.11464,0.14489,0.18214,0.21875,0.25464,0.28955,0.32175,0.34774,0.3657,0.37474,0.37419,0.36406,0.3456,0.3202,0.29187,0.2629,0.23448,0.20754,0.17999,0.1521,0.12411,0.09772,0.077738,0.060683,0.045505,0.032053,0.022052,0.015653,0.011671,0.0094119,0.0085186,0.008812,0.010088,0.012966,0.017737,0.024193,0.031999,0.040597,0.050281,0.061413,0.073533,0.088474,0.10355,0.11651,0.12565,0.12976,0.12834,0.12231,0.11247,0.10146,0.08952,0.076992,0.064931,0.053709,0.043667,0.035138,0.028074,0.022394,0.017798,0.014534,0.012924,0.012428,0.012324,0.012464,0.012822,0.013539,0.014271,0.014709,0.015338,0.016511,0.017841,0.019092,0.020166,0.021381,0.023196,0.026503,0.033874,0.04371,0.05368,0.062163,0.068512,0.073269,0.076529,0.078624,0.079519,0.078766,0.075808,0.070513
0.018448,0.01662,0.01606,0.016059,0.016415,0.017206,0.018862,0.021753,0.026332,0.03335,0.043179,0.057397,0.077767,0.10529,0.13965,0.17378,0.20707,0.24002,0.27452,0.30819,0.33814,0.36235,0.37876,0.38631,0.38497,0.37488,0.35794,0.33517,0.30756,0.27839,0.24952,0.22137,0.19267,0.16398,0.13966,0.1165,0.0937,0.071251,0.052032,0.037642,0.027243,0.020622,0.016458,0.014253,0.013709,0.014771,0.017179,0.020875,0.025822,0.031566,0.037908,0.04527,0.052908,0.06209,0.07121,0.078589,0.082977,0.083326,0.079467,0.072305,0.062838,0.053326,0.044383,0.036235,0.029743,0.024919,0.021165,0.018431,0.016566,0.015451,0.015038,0.015463,0.017751,0.021634,0.026266,0.030911,0.034818,0.036702,0.036623,0.034891,0.032429,0.030509,0.029358,0.028291,0.027408,0.02713,0.027934,0.030745,0.038774,0.050614,0.062721,0.073036,0.080922,0.086816,0.090909,0.093558,0.094735,0.093939,0.090389,0.083646
0.012274,0.0099238,0.0088934,0.008386,0.0081926,0.0083129,0.0088217,0.0099482,0.012045,0.015671,0.021551,0.030903,0.045799,0.067413,0.095304,0.12329,0.15083,0.17911,0.20953,0.24016,0.27006,0.2979,0.3225,0.34217,0.35559,0.3617,0.36098,0.35359,0.33926,0.31914,0.29444,0.26781,0.24057,0.21423,0.19106,0.1681,0.14415,0.11935,0.096849,0.078018,0.061597,0.048815,0.039556,0.033113,0.029062,0.027243,0.027051,0.028237,0.030387,0.033425,0.036793,0.040766,0.044843,0.049554,0.053954,0.057077,0.057932,0.056029,0.051436,0.045009,0.037657,0.031143,0.0259,0.021784,0.019665,0.019169,0.0194,0.02048,0.022535,0.025575,0.029441,0.034306,0.042307,0.051999,0.061146,0.068424,0.07253,0.072596,0.069105,0.062584,0.054867,0.048371,0.043991,0.040274,0.037527,0.035644,0.035093,0.036324,0.041749,0.052069,0.063708,0.074337,0.083037,0.089851,0.094885,0.098283,0.099928,0.099185,0.095225,0.087695
0.011022,0.0083656,0.0072367,0.0066301,0.0062924,0.0061169,0.0061903,0.0065834,0.0073723,0.0090559,0.01188,0.016302,0.023816,0.035791,0.053592,0.073487,0.094662,0.11816,0.14507,0.17222,0.19875,0.22395,0.24707,0.26817,0.28747,0.3041,0.31796,0.32847,0.33379,0.33246,0.32412,0.30972,0.28931,0.26593,0.24331,0.21994,0.19478,0.16807,0.14338,0.12155,0.10095,0.082875,0.067732,0.055835,0.046735,0.040146,0.035308,0.032325,0.030825,0.0303,0.030041,0.030248,0.030708,0.031403,0.032174,0.032742,0.032474,0.03121,0.029032,0.026419,0.023905,0.022466,0.022167,0.023044,0.026081,0.030984,0.037055,0.044668,0.053261,0.062381,0.071839,0.08111,0.092344,0.1033,0.112,0.11715,0.11749,0.11257,0.10332,0.090785,0.076936,0.065321,0.057344,0.050495,0.045,0.041011,0.038296,0.037372,0.040392,0.04935,0.060398,0.071009,0.079869,0.086957,0.092261,0.095876,0.097599,0.096823,0.092735,0.084879
0.014759,0.012279,0.011273,0.010793,0.010496,0.010337,0.01037,0.010619,0.011079,0.011886,0.013098,0.014776,0.017838,0.022839,0.030548,0.040502,0.052963,0.069033,0.089626,0.11166,0.13394,0.1558,0.17647,0.1959,0.21429,0.23153,0.24855,0.26752,0.28715,0.30372,0.31409,0.31716,0.3115,0.29847,0.28028,0.25819,0.23308,0.20646,0.18168,0.15864,0.13559,0.11385,0.094429,0.077684,0.063814,0.053172,0.044978,0.038662,0.033965,0.030912,0.028204,0.025786,0.023567,0.021517,0.019749,0.018235,0.016998,0.016415,0.016833,0.018108,0.020232,0.024016,0.028966,0.035269,0.044733,0.057052,0.07099,0.08538,0.099687,0.11301,0.12477,0.13452,0.14395,0.15131,0.15507,0.15457,0.14907,0.13841,0.1239,0.10696,0.089128,0.07425,0.063706,0.054698,0.047352,0.041277,0.036728,0.034262,0.035176,0.041185,0.049663,0.05823,0.06557,0.071594,0.076255,0.079503,0.081151,0.080676,0.077403,0.07105
0.024224,0.022616,0.021803,0.021323,0.020989,0.020905,0.020954,0.020968,0.020875,0.020651,0.020235,0.019471,0.018923,0.01896,0.020622,0.023952,0.028701,0.035687,0.046192,0.059263,0.074448,0.091119,0.1084,0.12621,0.14511,0.16459,0.18514,0.20905,0.23521,0.26128,0.28547,0.30476,0.3165,0.31929,0.31295,0.2991,0.27917,0.25461,0.2295,0.20425,0.17747,0.15061,0.1257,0.10326,0.082907,0.065303,0.05095,0.03976,0.031553,0.026012,0.021606,0.017952,0.014932,0.012524,0.01084,0.0099726,0.00993,0.011449,0.014728,0.019663,0.026562,0.036247,0.047851,0.061398,0.07936,0.10019,0.12118,0.14102,0.15893,0.17388,0.18551,0.19343,0.19862,0.2002,0.19733,0.18902,0.17478,0.15525,0.13348,0.11103,0.08908,0.071412,0.059237,0.04903,0.040664,0.033623,0.027962,0.024335,0.022988,0.025721,0.030479,0.035707,0.040487,0.044813,0.048489,0.051417,0.053373,0.054066,0.053162,0.050468
0.042489,0.044038,0.045278,0.046238,0.047096,0.048324,0.049627,0.050589,0.050842,0.050073,0.047926,0.044035,0.038643,0.032525,0.027322,0.025234,0.025019,0.026237,0.029508,0.034592,0.041228,0.049626,0.059805,0.072311,0.087619,0.10501,0.12486,0.14888,0.17487,0.20048,0.22463,0.24652,0.26494,0.27821,0.2841,0.2827,0.27433,0.25908,0.2402,0.21794,0.19236,0.16548,0.13957,0.11577,0.093671,0.073564,0.056094,0.041641,0.030788,0.023556,0.018596,0.014953,0.012381,0.01064,0.0098932,0.01027,0.01209,0.01629,0.023293,0.032702,0.045659,0.063373,0.082931,0.10351,0.12714,0.15205,0.17538,0.19563,0.21219,0.22458,0.23233,0.23537,0.23448,0.22879,0.21778,0.20103,0.17934,0.15407,0.12884,0.1054,0.083439,0.066165,0.054372,0.044757,0.036712,0.029667,0.023412,0.018378,0.015036,0.01457,0.015674,0.017551,0.019639,0.021821,0.023891,0.025714,0.027174,0.028144,0.02872,0.029054
0.074049,0.081765,0.087554,0.091946,0.095734,0.099879,0.10385,0.1069,0.10835,0.10747,0.10363,0.096332,0.085697,0.072591,0.05895,0.048605,0.040699,0.034416,0.030082,0.027455,0.026329,0.026944,0.029514,0.034422,0.041913,0.052034,0.065604,0.084065,0.10527,0.1272,0.14878,0.16922,0.188,0.2043,0.21631,0.22405,0.2276,0.22554,0.21826,0.20496,0.18616,0.16438,0.14204,0.12008,0.098482,0.077985,0.059327,0.04346,0.031279,0.023456,0.018677,0.015652,0.014103,0.013754,0.014915,0.017871,0.023146,0.03189,0.044542,0.060235,0.080229,0.10561,0.13112,0.15582,0.18104,0.20484,0.22554,0.24134,0.25158,0.25604,0.2551,0.2487,0.23789,0.2226,0.2037,0.18142,0.15635,0.12975,0.10598,0.086115,0.068637,0.055414,0.046518,0.039412,0.033353,0.027724,0.022157,0.017105,0.012708,0.0099568,0.0086863,0.0084283,0.008578,0.0090462,0.009695,0.010453,0.011306,0.012337,0.013824,0.01618
0.10278,0.11802,0.12938,0.13751,0.14389,0.15008,0.15568,0.15996,0.1623,0.16188,0.15789,0.14984,0.13766,0.12218,0.10497,0.089768,0.07571,0.06197,0.04923,0.039515,0.033005,0.029332,0.028155,0.02979,0.033353,0.038598,0.045941,0.0568,0.07073,0.086532,0.10288,0.11916,0.13489,0.14927,0.16058,0.16892,0.17414,0.17499,0.1712,0.16226,0.14882,0.13296,0.11624,0.099474,0.0829,0.067443,0.053944,0.042799,0.034318,0.029097,0.026603,0.025596,0.025956,0.027675,0.031051,0.036261,0.044302,0.056809,0.073515,0.091911,0.11332,0.13917,0.16374,0.18597,0.20603,0.2224,0.23451,0.24124,0.24232,0.23842,0.23092,0.21987,0.20581,0.18848,0.16845,0.14581,0.12161,0.097169,0.077016,0.062215,0.050291,0.041762,0.036113,0.031631,0.027633,0.023592,0.019226,0.014924,0.010797,0.007559,0.0056898,0.0046682,0.0043427,0.0044314,0.0047737,0.0052848,0.0058938,0.0067843,0.0082979,0.011097
0.12608,0.1447,0.15887,0.16911,0.17702,0.18441,0.1909,0.19582,0.1987,0.19881,0.19564,0.18858,0.17755,0.16355,0.14772,0.13296,0.11804,0.10195,0.085042,0.069467,0.055828,0.044972,0.037958,0.034874,0.033571,0.033914,0.035847,0.040209,0.046894,0.055618,0.066597,0.07984,0.094722,0.10982,0.12308,0.13383,0.142,0.14602,0.14541,0.13963,0.12935,0.1164,0.10262,0.088488,0.074543,0.061862,0.051038,0.042181,0.03546,0.03145,0.029956,0.029819,0.031045,0.033617,0.037934,0.04443,0.053972,0.067552,0.084792,0.10297,0.12315,0.14645,0.1677,0.18643,0.20242,0.21454,0.22295,0.22619,0.22412,0.21737,0.20768,0.19437,0.17797,0.15835,0.13648,0.11274,0.088404,0.065623,0.048804,0.038422,0.03118,0.026528,0.023664,0.021687,0.019976,0.018029,0.015594,0.012877,0.01021,0.0077551,0.0060154,0.0049095,0.0043431,0.00412,0.0041781,0.004402,0.0047745,0.005466,0.0069132,0.010229
0.14559,0.16999,0.18868,0.20276,0.21449,0.22601,0.23747,0.24801,0.25725,0.26395,0.26613,0.26225,0.25151,0.23552,0.21629,0.19771,0.17905,0.15915,0.13836,0.11866,0.099753,0.081895,0.067296,0.057484,0.049471,0.043211,0.03879,0.036196,0.035661,0.037108,0.040685,0.045901,0.052998,0.061564,0.07022,0.077927,0.084294,0.087974,0.08818,0.08466,0.077837,0.069421,0.060875,0.052711,0.045138,0.038546,0.033228,0.02951,0.027328,0.026867,0.02805,0.030237,0.033456,0.037749,0.043427,0.050765,0.06054,0.074397,0.092201,0.11044,0.12961,0.15039,0.16907,0.18459,0.19613,0.20283,0.20486,0.2015,0.19302,0.18046,0.1662,0.14946,0.13063,0.11002,0.088867,0.067889,0.048533,0.033019,0.02344,0.019002,0.017142,0.016302,0.016068,0.016183,0.016585,0.016854,0.016831,0.016563,0.015967,0.014544,0.013067,0.01192,0.01108,0.010515,0.01026,0.010209,0.010328,0.010717,0.01168,0.014064
0.1486,0.17397,0.1937,0.20924,0.22319,0.23757,0.25277,0.26872,0.28489,0.29973,0.31062,0.31528,0.31189,0.30067,0.28246,0.26063,0.2368,0.21222,0.1884,0.16682,0.14627,0.12644,0.10879,0.09462,0.081053,0.068478,0.057068,0.047182,0.039725,0.034438,0.031573,0.030481,0.031099,0.032775,0.035479,0.038655,0.041911,0.044346,0.045248,0.044131,0.041213,0.037346,0.033326,0.029548,0.026309,0.023923,0.022482,0.022105,0.022679,0.024237,0.026782,0.030352,0.035052,0.040861,0.048174,0.057089,0.067729,0.081165,0.097957,0.11485,0.13209,0.14941,0.16404,0.17464,0.18057,0.18126,0.17688,0.16749,0.15394,0.13733,0.12054,0.10298,0.084851,0.066653,0.049806,0.035024,0.023079,0.014863,0.010637,0.0092917,0.0092302,0.0099049,0.011054,0.012699,0.014924,0.01773,0.02067,0.023292,0.025161,0.025483,0.024955,0.023934,0.022796,0.021715,0.020843,0.020381,0.02025,0.020429,0.021067,0.022734
0.12964,0.15095,0.16791,0.18177,0.19472,0.20846,0.22375,0.2407,0.25935,0.27938,0.29896,0.31583,0.32717,0.33144,0.32774,0.31773,0.30176,0.28046,0.2563,0.23429,0.21421,0.19415,0.17517,0.15786,0.13921,0.11986,0.099772,0.079766,0.062605,0.048887,0.039956,0.033944,0.030439,0.027847,0.026004,0.024683,0.023517,0.022309,0.020819,0.018844,0.016796,0.014751,0.013243,0.012163,0.011607,0.011603,0.012256,0.013746,0.016248,0.019785,0.024467,0.030347,0.037392,0.045223,0.053761,0.062683,0.071657,0.081308,0.092165,0.1019,0.11053,0.11796,0.12377,0.12711,0.12724,0.12367,0.11642,0.10592,0.0931,0.079212,0.066607,0.054756,0.043424,0.033004,0.024466,0.017852,0.013115,0.010362,0.0092731,0.0096428,0.011014,0.012927,0.015517,0.018939,0.023167,0.028467,0.034409,0.040134,0.044962,0.047765,0.049078,0.049152,0.048366,0.047156,0.045882,0.04485,0.044023,0.043205,0.042284,0.04161
0.10357,0.11975,0.13269,0.14353,0.15395,0.16516,0.17771,0.19164,0.20742,0.2252,0.24392,0.26265,0.28002,0.29458,0.30433,0.30979,0.30999,0.30467,0.29396,0.28053,0.26604,0.25083,0.23565,0.2207,0.20341,0.18419,0.16272,0.13918,0.11588,0.093589,0.075243,0.059693,0.047663,0.037809,0.029926,0.024091,0.019345,0.015411,0.012435,0.0098366,0.0076362,0.0061351,0.0053269,0.0049204,0.0051197,0.0059811,0.0075817,0.010109,0.013552,0.017864,0.023068,0.029271,0.036478,0.044269,0.052366,0.060152,0.067303,0.073991,0.080485,0.085542,0.089027,0.090682,0.090813,0.089136,0.085386,0.079655,0.071953,0.062885,0.053174,0.04374,0.035853,0.028828,0.022436,0.016974,0.012671,0.0094616,0.0076673,0.007422,0.0085117,0.010721,0.013569,0.016894,0.020687,0.025238,0.030921,0.038675,0.048106,0.05781,0.066413,0.072648,0.076718,0.078829,0.079444,0.079072,0.078247,0.077292,0.076146,0.074318,0.071214,0.066798
0.077585,0.088605,0.097771,0.10569,0.11364,0.12278,0.1338,0.14659,0.16121,0.17778,0.19506,0.21223,0.22881,0.24438,0.25875,0.27355,0.28673,0.29647,0.30134,0.30189,0.2988,0.29167,0.28155,0.26863,0.25238,0.23394,0.21318,0.19035,0.16711,0.14376,0.12241,0.10183,0.083089,0.065544,0.050384,0.038497,0.028574,0.020621,0.015258,0.011276,0.008409,0.0065994,0.0056076,0.0051794,0.0053741,0.006228,0.0077354,0.0099685,0.012841,0.0164,0.020819,0.026378,0.032911,0.040074,0.047645,0.054938,0.061383,0.066556,0.070366,0.071949,0.071106,0.068115,0.064344,0.060035,0.05507,0.049629,0.043898,0.038121,0.032655,0.027594,0.02331,0.019578,0.016209,0.01352,0.01148,0.01042,0.010663,0.012097,0.014432,0.017152,0.020062,0.023168,0.026543,0.030777,0.036176,0.044201,0.055247,0.067792,0.079683,0.089448,0.096924,0.10218,0.1055,0.10735,0.10816,0.1082,0.10722,0.10441,0.098688,0.090243
0.053271,0.059317,0.064809,0.069716,0.074786,0.080843,0.088542,0.098232,0.11006,0.12389,0.13883,0.15432,0.16981,0.18496,0.19974,0.21618,0.23363,0.25222,0.27074,0.28736,0.30135,0.31136,0.31698,0.31781,0.31326,0.30379,0.28916,0.26979,0.24742,0.2232,0.19948,0.17458,0.14996,0.12517,0.10142,0.080753,0.062319,0.047032,0.035643,0.026486,0.019811,0.015952,0.013535,0.012266,0.011817,0.011903,0.012449,0.013508,0.015104,0.017038,0.019283,0.022052,0.025307,0.028792,0.032483,0.036197,0.039665,0.042327,0.043757,0.043542,0.041539,0.038656,0.036328,0.034249,0.032416,0.030935,0.029476,0.02783,0.026048,0.024271,0.022697,0.02133,0.020267,0.020046,0.020335,0.021249,0.02268,0.024276,0.025809,0.027302,0.028744,0.0302,0.031876,0.034294,0.038054,0.044951,0.05595,0.06895,0.081861,0.093128,0.10241,0.10963,0.11513,0.11906,0.12169,0.12325,0.12336,0.12093,0.11453,0.10441
0.032583,0.033913,0.035814,0.037807,0.040162,0.04323,0.047372,0.052875,0.060143,0.06925,0.079849,0.091747,0.10467,0.11816,0.13233,0.14871,0.16597,0.18398,0.20286,0.22262,0.24366,0.26464,0.28448,0.30205,0.31567,0.32482,0.32825,0.32505,0.31403,0.29576,0.27264,0.24642,0.22008,0.19314,0.16613,0.14138,0.11769,0.09639,0.079322,0.064623,0.052689,0.044746,0.038591,0.033878,0.030049,0.026939,0.024531,0.022811,0.021785,0.021151,0.021068,0.02151,0.022072,0.022669,0.02323,0.023663,0.023845,0.023662,0.023159,0.022214,0.020786,0.019722,0.019246,0.019075,0.019244,0.019978,0.021348,0.023001,0.024986,0.027087,0.029174,0.03116,0.033059,0.035191,0.036794,0.037685,0.037869,0.037361,0.036186,0.035153,0.03443,0.03427,0.034548,0.035705,0.038417,0.043809,0.053838,0.067091,0.081199,0.094486,0.10639,0.11654,0.12533,0.13221,0.13734,0.14093,0.14253,0.14072,0.13374,0.12198
0.02165,0.020393,0.020279,0.020614,0.021428,0.02284,0.025085,0.028351,0.032848,0.038782,0.046344,0.055682,0.067054,0.079948,0.094396,0.11158,0.12992,0.14865,0.16689,0.18406,0.20059,0.21684,0.23396,0.25269,0.27215,0.2913,0.3087,0.32259,0.32867,0.32574,0.31397,0.29388,0.26896,0.24307,0.21679,0.19227,0.16827,0.14573,0.12578,0.10678,0.089757,0.077917,0.068061,0.059737,0.052456,0.046211,0.040856,0.036235,0.032173,0.028782,0.026394,0.024842,0.023458,0.022137,0.020717,0.019122,0.017413,0.015689,0.014293,0.013797,0.014515,0.016057,0.018386,0.021392,0.025137,0.030167,0.036555,0.043395,0.050501,0.057192,0.062885,0.067286,0.070223,0.07185,0.071225,0.068347,0.063446,0.057345,0.050303,0.044349,0.03962,0.035934,0.033182,0.031745,0.031727,0.033758,0.03949,0.048769,0.060839,0.073758,0.086752,0.099066,0.1111,0.1213,0.12944,0.13543,0.13869,0.13782,0.13112,0.11905
0.013756,0.010095,0.0084731,0.0078089,0.0076224,0.0078473,0.0084773,0.0096209,0.011438,0.014077,0.017705,0.022584,0.029183,0.037368,0.047253,0.059632,0.073311,0.087756,0.10249,0.11707,0.13175,0.14655,0.16211,0.17956,0.19807,0.21815,0.2404,0.26597,0.28954,0.30791,0.31843,0.31923,0.31,0.29418,0.27521,0.25562,0.23467,0.21283,0.19077,0.16797,0.14618,0.12984,0.11499,0.10127,0.0886,0.076874,0.066299,0.056766,0.048367,0.041322,0.036105,0.032557,0.029505,0.026832,0.024265,0.021779,0.019458,0.017484,0.016391,0.016965,0.020067,0.025443,0.03234,0.040538,0.04981,0.060858,0.073906,0.087139,0.099478,0.10985,0.11755,0.12235,0.12404,0.12247,0.117,0.10787,0.095777,0.082324,0.068127,0.055729,0.045599,0.037955,0.032277,0.028589,0.027019,0.02737,0.030625,0.036534,0.044478,0.053558,0.063632,0.07405,0.085268,0.095302,0.10373,0.11029,0.1145,0.11518,0.11089,0.10195
0.014719,0.010005,0.0080137,0.0071881,0.0068396,0.0067558,0.0069011,0.0074182,0.0082773,0.0095139,0.011212,0.013449,0.016694,0.020977,0.026548,0.033924,0.042496,0.051962,0.062142,0.072753,0.084131,0.096414,0.11054,0.12782,0.14689,0.16752,0.18994,0.21493,0.24007,0.26457,0.28717,0.3035,0.30953,0.30582,0.29377,0.27666,0.25631,0.23411,0.21189,0.18935,0.1678,0.15171,0.13693,0.12296,0.10986,0.096988,0.084625,0.073013,0.062354,0.053066,0.045711,0.040207,0.035521,0.031497,0.027701,0.024351,0.021761,0.020299,0.020774,0.023934,0.03203,0.043362,0.056829,0.071347,0.08643,0.10269,0.11992,0.1359,0.14951,0.15982,0.16649,0.16912,0.16745,0.16149,0.15093,0.13609,0.11866,0.10073,0.082264,0.066251,0.052885,0.042193,0.033656,0.027248,0.023105,0.020771,0.020747,0.022865,0.026724,0.03169,0.037889,0.045092,0.053819,0.062213,0.069672,0.07583,0.080372,0.0826,0.081422,0.076861
0.01975,0.015225,0.012755,0.011341,0.010491,0.010013,0.0097364,0.009715,0.0098072,0.0099744,0.010311,0.010773,0.011705,0.013263,0.015526,0.018703,0.022677,0.027255,0.032516,0.038407,0.04526,0.053285,0.063462,0.076996,0.093075,0.11153,0.1326,0.15687,0.18229,0.20874,0.23786,0.26727,0.29246,0.31004,0.31782,0.31659,0.30709,0.29062,0.26918,0.24491,0.22011,0.19965,0.18006,0.16115,0.14372,0.1263,0.10925,0.092803,0.077292,0.063781,0.053174,0.045393,0.039384,0.03474,0.030669,0.027557,0.025605,0.025443,0.028739,0.036945,0.052926,0.072063,0.09181,0.11103,0.12927,0.1467,0.16313,0.17666,0.18676,0.19266,0.19416,0.19154,0.18487,0.17404,0.15891,0.13996,0.11968,0.10064,0.082029,0.06608,0.052497,0.041176,0.031847,0.024437,0.019183,0.015484,0.013231,0.012579,0.013337,0.015367,0.018453,0.0226,0.028231,0.034022,0.039643,0.044745,0.049216,0.052697,0.054611,0.054827
0.025343,0.02213,0.020796,0.02003,0.019496,0.019242,0.01907,0.019012,0.018892,0.018734,0.018519,0.018057,0.017651,0.017574,0.01779,0.01827,0.019065,0.02023,0.022008,0.024478,0.02754,0.03135,0.036604,0.044525,0.054787,0.067705,0.083779,0.10351,0.12603,0.15151,0.18199,0.21513,0.24848,0.27869,0.30191,0.31659,0.3216,0.3165,0.30216,0.2808,0.25487,0.22959,0.20452,0.18075,0.15938,0.13831,0.11813,0.099071,0.081789,0.066996,0.055354,0.046741,0.04071,0.036739,0.033911,0.032737,0.033531,0.037392,0.046656,0.061831,0.085305,0.11065,0.13539,0.15803,0.17768,0.19422,0.20732,0.21604,0.22018,0.21961,0.2148,0.20598,0.19357,0.17746,0.15765,0.13511,0.11323,0.09451,0.076795,0.061716,0.048859,0.038063,0.029237,0.02215,0.016928,0.01315,0.010557,0.0090835,0.0086619,0.0092519,0.010612,0.012806,0.015831,0.019045,0.022293,0.025448,0.028501,0.031418,0.034035,0.036738
0.038613,0.038768,0.03987,0.040827,0.041537,0.042044,0.042176,0.04187,0.041059,0.039775,0.038267,0.036321,0.034409,0.032712,0.031221,0.03005,0.02924,0.028747,0.028864,0.02954,0.030803,0.032483,0.0351,0.039496,0.045557,0.053707,0.064363,0.077978,0.094531,0.11501,0.14129,0.17128,0.20174,0.23042,0.25538,0.27424,0.28545,0.2874,0.27972,0.26411,0.24241,0.21784,0.19246,0.16863,0.14721,0.12639,0.10681,0.08895,0.073225,0.060112,0.049648,0.041839,0.036671,0.033811,0.032598,0.033768,0.038016,0.046282,0.061862,0.083279,0.11217,0.14178,0.16941,0.19348,0.21303,0.22732,0.23621,0.23927,0.23687,0.22942,0.21814,0.20411,0.18833,0.17016,0.14962,0.1278,0.10764,0.091397,0.076532,0.063772,0.052589,0.042702,0.034231,0.027109,0.021577,0.017237,0.013941,0.011952,0.011133,0.011347,0.012473,0.014181,0.016442,0.018795,0.020977,0.022718,0.024097,0.025181,0.026381,0.029024
0.054858,0.059399,0.063709,0.066794,0.068884,0.070234,0.070742,0.070446,0.069287,0.067261,0.064659,0.061501,0.058382,0.05577,0.053349,0.051013,0.048767,0.046651,0.04524,0.044559,0.044442,0.044833,0.045682,0.047727,0.05069,0.055168,0.061382,0.069759,0.08124,0.096881,0.11883,0.14533,0.17393,0.20076,0.22483,0.245,0.25947,0.26678,0.26582,0.25695,0.24069,0.2188,0.19445,0.1704,0.14768,0.12564,0.1052,0.08733,0.072971,0.061673,0.052968,0.046731,0.043014,0.041589,0.042146,0.045233,0.051534,0.062564,0.081422,0.10411,0.13085,0.15612,0.17778,0.1944,0.20533,0.20984,0.20837,0.20169,0.19145,0.17829,0.16353,0.14808,0.13315,0.1179,0.10223,0.086875,0.073847,0.064393,0.056478,0.050064,0.044552,0.039603,0.03535,0.031451,0.028318,0.02558,0.023327,0.021484,0.020438,0.020206,0.020713,0.021708,0.0228,0.024062,0.025127,0.025853,0.02624,0.026318,0.026511,0.028076
0.076656,0.087608,0.096649,0.10291,0.10698,0.10936,0.11038,0.11014,0.10863,0.10617,0.10326,0.10002,0.096972,0.094473,0.091985,0.089255,0.086347,0.083409,0.080916,0.07899,0.077342,0.07592,0.074572,0.073883,0.073565,0.073883,0.07501,0.077283,0.081357,0.088633,0.10048,0.11616,0.13449,0.15251,0.16916,0.18329,0.19376,0.19974,0.2002,0.19554,0.18578,0.1714,0.15506,0.13912,0.1238,0.10908,0.095773,0.084106,0.074878,0.06776,0.061956,0.057204,0.053685,0.051283,0.05031,0.05156,0.056091,0.065656,0.082885,0.10278,0.1242,0.14327,0.15841,0.16848,0.17328,0.17251,0.16689,0.15775,0.14656,0.13399,0.12108,0.10843,0.097584,0.087491,0.077813,0.068995,0.062146,0.057945,0.0551,0.053107,0.051671,0.050396,0.049399,0.048548,0.047999,0.047302,0.046504,0.045632,0.044799,0.044509,0.044518,0.044706,0.044537,0.044313,0.043984,0.043243,0.04206,0.040244,0.038107,0.036935
0.09857,0.11317,0.12489,0.13287,0.13801,0.14117,0.14285,0.14337,0.14278,0.14138,0.1396,0.13773,0.13631,0.13566,0.13526,0.13483,0.1342,0.13314,0.13201,0.1308,0.12909,0.1268,0.12362,0.11995,0.11554,0.11058,0.10523,0.099678,0.09522,0.092891,0.093024,0.096157,0.10239,0.10956,0.11717,0.12455,0.13061,0.13459,0.13576,0.13437,0.12997,0.12251,0.11382,0.1052,0.096556,0.088355,0.081233,0.075306,0.07133,0.068536,0.066175,0.063723,0.061385,0.059136,0.057325,0.056361,0.057915,0.063586,0.075527,0.08898,0.10199,0.11309,0.12176,0.12751,0.13021,0.12963,0.12607,0.12052,0.11364,0.10603,0.09837,0.091427,0.086087,0.081701,0.077857,0.074925,0.073082,0.07266,0.073201,0.074201,0.075254,0.07577,0.07584,0.075568,0.074904,0.07385,0.072589,0.071243,0.070132,0.069564,0.069469,0.069472,0.069059,0.068562,0.067896,0.066789,0.065249,0.062882,0.059636,0.056179
0.066024,0.072898,0.078985,0.083851,0.087957,0.092027,0.096571,0.10161,0.10738,0.11405,0.12218,0.13059,0.13965,0.14983,0.1598,0.16835,0.17586,0.18138,0.18439,0.18532,0.18486,0.18464,0.18475,0.18531,0.18591,0.18544,0.18344,0.17993,0.17494,0.16871,0.16117,0.15216,0.14197,0.13076,0.11934,0.1077,0.096518,0.087966,0.080011,0.073263,0.067848,0.062904,0.058549,0.055021,0.052766,0.05175,0.051939,0.05355,0.056369,0.060539,0.065922,0.072136,0.079006,0.086321,0.093306,0.098966,0.10298,0.10532,0.10506,0.10324,0.10026,0.096058,0.090913,0.085111,0.079575,0.074824,0.070704,0.067309,0.064733,0.062649,0.060955,0.059554,0.058315,0.05741,0.05678,0.056509,0.056975,0.058038,0.059777,0.062632,0.066512,0.070204,0.072885,0.074651,0.075279,0.075045,0.074099,0.072969,0.072388,0.072831,0.074856,0.079107,0.085197,0.091486,0.09648,0.099568,0.10057,0.098266,0.091728,0.082186
0.040166,0.042462,0.045878,0.0489,0.051565,0.054077,0.056634,0.059233,0.061966,0.065062,0.06934,0.074552,0.081338,0.090715,0.10225,0.11514,0.12978,0.14542,0.16199,0.17911,0.19759,0.21735,0.23715,0.25635,0.27337,0.28559,0.29134,0.29032,0.2837,0.27195,0.2557,0.23615,0.21553,0.19386,0.17192,0.15023,0.12974,0.11276,0.097022,0.083466,0.072424,0.063643,0.056873,0.051538,0.047813,0.045056,0.043255,0.042724,0.043336,0.044675,0.046811,0.049819,0.053488,0.057399,0.060643,0.062186,0.062336,0.06151,0.059137,0.056223,0.053125,0.050118,0.047197,0.044546,0.042609,0.041434,0.04111,0.041295,0.041981,0.043006,0.044228,0.045606,0.047018,0.04885,0.05109,0.054166,0.058869,0.063584,0.06776,0.071738,0.075617,0.078205,0.079855,0.080261,0.079177,0.076791,0.073359,0.069165,0.064905,0.061721,0.060701,0.063007,0.067632,0.072856,0.077362,0.080363,0.081518,0.080066,0.07524,0.067989
0.031835,0.033034,0.03558,0.037966,0.039991,0.041614,0.04286,0.043654,0.044101,0.044439,0.045292,0.046682,0.049341,0.054167,0.061487,0.071362,0.08466,0.10087,0.12039,0.14244,0.16819,0.19771,0.22899,0.26156,0.29314,0.32055,0.34081,0.3531,0.3589,0.3564,0.34513,0.32521,0.29942,0.26998,0.23958,0.20939,0.18117,0.15759,0.1357,0.11637,0.099899,0.087343,0.077728,0.069528,0.06257,0.056603,0.051448,0.047397,0.044355,0.042245,0.040961,0.040925,0.041271,0.04158,0.041252,0.039564,0.037176,0.034615,0.031824,0.029603,0.027906,0.026618,0.025719,0.025153,0.025156,0.025683,0.026799,0.028719,0.03138,0.034543,0.038023,0.04186,0.045773,0.049965,0.054569,0.060479,0.068508,0.075636,0.08094,0.084332,0.085959,0.085228,0.084217,0.08242,0.079501,0.075423,0.07033,0.0645,0.058357,0.052954,0.049505,0.048846,0.050526,0.05307,0.055419,0.056966,0.057572,0.056828,0.054392,0.05107
0.02978,0.030636,0.032772,0.034859,0.036715,0.038421,0.039979,0.041229,0.042128,0.042618,0.042852,0.043012,0.043667,0.045174,0.0481,0.052559,0.059578,0.069838,0.084623,0.10322,0.12766,0.15736,0.19052,0.22697,0.26374,0.29847,0.32783,0.35039,0.36768,0.37728,0.37807,0.36877,0.34998,0.32354,0.29265,0.25934,0.22619,0.19535,0.16565,0.13914,0.11583,0.098702,0.085725,0.074534,0.06479,0.056097,0.048263,0.041693,0.036487,0.032377,0.029417,0.02813,0.027353,0.026533,0.02551,0.02368,0.021612,0.01946,0.017484,0.016053,0.015234,0.015203,0.015945,0.017277,0.019618,0.022841,0.027022,0.032148,0.037805,0.043846,0.050113,0.056727,0.063118,0.069355,0.075811,0.08355,0.093632,0.10189,0.10722,0.10925,0.10814,0.10395,0.10017,0.095329,0.08957,0.082563,0.074436,0.065333,0.055953,0.047434,0.041342,0.038548,0.038241,0.039075,0.04017,0.040915,0.041171,0.040662,0.039334,0.038114
0.033908,0.035311,0.037597,0.039773,0.041686,0.043467,0.045163,0.046696,0.048075,0.04887,0.048514,0.047267,0.045662,0.043872,0.043095,0.042861,0.043889,0.047058,0.053945,0.065069,0.082724,0.10613,0.13328,0.16399,0.19603,0.22888,0.25958,0.28715,0.31273,0.33424,0.34998,0.35762,0.35573,0.34407,0.32384,0.29714,0.26717,0.23642,0.2048,0.17454,0.14634,0.12532,0.10865,0.093657,0.080026,0.067421,0.055795,0.04587,0.037707,0.03118,0.02631,0.023513,0.021422,0.019372,0.017335,0.015107,0.013118,0.011741,0.011126,0.011572,0.013049,0.015657,0.019415,0.023891,0.029517,0.036134,0.044265,0.053701,0.063436,0.073036,0.082273,0.090955,0.098531,0.10486,0.11037,0.11597,0.1229,0.12772,0.12923,0.12657,0.11993,0.1104,0.10266,0.094459,0.086027,0.077144,0.067896,0.058522,0.049251,0.040853,0.034652,0.030897,0.029034,0.028591,0.028766,0.029071,0.029239,0.029051,0.028597,0.028804
0.041402,0.044467,0.04761,0.050501,0.053273,0.056126,0.059164,0.062102,0.06503,0.066905,0.066834,0.064808,0.061259,0.056255,0.051289,0.046229,0.041559,0.038251,0.037776,0.041123,0.050758,0.066012,0.08586,0.11001,0.13622,0.16425,0.19086,0.21508,0.23799,0.25949,0.27917,0.29495,0.30464,0.30622,0.29864,0.28285,0.26036,0.23332,0.20347,0.17438,0.1467,0.12586,0.10853,0.092679,0.077904,0.063876,0.050873,0.039907,0.030998,0.023968,0.018865,0.015716,0.013578,0.011893,0.010617,0.0099134,0.010094,0.011734,0.014931,0.019592,0.025539,0.032907,0.041872,0.051819,0.062938,0.07506,0.088859,0.1039,0.11875,0.13269,0.14531,0.15597,0.16387,0.16854,0.17026,0.16996,0.16929,0.16606,0.15895,0.14754,0.13271,0.11639,0.10385,0.092201,0.081649,0.071582,0.061746,0.052064,0.042796,0.034674,0.028744,0.024914,0.022787,0.02184,0.021615,0.021682,0.021812,0.021861,0.021886,0.022609
0.050237,0.055719,0.060451,0.064653,0.0688,0.073282,0.078106,0.083019,0.088504,0.092819,0.09456,0.093501,0.089844,0.08336,0.07554,0.066168,0.055714,0.045762,0.037793,0.033575,0.034329,0.03888,0.047116,0.059224,0.074777,0.094947,0.11622,0.13689,0.15702,0.17682,0.19607,0.21368,0.22754,0.23589,0.23717,0.23116,0.21821,0.19915,0.17565,0.15141,0.12722,0.10911,0.093962,0.080073,0.067026,0.054691,0.043166,0.033477,0.025603,0.01951,0.015135,0.01255,0.011087,0.010303,0.010295,0.011982,0.015785,0.023032,0.033328,0.045109,0.057593,0.07083,0.084749,0.098572,0.11256,0.12664,0.14176,0.15753,0.1725,0.18591,0.19729,0.20591,0.21106,0.21264,0.21086,0.2062,0.19938,0.18962,0.17566,0.15819,0.13786,0.1173,0.10152,0.087383,0.075373,0.064861,0.055249,0.046372,0.038032,0.030441,0.024822,0.020852,0.018328,0.016731,0.015872,0.015511,0.015448,0.015513,0.015732,0.016959
0.062118,0.070074,0.076576,0.082113,0.087493,0.093372,0.099935,0.10707,0.11571,0.12337,0.1281,0.12954,0.12728,0.12071,0.11085,0.09779,0.082228,0.065766,0.049761,0.037417,0.030648,0.027382,0.02748,0.030354,0.035595,0.044478,0.05585,0.069571,0.085404,0.10325,0.12261,0.14144,0.15793,0.16973,0.17521,0.1744,0.16732,0.15447,0.13744,0.11889,0.099905,0.085832,0.073955,0.063138,0.05313,0.043779,0.035294,0.028394,0.022891,0.018649,0.015894,0.014708,0.014993,0.016611,0.020205,0.028013,0.039766,0.057221,0.077717,0.098382,0.11825,0.13662,0.15361,0.16849,0.18178,0.19372,0.20564,0.2176,0.22837,0.23757,0.24475,0.24879,0.24783,0.24129,0.22936,0.21245,0.1923,0.17172,0.14966,0.12739,0.10495,0.084202,0.068972,0.05648,0.0468,0.039168,0.032947,0.027723,0.023109,0.019003,0.016363,0.014565,0.013295,0.012399,0.01193,0.011824,0.011935,0.012209,0.012894,0.014881
0.068565,0.077065,0.083766,0.08935,0.094772,0.10084,0.10793,0.11617,0.12702,0.13789,0.14674,0.15349,0.15586,0.15313,0.14592,0.13469,0.11989,0.10279,0.084246,0.066795,0.052332,0.040584,0.032925,0.028613,0.026595,0.027294,0.030489,0.035955,0.043689,0.054022,0.066238,0.079446,0.092242,0.10244,0.10821,0.10953,0.10615,0.098586,0.088027,0.076277,0.06447,0.055982,0.048946,0.04271,0.037175,0.03214,0.027827,0.024619,0.022773,0.022207,0.023087,0.02552,0.029659,0.035755,0.044735,0.059698,0.078948,0.10327,0.12988,0.15541,0.17861,0.19846,0.2149,0.22779,0.23821,0.24699,0.25549,0.26317,0.26868,0.27115,0.26989,0.26396,0.25259,0.23599,0.21496,0.19006,0.16341,0.13917,0.11559,0.094076,0.074214,0.057369,0.04603,0.037464,0.031351,0.02693,0.023449,0.020775,0.018592,0.016778,0.016155,0.015867,0.015667,0.015458,0.015353,0.015366,0.015481,0.015696,0.016278,0.017902
0.067937,0.075255,0.080943,0.085759,0.09074,0.096771,0.10424,0.11352,0.12631,0.1399,0.15254,0.16544,0.17495,0.1797,0.17932,0.17379,0.16371,0.14953,0.13236,0.11431,0.096634,0.078349,0.061852,0.048806,0.039264,0.032887,0.029097,0.027351,0.027648,0.029974,0.033387,0.037718,0.042328,0.04617,0.048095,0.048151,0.046173,0.042736,0.038985,0.035189,0.03187,0.030001,0.02855,0.027353,0.02641,0.025703,0.025845,0.026886,0.028877,0.031941,0.03638,0.042424,0.050563,0.062587,0.078902,0.10058,0.12419,0.15154,0.17997,0.20621,0.22869,0.24642,0.25968,0.26919,0.27555,0.27904,0.28051,0.27951,0.27538,0.268,0.25692,0.24237,0.22386,0.20163,0.17615,0.14829,0.12047,0.097119,0.076152,0.058819,0.044208,0.032793,0.025252,0.020033,0.016681,0.014758,0.013733,0.013673,0.014146,0.01491,0.016299,0.017715,0.018837,0.019652,0.020332,0.020791,0.021079,0.02119,0.021296,0.022079
0.069215,0.075858,0.081135,0.085414,0.089704,0.095011,0.10188,0.1108,0.12325,0.13712,0.15117,0.16855,0.18394,0.19584,0.20364,0.20618,0.20428,0.19783,0.18689,0.1729,0.15651,0.13732,0.11707,0.097016,0.078267,0.061945,0.049455,0.040562,0.034337,0.030725,0.028202,0.026809,0.026192,0.025812,0.02544,0.024992,0.024056,0.022947,0.02222,0.021759,0.021771,0.022227,0.022886,0.023785,0.025047,0.026747,0.029836,0.034373,0.040305,0.047508,0.056239,0.066683,0.079916,0.098104,0.11924,0.14277,0.16629,0.19129,0.21543,0.23595,0.25174,0.26203,0.26723,0.26789,0.26534,0.25985,0.25208,0.24166,0.22881,0.2141,0.19764,0.18032,0.16182,0.14169,0.11985,0.096821,0.074701,0.057145,0.042495,0.031536,0.022854,0.01654,0.012743,0.010409,0.0092063,0.0089749,0.0093001,0.010169,0.011863,0.013889,0.01626,0.018488,0.020336,0.021778,0.022861,0.023557,0.023892,0.02384,0.023554,0.023703
0.056258,0.060981,0.065006,0.068234,0.071431,0.075348,0.080474,0.08725,0.096715,0.10773,0.11987,0.13745,0.15541,0.17273,0.18835,0.19935,0.2065,0.20984,0.20933,0.20518,0.19683,0.18373,0.16694,0.14743,0.12618,0.10396,0.083597,0.066322,0.052227,0.041886,0.033376,0.026605,0.021344,0.017313,0.01509,0.013843,0.012939,0.01265,0.013022,0.013792,0.015075,0.016548,0.018368,0.020846,0.023898,0.027794,0.033718,0.041438,0.050892,0.062273,0.075762,0.091095,0.10884,0.13155,0.15641,0.18206,0.20615,0.229,0.24843,0.26248,0.27035,0.27233,0.26886,0.26095,0.24966,0.23547,0.21909,0.20109,0.18202,0.16263,0.1429,0.12441,0.10709,0.089992,0.072985,0.056587,0.042407,0.032319,0.024312,0.018486,0.014044,0.011227,0.0097651,0.0091376,0.0090265,0.0093937,0.010238,0.011642,0.013809,0.016282,0.019255,0.021964,0.02418,0.025926,0.027256,0.028153,0.028576,0.028473,0.027911,0.027519
0.046387,0.049042,0.051595,0.053816,0.056156,0.059168,0.063316,0.06914,0.07746,0.08772,0.099751,0.11832,0.13919,0.16161,0.18502,0.2042,0.21965,0.23075,0.23727,0.23977,0.2377,0.23066,0.21888,0.20278,0.18327,0.16093,0.13836,0.11658,0.095823,0.077808,0.061309,0.046731,0.034011,0.023678,0.017259,0.01297,0.010126,0.0086598,0.008457,0.0091397,0.010764,0.013029,0.016081,0.020267,0.025508,0.032324,0.042011,0.053814,0.067303,0.082089,0.097973,0.11485,0.13291,0.15481,0.17764,0.19934,0.2181,0.23317,0.24316,0.24749,0.24587,0.23966,0.22943,0.21611,0.20072,0.18348,0.16493,0.14546,0.12575,0.10673,0.088656,0.073028,0.060189,0.049375,0.039962,0.031774,0.025454,0.020919,0.017362,0.014878,0.013289,0.01235,0.011895,0.011757,0.011808,0.012127,0.0126,0.013626,0.015901,0.018995,0.022663,0.025896,0.028257,0.030087,0.031419,0.032299,0.032708,0.032558,0.031882,0.031241
0.037822,0.039836,0.041903,0.043666,0.045431,0.047641,0.05077,0.055209,0.061617,0.070111,0.081015,0.098245,0.11946,0.14491,0.1742,0.20071,0.22492,0.24639,0.26335,0.27489,0.27999,0.27867,0.27104,0.25775,0.24013,0.21888,0.19623,0.17272,0.14871,0.12571,0.10282,0.080885,0.060715,0.043538,0.032221,0.023704,0.017188,0.012677,0.010256,0.0095903,0.01042,0.012224,0.015111,0.019588,0.025806,0.034475,0.046493,0.061174,0.077531,0.094459,0.1119,0.12993,0.14812,0.16932,0.19033,0.20823,0.22127,0.22791,0.22763,0.22183,0.21113,0.19767,0.18197,0.1644,0.14618,0.12767,0.10872,0.090312,0.073105,0.05791,0.045065,0.035665,0.029417,0.02512,0.02221,0.020046,0.018433,0.01766,0.017147,0.016877,0.016616,0.016489,0.016422,0.016539,0.016695,0.016868,0.017028,0.017601,0.01974,0.022797,0.026325,0.029723,0.032345,0.034502,0.036203,0.037507,0.038352,0.038595,0.038263,0.037726
0.022282,0.021943,0.0224,0.022892,0.023459,0.02439,0.026067,0.028905,0.033473,0.040612,0.050853,0.066876,0.088089,0.11532,0.14893,0.18101,0.21133,0.2407,0.26919,0.29492,0.31548,0.32943,0.33544,0.33295,0.32245,0.30486,0.28296,0.25814,0.23138,0.20443,0.17659,0.14816,0.11936,0.091909,0.070941,0.053198,0.037687,0.024734,0.016472,0.012368,0.010963,0.011361,0.013239,0.017157,0.022973,0.031397,0.042691,0.056235,0.071112,0.086441,0.10209,0.11801,0.13352,0.15058,0.16643,0.17874,0.18593,0.18683,0.18138,0.17083,0.1562,0.1403,0.12354,0.10642,0.090345,0.075658,0.062284,0.05079,0.041045,0.033326,0.027552,0.023688,0.02252,0.022925,0.024214,0.02637,0.029065,0.031735,0.033523,0.033799,0.033004,0.031837,0.030489,0.028842,0.026981,0.025133,0.023252,0.021923,0.022863,0.025886,0.029715,0.033552,0.036621,0.039243,0.041276,0.042876,0.043901,0.044204,0.04378,0.042978
0.015206,0.013462,0.013078,0.013087,0.01325,0.013643,0.014688,0.016812,0.020531,0.026544,0.035719,0.050064,0.070371,0.097081,0.13064,0.16309,0.19405,0.22387,0.25269,0.27987,0.30477,0.32633,0.34155,0.34902,0.34803,0.33825,0.32118,0.29844,0.27216,0.24647,0.22122,0.19535,0.16789,0.14028,0.11681,0.094747,0.073391,0.053409,0.038226,0.02893,0.023715,0.02132,0.021007,0.022907,0.02645,0.032233,0.040274,0.050419,0.061986,0.07383,0.085858,0.09813,0.10981,0.1221,0.13285,0.14013,0.1425,0.13917,0.13026,0.11713,0.10113,0.085151,0.070128,0.056754,0.046497,0.039329,0.03375,0.029542,0.026692,0.025163,0.024871,0.026103,0.030647,0.037607,0.046177,0.055575,0.064085,0.069634,0.071878,0.070252,0.065701,0.060206,0.054867,0.049115,0.043443,0.037987,0.032897,0.028935,0.028232,0.03106,0.034912,0.038453,0.041159,0.043353,0.044972,0.046205,0.047049,0.047296,0.046901,0.04599
0.011029,0.0079147,0.0063769,0.0054583,0.0049009,0.0045102,0.0044893,0.0050362,0.0065788,0.0097375,0.015452,0.025089,0.04054,0.062656,0.091424,0.12028,0.14875,0.17796,0.20811,0.23649,0.26243,0.28618,0.30663,0.3224,0.33236,0.33482,0.33008,0.31812,0.3001,0.27861,0.25598,0.23356,0.20972,0.18563,0.16353,0.14099,0.11741,0.09356,0.072871,0.057094,0.045097,0.036958,0.031709,0.029087,0.028476,0.029932,0.033258,0.038332,0.044787,0.0516,0.058473,0.065566,0.072167,0.07899,0.084492,0.087404,0.086789,0.082227,0.074101,0.06379,0.052461,0.04253,0.034681,0.029243,0.026702,0.026342,0.027123,0.028907,0.031671,0.035577,0.041143,0.048555,0.060335,0.074531,0.088954,0.10197,0.11168,0.11666,0.11695,0.11252,0.10455,0.095721,0.087452,0.078399,0.069217,0.060368,0.052121,0.045365,0.042364,0.044132,0.047599,0.051322,0.054511,0.057117,0.059064,0.060515,0.06135,0.061209,0.059714,0.056767
0.011808,0.0088528,0.0072778,0.0062704,0.0055159,0.0049921,0.0047447,0.0047972,0.0053165,0.0067185,0.009352,0.013637,0.021122,0.032684,0.049597,0.068662,0.088977,0.11163,0.1369,0.16205,0.18624,0.2089,0.22936,0.24753,0.26357,0.27636,0.28591,0.29167,0.29272,0.28827,0.27866,0.26499,0.24752,0.22816,0.2081,0.18617,0.16177,0.13573,0.11199,0.091961,0.074009,0.059455,0.04902,0.042237,0.037578,0.035108,0.034087,0.03464,0.036209,0.038132,0.039901,0.041815,0.043721,0.045723,0.04734,0.04804,0.047157,0.044842,0.041466,0.037487,0.033763,0.03144,0.030743,0.031765,0.035623,0.041924,0.049488,0.058604,0.069484,0.081589,0.094477,0.10767,0.12406,0.14091,0.15588,0.16731,0.17333,0.17295,0.16664,0.15517,0.14023,0.12521,0.11187,0.098063,0.084325,0.071075,0.058806,0.048422,0.041747,0.04122,0.043462,0.046727,0.049955,0.052822,0.055179,0.056945,0.057952,0.057878,0.056365,0.053274
0.015785,0.013235,0.01195,0.011161,0.0106,0.010251,0.010083,0.010083,0.010235,0.010776,0.011843,0.013569,0.016643,0.021205,0.028253,0.037337,0.048708,0.063618,0.082091,0.1015,0.12083,0.13968,0.15712,0.17308,0.18801,0.20132,0.21347,0.22639,0.23969,0.25048,0.25732,0.25962,0.25552,0.24638,0.23316,0.21585,0.19446,0.16961,0.14514,0.12243,0.10001,0.079546,0.062816,0.050443,0.041249,0.034651,0.029865,0.027072,0.025391,0.024498,0.023783,0.023302,0.022957,0.022861,0.023066,0.023648,0.024478,0.025605,0.027139,0.028959,0.031464,0.035467,0.041134,0.048685,0.060085,0.074912,0.091741,0.11027,0.12922,0.14753,0.16438,0.17926,0.19471,0.20807,0.21776,0.2224,0.22074,0.21263,0.19928,0.1819,0.16192,0.14349,0.12811,0.11239,0.096714,0.081383,0.066863,0.054582,0.046159,0.044331,0.045835,0.048494,0.051153,0.053759,0.055931,0.057513,0.058213,0.057612,0.055343,0.051467
0.021662,0.019364,0.018214,0.017504,0.017034,0.016896,0.016935,0.017043,0.017122,0.017207,0.017197,0.016814,0.016587,0.016964,0.018586,0.021871,0.02678,0.034167,0.045032,0.057631,0.071302,0.085751,0.10027,0.11462,0.12937,0.14375,0.1584,0.17438,0.19113,0.20725,0.2216,0.23338,0.24039,0.24224,0.23838,0.22926,0.21492,0.19544,0.1738,0.15087,0.12613,0.10171,0.080003,0.062313,0.048175,0.037407,0.028951,0.022758,0.018659,0.016271,0.014629,0.013638,0.013203,0.013276,0.013958,0.015474,0.018128,0.022188,0.027416,0.033401,0.040894,0.051189,0.063707,0.078472,0.098489,0.1227,0.14804,0.17277,0.19573,0.21576,0.2323,0.24487,0.25528,0.26164,0.26259,0.25697,0.24413,0.22496,0.20297,0.17997,0.15653,0.13656,0.12115,0.10641,0.092133,0.078129,0.064291,0.051287,0.040617,0.035815,0.034245,0.034404,0.03512,0.036238,0.037422,0.038397,0.038807,0.038373,0.036994,0.035228
0.033393,0.033341,0.033812,0.034571,0.03558,0.03725,0.039226,0.041028,0.042215,0.042354,0.041074,0.037891,0.033254,0.027734,0.023097,0.021014,0.020878,0.022348,0.025613,0.030519,0.036852,0.044872,0.054424,0.065646,0.079317,0.094767,0.11236,0.13302,0.15536,0.17701,0.19636,0.2129,0.2255,0.23295,0.23424,0.22995,0.22025,0.20463,0.18553,0.16296,0.13738,0.11127,0.087268,0.066448,0.048856,0.035065,0.024804,0.01766,0.013077,0.010482,0.0089087,0.0080401,0.007854,0.0085106,0.010114,0.012962,0.017677,0.024821,0.033969,0.044993,0.059458,0.079002,0.10074,0.12397,0.151,0.18017,0.2082,0.23366,0.25558,0.27289,0.28506,0.29137,0.29226,0.28633,0.27346,0.25375,0.2288,0.20126,0.17484,0.15075,0.12859,0.11069,0.097405,0.085377,0.07395,0.062667,0.051166,0.04002,0.030346,0.024837,0.022412,0.021721,0.021729,0.022372,0.023143,0.023883,0.024373,0.024457,0.024174,0.024037
0.05103,0.05526,0.05891,0.062133,0.065331,0.069305,0.073496,0.077142,0.079621,0.080206,0.078289,0.073391,0.06549,0.055257,0.044254,0.035962,0.029916,0.02531,0.022191,0.020499,0.020199,0.021492,0.02457,0.029853,0.037559,0.047626,0.060973,0.078993,0.099893,0.12137,0.14167,0.16008,0.17543,0.18675,0.19311,0.19453,0.19126,0.18233,0.16881,0.15084,0.1291,0.10635,0.085165,0.066457,0.049969,0.03637,0.026049,0.01866,0.014115,0.011669,0.010575,0.010444,0.011415,0.013545,0.017442,0.023352,0.032154,0.044959,0.06139,0.080092,0.10238,0.12964,0.15678,0.18298,0.21096,0.23927,0.26548,0.28769,0.30415,0.31374,0.31607,0.3107,0.29814,0.27874,0.2545,0.22722,0.19874,0.1694,0.14322,0.12113,0.10106,0.085177,0.073812,0.064459,0.056007,0.0477,0.039032,0.030329,0.022194,0.01652,0.013075,0.011265,0.010405,0.010277,0.010518,0.010962,0.011518,0.01214,0.012928,0.014192
0.068795,0.077702,0.085133,0.091517,0.097695,0.10482,0.11217,0.11885,0.12399,0.12668,0.12602,0.12134,0.1126,0.10037,0.086085,0.073266,0.061535,0.049833,0.039048,0.03057,0.024439,0.020135,0.018053,0.018208,0.020183,0.024041,0.030177,0.039906,0.052682,0.067416,0.082879,0.09831,0.11257,0.12475,0.13339,0.13836,0.1397,0.13638,0.12877,0.11673,0.10106,0.08439,0.068916,0.055148,0.043049,0.033202,0.025488,0.019819,0.016406,0.015039,0.015092,0.016449,0.019301,0.024053,0.031218,0.040819,0.054237,0.072509,0.094583,0.11782,0.14379,0.1742,0.20327,0.23037,0.25751,0.28258,0.30249,0.31501,0.31906,0.31489,0.3042,0.2874,0.26583,0.24102,0.21492,0.18777,0.15959,0.13138,0.10781,0.089825,0.074521,0.063023,0.055154,0.049173,0.043898,0.038555,0.032684,0.026534,0.02022,0.01502,0.011598,0.0096274,0.0085115,0.0079803,0.007841,0.0079759,0.0082552,0.0087038,0.0095716,0.01137
0.088853,0.10239,0.11368,0.12328,0.13227,0.14204,0.1518,0.16077,0.1682,0.1732,0.17464,0.17188,0.16454,0.15305,0.13849,0.12399,0.10913,0.0929,0.07579,0.059645,0.04557,0.034386,0.027132,0.023705,0.022051,0.021973,0.023649,0.027073,0.032036,0.038287,0.045944,0.055164,0.065012,0.074563,0.082516,0.088403,0.092223,0.09287,0.090172,0.083947,0.074967,0.065443,0.056801,0.049016,0.042002,0.036247,0.031823,0.02881,0.027164,0.027244,0.029044,0.032457,0.037811,0.045424,0.055693,0.068262,0.08368,0.10318,0.12609,0.14936,0.1741,0.20232,0.2295,0.25485,0.27736,0.2934,0.30174,0.30159,0.29344,0.27925,0.26215,0.24261,0.22079,0.19691,0.17148,0.14458,0.11686,0.09025,0.069366,0.05514,0.044288,0.036587,0.031595,0.028322,0.025832,0.023405,0.020557,0.01748,0.014161,0.011188,0.0090997,0.0079141,0.0073393,0.0071061,0.0070883,0.0072783,0.0075468,0.0078869,0.0085948,0.010553
0.10601,0.12351,0.13791,0.15018,0.16181,0.17422,0.1868,0.19862,0.20878,0.21647,0.22024,0.2192,0.21303,0.20244,0.18875,0.17456,0.15974,0.14329,0.12508,0.10695,0.089176,0.07227,0.058492,0.048922,0.041058,0.035061,0.030928,0.028351,0.02751,0.027959,0.029629,0.032633,0.03695,0.041789,0.046308,0.05018,0.053244,0.054555,0.053708,0.050662,0.046122,0.041664,0.038109,0.035276,0.033289,0.032416,0.032588,0.033738,0.036056,0.040077,0.045955,0.053448,0.062529,0.07307,0.085111,0.098211,0.1126,0.12959,0.14952,0.16931,0.19013,0.21315,0.23416,0.25205,0.26478,0.27023,0.2685,0.26018,0.24655,0.22931,0.21122,0.19148,0.16945,0.14556,0.12087,0.095946,0.071852,0.05076,0.035598,0.026452,0.02041,0.016743,0.014691,0.013761,0.013458,0.013437,0.013295,0.013139,0.012679,0.011804,0.011016,0.010492,0.010149,0.0099727,0.0099505,0.010077,0.010265,0.010533,0.011146,0.01286
0.11229,0.13142,0.14732,0.16123,0.17491,0.18972,0.20552,0.22161,0.23733,0.25201,0.26396,0.27127,0.27232,0.26678,0.2551,0.24018,0.22326,0.20518,0.18667,0.16857,0.15067,0.13259,0.11596,0.10158,0.086778,0.072289,0.058658,0.046996,0.038355,0.032108,0.028167,0.025824,0.024668,0.024199,0.024202,0.024495,0.025113,0.02554,0.025368,0.024397,0.023114,0.022092,0.021335,0.020928,0.021311,0.023007,0.025946,0.029843,0.034857,0.041609,0.050035,0.05994,0.071033,0.082917,0.09523,0.10738,0.11968,0.13347,0.14934,0.164,0.17783,0.19129,0.2021,0.20933,0.21224,0.20998,0.20251,0.19027,0.17398,0.15543,0.13758,0.11965,0.10113,0.082428,0.0646,0.048088,0.03367,0.022486,0.015661,0.012251,0.010444,0.0095961,0.0093986,0.0097025,0.010518,0.011882,0.013595,0.015455,0.01697,0.017556,0.017721,0.017684,0.017564,0.017336,0.017122,0.017018,0.016997,0.017078,0.017534,0.019089
0.096653,0.11169,0.12482,0.1372,0.15038,0.16535,0.18216,0.20035,0.21937,0.23873,0.25675,0.27198,0.28293,0.28854,0.28797,0.28273,0.2723,0.25702,0.23855,0.21973,0.20167,0.18371,0.16696,0.15121,0.13377,0.11515,0.095595,0.07607,0.059758,0.046707,0.038136,0.032013,0.027669,0.023879,0.020555,0.017935,0.016058,0.014769,0.013692,0.012721,0.012162,0.011889,0.012045,0.012614,0.014066,0.016676,0.020513,0.025832,0.032934,0.041777,0.052189,0.064067,0.076863,0.08972,0.10215,0.11366,0.12422,0.13471,0.14606,0.15583,0.16403,0.17045,0.17458,0.1757,0.17314,0.1667,0.15598,0.14166,0.1248,0.1071,0.091125,0.076337,0.062228,0.049171,0.03772,0.027956,0.020368,0.015031,0.011857,0.010482,0.010063,0.010003,0.010231,0.010946,0.012311,0.014705,0.018162,0.022221,0.02607,0.028774,0.030616,0.031702,0.032181,0.032293,0.032211,0.032069,0.031791,0.031299,0.030664,0.030773
0.071097,0.080844,0.089828,0.098682,0.10872,0.12086,0.13546,0.15202,0.17042,0.19072,0.2115,0.23189,0.25126,0.26883,0.28405,0.29775,0.30749,0.31234,0.31119,0.30457,0.29384,0.27912,0.26224,0.24406,0.22262,0.1987,0.17252,0.14504,0.11971,0.09555,0.075621,0.058738,0.045749,0.035317,0.027116,0.020834,0.015939,0.012518,0.010179,0.0084111,0.0072673,0.0069408,0.0075695,0.0091424,0.012081,0.016179,0.021354,0.027764,0.035756,0.045275,0.055958,0.067508,0.079382,0.090704,0.10106,0.10978,0.11657,0.12196,0.12656,0.12923,0.13023,0.12919,0.12684,0.12221,0.11502,0.10598,0.09494,0.082581,0.069918,0.057998,0.048206,0.039809,0.032176,0.025596,0.020101,0.015726,0.012769,0.011369,0.011097,0.011592,0.012372,0.013092,0.013862,0.01495,0.016503,0.019243,0.023432,0.02887,0.034525,0.039299,0.043127,0.045952,0.047876,0.049047,0.049704,0.04998,0.049812,0.048971,0.047293,0.045611
0.053225,0.060126,0.066586,0.072772,0.079515,0.0876,0.097719,0.10994,0.12441,0.14102,0.15869,0.17685,0.1951,0.21328,0.23177,0.25312,0.27596,0.29838,0.31704,0.32985,0.33662,0.33619,0.32906,0.31548,0.29539,0.27066,0.24251,0.21293,0.18528,0.15757,0.13229,0.1081,0.086507,0.06652,0.049871,0.037281,0.027438,0.020224,0.015498,0.012033,0.0098817,0.0090261,0.0091385,0.010308,0.013007,0.016879,0.021881,0.027903,0.035112,0.043585,0.053195,0.063831,0.075036,0.085931,0.095858,0.10389,0.10958,0.11259,0.11309,0.11024,0.10451,0.096383,0.087685,0.078561,0.06923,0.060676,0.052817,0.045392,0.038701,0.033058,0.028736,0.025103,0.021925,0.0197,0.018017,0.016938,0.01641,0.016517,0.01716,0.017902,0.018491,0.018646,0.018575,0.018869,0.019776,0.022457,0.026831,0.032741,0.039363,0.045594,0.051105,0.055665,0.059251,0.061913,0.063759,0.065,0.065419,0.064614,0.06222,0.058888
0.039854,0.044689,0.049386,0.053768,0.058423,0.063939,0.071134,0.080195,0.091843,0.10637,0.12271,0.14038,0.15902,0.17832,0.19835,0.22088,0.24449,0.27049,0.29693,0.32018,0.33883,0.35117,0.3566,0.35458,0.34474,0.32795,0.30468,0.27634,0.24748,0.21817,0.19107,0.16432,0.13893,0.11355,0.090072,0.070136,0.052678,0.038924,0.029124,0.021531,0.016325,0.01353,0.012269,0.012205,0.01347,0.015758,0.018825,0.022631,0.0272,0.032518,0.038518,0.04525,0.052352,0.059589,0.066774,0.072804,0.077083,0.078916,0.078144,0.074473,0.068169,0.060487,0.053564,0.047814,0.043004,0.039461,0.036691,0.034294,0.032337,0.030648,0.029429,0.028628,0.028404,0.02936,0.030889,0.032603,0.034124,0.035175,0.03533,0.034639,0.033105,0.030945,0.02843,0.026237,0.024937,0.02616,0.029943,0.03581,0.042821,0.050005,0.056842,0.062758,0.067769,0.071736,0.074683,0.076736,0.077717,0.077081,0.074103,0.069406
0.025793,0.026955,0.028669,0.030468,0.032492,0.034975,0.038343,0.042911,0.049075,0.057684,0.068974,0.08276,0.098961,0.11682,0.13629,0.15879,0.18256,0.20814,0.23514,0.26258,0.28986,0.31491,0.33605,0.35224,0.3621,0.36505,0.35999,0.34652,0.32612,0.29924,0.26922,0.23798,0.20742,0.1762,0.14634,0.11985,0.09555,0.074569,0.057874,0.044089,0.033741,0.02807,0.024322,0.022158,0.021344,0.021241,0.021798,0.022719,0.023986,0.025513,0.027323,0.02958,0.031968,0.034337,0.03662,0.038489,0.039821,0.040251,0.039457,0.037431,0.03441,0.032122,0.031124,0.03109,0.031775,0.033751,0.036735,0.04003,0.043578,0.047587,0.05176,0.055797,0.059521,0.063598,0.066632,0.068234,0.067966,0.065728,0.061572,0.056711,0.051125,0.045116,0.03915,0.033967,0.029948,0.028626,0.030346,0.034384,0.040013,0.046222,0.052577,0.058517,0.063978,0.068453,0.072054,0.074903,0.076862,0.077312,0.075357,0.071643
0.019992,0.018994,0.01889,0.019006,0.019231,0.019699,0.020721,0.022421,0.025132,0.029351,0.03523,0.043401,0.054374,0.067814,0.083813,0.10316,0.12419,0.14689,0.17012,0.19267,0.21469,0.23606,0.25734,0.27941,0.30074,0.31966,0.33363,0.3409,0.33977,0.32951,0.31059,0.28504,0.25832,0.23117,0.20423,0.17915,0.15419,0.13029,0.10843,0.08783,0.069548,0.057452,0.048453,0.041796,0.036865,0.033157,0.030315,0.028133,0.026548,0.0253,0.024623,0.024603,0.024798,0.025113,0.02527,0.025128,0.024681,0.023919,0.02318,0.022983,0.023609,0.025332,0.028041,0.031662,0.036618,0.044066,0.053993,0.065048,0.076632,0.087847,0.097772,0.1059,0.11198,0.11659,0.11809,0.11627,0.11106,0.103,0.0926,0.081866,0.071341,0.061183,0.051657,0.043254,0.036565,0.032489,0.03112,0.032247,0.035375,0.039592,0.044599,0.050028,0.055768,0.060905,0.065269,0.068853,0.07149,0.072531,0.071148,0.067932
0.017666,0.01431,0.012532,0.011562,0.010975,0.010678,0.010792,0.01139,0.012614,0.014789,0.0182,0.023248,0.030339,0.039556,0.051306,0.066311,0.083157,0.10163,0.12072,0.13941,0.15762,0.17499,0.19247,0.21146,0.23097,0.25099,0.27109,0.28997,0.30386,0.31037,0.30811,0.29627,0.27762,0.2557,0.23338,0.21251,0.19073,0.16822,0.14552,0.12219,0.099663,0.083134,0.06907,0.057543,0.048614,0.041721,0.036423,0.032262,0.028882,0.02609,0.024144,0.023046,0.022217,0.021531,0.020762,0.020038,0.019392,0.019159,0.020255,0.023056,0.027994,0.034881,0.043283,0.053279,0.064777,0.078975,0.095642,0.11231,0.12792,0.14127,0.15175,0.15907,0.16318,0.16418,0.16094,0.15336,0.14226,0.12883,0.11332,0.098191,0.083577,0.069797,0.057104,0.046183,0.03787,0.032686,0.030456,0.030522,0.032588,0.036119,0.040931,0.046558,0.053007,0.059044,0.064278,0.068549,0.071615,0.072827,0.0714,0.067662
0.01806,0.013314,0.010762,0.0093767,0.0085873,0.0080797,0.0077534,0.0076331,0.0078347,0.0084905,0.0098431,0.012072,0.015401,0.019947,0.025981,0.034074,0.043679,0.054654,0.066543,0.078804,0.091532,0.10458,0.11885,0.13561,0.15356,0.17222,0.19094,0.21012,0.22777,0.2435,0.25669,0.26411,0.26377,0.25673,0.24495,0.23129,0.21547,0.19729,0.177,0.1553,0.13328,0.11637,0.10089,0.087083,0.075223,0.064597,0.055591,0.048134,0.042009,0.036772,0.032692,0.029847,0.027551,0.025608,0.023826,0.022639,0.022369,0.023244,0.026122,0.032587,0.044169,0.058707,0.07482,0.091944,0.10962,0.12909,0.14973,0.16901,0.18604,0.19999,0.21009,0.2163,0.21822,0.21578,0.20832,0.19575,0.1794,0.16107,0.14053,0.1208,0.10202,0.084474,0.068566,0.054784,0.043473,0.034773,0.028541,0.024779,0.023328,0.023505,0.025113,0.028002,0.032041,0.036181,0.04015,0.043781,0.046904,0.04911,0.049944,0.049866
0.020615,0.016327,0.013907,0.012308,0.011172,0.010331,0.009699,0.009299,0.0091188,0.0091407,0.0095232,0.010207,0.011514,0.013444,0.016034,0.019558,0.023997,0.029502,0.035832,0.042629,0.050145,0.058555,0.068706,0.081892,0.09718,0.11421,0.13245,0.1519,0.1712,0.19002,0.20848,0.22558,0.23906,0.24725,0.24909,0.24563,0.23711,0.22329,0.2046,0.18232,0.15806,0.13733,0.11798,0.10069,0.086204,0.072796,0.060927,0.050838,0.042632,0.036197,0.031417,0.028173,0.026065,0.024878,0.02422,0.024516,0.025914,0.029425,0.03655,0.049257,0.069566,0.092733,0.11628,0.13945,0.162,0.18501,0.20807,0.22834,0.24479,0.25637,0.2625,0.26321,0.25847,0.24825,0.23227,0.21131,0.18808,0.16519,0.14132,0.11924,0.0988,0.080249,0.06385,0.049513,0.037933,0.028858,0.022072,0.017964,0.016179,0.015765,0.016638,0.018353,0.020965,0.023825,0.026612,0.029125,0.031356,0.033216,0.034932,0.036799
0.026333,0.023106,0.02179,0.021002,0.020292,0.019627,0.018941,0.018305,0.017712,0.017097,0.016503,0.01586,0.015441,0.015358,0.015597,0.016097,0.01719,0.018829,0.021105,0.024007,0.027723,0.032339,0.038691,0.047802,0.059098,0.072697,0.088559,0.10685,0.12691,0.14855,0.17176,0.19477,0.21501,0.23113,0.24207,0.24702,0.24568,0.23729,0.22228,0.20188,0.1779,0.15464,0.13202,0.11195,0.095453,0.080394,0.067183,0.055816,0.046321,0.038831,0.033381,0.029738,0.027828,0.027337,0.027859,0.030111,0.034648,0.043161,0.057804,0.078881,0.10834,0.13939,0.16952,0.19743,0.22255,0.24511,0.26422,0.2776,0.28487,0.28543,0.27985,0.26896,0.25394,0.23485,0.21204,0.18662,0.1615,0.13933,0.11772,0.098488,0.08126,0.066115,0.053212,0.042312,0.033516,0.026564,0.02108,0.017566,0.01586,0.015399,0.016077,0.017503,0.019425,0.02134,0.023072,0.024507,0.025741,0.026782,0.027811,0.029806
0.035733,0.035353,0.036406,0.037349,0.037957,0.038308,0.0384,0.038251,0.03775,0.03679,0.035592,0.033933,0.032236,0.030698,0.029223,0.027819,0.026736,0.025891,0.025615,0.025946,0.026968,0.028684,0.031468,0.036298,0.04268,0.050656,0.06047,0.072262,0.086533,0.10396,0.12505,0.14783,0.16983,0.18918,0.20473,0.21595,0.22151,0.22024,0.2117,0.19692,0.17698,0.15484,0.1325,0.11224,0.095002,0.078952,0.064633,0.052262,0.042233,0.034692,0.029511,0.026251,0.025004,0.025756,0.028367,0.033721,0.042832,0.057732,0.080743,0.10986,0.14654,0.18376,0.21857,0.24903,0.27389,0.29247,0.30398,0.30725,0.30273,0.29099,0.27394,0.25387,0.23294,0.21066,0.1868,0.1616,0.13824,0.11915,0.10137,0.08576,0.071669,0.059215,0.048786,0.04002,0.033124,0.02762,0.023034,0.019553,0.017483,0.016616,0.016812,0.017636,0.018721,0.019878,0.020926,0.021719,0.022304,0.022694,0.023245,0.024882
0.051476,0.055781,0.059985,0.062936,0.064764,0.065686,0.065744,0.064986,0.063382,0.061018,0.058273,0.055053,0.051923,0.049366,0.046955,0.044594,0.042452,0.040641,0.039427,0.039126,0.03954,0.040663,0.042703,0.046014,0.050135,0.055321,0.061939,0.070063,0.080362,0.093827,0.11157,0.13198,0.15264,0.17076,0.18549,0.19631,0.20222,0.20248,0.1968,0.18575,0.1699,0.15078,0.13103,0.11316,0.097587,0.083089,0.070096,0.059134,0.050718,0.044609,0.040382,0.037816,0.037234,0.038809,0.042935,0.050673,0.063073,0.08185,0.10855,0.1391,0.17417,0.20701,0.2349,0.25613,0.26959,0.2742,0.27027,0.25884,0.24227,0.22285,0.20245,0.18249,0.16452,0.14701,0.12941,0.11251,0.098086,0.087433,0.078349,0.070568,0.063466,0.056689,0.050796,0.045721,0.041637,0.038236,0.035165,0.032428,0.030262,0.028923,0.028137,0.027764,0.027326,0.027154,0.026995,0.026587,0.026027,0.02525,0.024499,0.024925
0.06653,0.07429,0.080815,0.085244,0.087933,0.089249,0.089474,0.0888,0.087223,0.084975,0.082518,0.079887,0.077761,0.076403,0.075343,0.074324,0.073296,0.072186,0.071135,0.070366,0.069925,0.069711,0.069565,0.070283,0.07152,0.073162,0.075271,0.077721,0.081397,0.087324,0.096167,0.10711,0.11948,0.13129,0.14174,0.15025,0.15555,0.15686,0.15409,0.14772,0.13799,0.12533,0.11219,0.10056,0.090407,0.081127,0.072958,0.066013,0.060634,0.056535,0.053413,0.051212,0.050197,0.050978,0.054618,0.062045,0.074111,0.092052,0.11708,0.14363,0.17094,0.19429,0.21198,0.223,0.2275,0.225,0.21688,0.20475,0.19035,0.17448,0.15828,0.14259,0.12917,0.11676,0.10496,0.094102,0.08531,0.079576,0.075333,0.071915,0.06876,0.065388,0.062363,0.059597,0.057288,0.055192,0.052946,0.05069,0.048728,0.047195,0.046097,0.045487,0.044745,0.044222,0.043728,0.042933,0.041744,0.039952,0.03749,0.035679
0.09731,0.11146,0.12227,0.12906,0.13287,0.13464,0.13483,0.13383,0.13177,0.12897,0.12613,0.1235,0.12182,0.12146,0.12173,0.12206,0.12216,0.12174,0.12093,0.11969,0.11785,0.1154,0.11221,0.10881,0.10506,0.10117,0.097317,0.093648,0.091026,0.089959,0.090838,0.093488,0.097542,0.10173,0.10576,0.1093,0.11159,0.11215,0.11088,0.10813,0.10392,0.098161,0.092822,0.088824,0.085413,0.08273,0.080695,0.079296,0.078541,0.078146,0.077814,0.07754,0.077438,0.077667,0.078689,0.081344,0.0864,0.095052,0.10895,0.12281,0.13543,0.14528,0.15175,0.1547,0.1546,0.15128,0.14518,0.13745,0.12856,0.11904,0.10942,0.10031,0.092873,0.086369,0.080533,0.075704,0.071996,0.070031,0.069414,0.069395,0.069513,0.069346,0.069339,0.069419,0.06951,0.069537,0.069632,0.070112,0.070966,0.072095,0.07344,0.074602,0.074878,0.074709,0.074022,0.072556,0.070391,0.067155,0.062464,0.057234
0.065677,0.072111,0.077983,0.082551,0.086441,0.090392,0.095019,0.10065,0.1073,0.11488,0.12412,0.13371,0.14374,0.15449,0.165,0.17435,0.18311,0.19027,0.19547,0.1987,0.2002,0.20064,0.20001,0.19893,0.19692,0.19334,0.18771,0.18016,0.17038,0.15921,0.14665,0.13353,0.12125,0.10898,0.097347,0.086026,0.076026,0.069106,0.063376,0.059192,0.05679,0.055105,0.054081,0.053538,0.053466,0.054094,0.055327,0.057439,0.060541,0.06482,0.07023,0.076546,0.083766,0.090878,0.09738,0.10242,0.10607,0.10793,0.1076,0.10623,0.1038,0.10041,0.09587,0.090808,0.085994,0.081525,0.077555,0.074173,0.071378,0.069,0.066781,0.064663,0.062584,0.060743,0.059176,0.058239,0.058245,0.0591,0.060804,0.06387,0.068421,0.072722,0.076016,0.078252,0.079184,0.079052,0.077785,0.075607,0.073163,0.071783,0.071768,0.073784,0.078131,0.083183,0.087687,0.090361,0.09108,0.089047,0.083269,0.074533
0.03992,0.042262,0.045476,0.048281,0.050713,0.0531,0.055635,0.058522,0.062046,0.066391,0.072571,0.079703,0.088306,0.099472,0.11275,0.12763,0.14499,0.16395,0.18443,0.20506,0.22578,0.24603,0.26441,0.28011,0.29125,0.2956,0.29217,0.28157,0.26484,0.24376,0.21968,0.19457,0.17095,0.14853,0.128,0.10835,0.090544,0.076785,0.065155,0.056549,0.050655,0.046907,0.044651,0.043193,0.042275,0.041799,0.041509,0.041658,0.042597,0.044458,0.047112,0.050667,0.055049,0.05962,0.063694,0.066351,0.068032,0.068614,0.067468,0.065739,0.063481,0.060648,0.057108,0.053545,0.050718,0.048594,0.047206,0.046479,0.046095,0.045926,0.045868,0.046128,0.046643,0.047672,0.049513,0.053091,0.058685,0.065265,0.07264,0.081003,0.090179,0.097499,0.10279,0.10567,0.10582,0.10334,0.098334,0.091245,0.082718,0.074135,0.066895,0.062732,0.062237,0.063268,0.064621,0.065246,0.064916,0.063012,0.059084,0.054059
0.030166,0.031056,0.033451,0.035739,0.03775,0.0396,0.041386,0.043119,0.044966,0.047042,0.050019,0.053475,0.058221,0.065184,0.074324,0.085481,0.099982,0.11744,0.13858,0.16228,0.18987,0.22043,0.25148,0.28229,0.30961,0.3303,0.34189,0.34379,0.33663,0.32091,0.29771,0.26956,0.24039,0.21146,0.18374,0.15662,0.13118,0.10944,0.089658,0.073099,0.059801,0.050722,0.044945,0.04083,0.038026,0.036213,0.03493,0.034437,0.034758,0.035534,0.036597,0.038313,0.040493,0.04287,0.044647,0.045286,0.045347,0.044745,0.043542,0.042299,0.04106,0.040183,0.039393,0.038878,0.03909,0.039995,0.041653,0.043804,0.046079,0.048447,0.050765,0.053299,0.055909,0.058929,0.0629,0.06932,0.078465,0.087969,0.096872,0.10485,0.11163,0.11521,0.11674,0.11579,0.11221,0.10618,0.097695,0.087036,0.075141,0.063566,0.053897,0.047961,0.045683,0.045094,0.045019,0.044785,0.044266,0.042965,0.040761,0.038645
0.024062,0.023728,0.024937,0.026179,0.027296,0.028373,0.02942,0.030474,0.031617,0.032888,0.034407,0.035968,0.038247,0.041516,0.046153,0.052622,0.062096,0.075343,0.094097,0.11711,0.14632,0.1802,0.21669,0.25494,0.29095,0.32195,0.34416,0.35644,0.35904,0.35203,0.33588,0.31277,0.28603,0.25809,0.22982,0.20051,0.17119,0.14337,0.11647,0.092848,0.072879,0.058897,0.049035,0.041137,0.03499,0.030134,0.026186,0.023376,0.021659,0.020662,0.020205,0.020543,0.021322,0.022054,0.022525,0.02246,0.022527,0.022417,0.021944,0.021745,0.022066,0.023392,0.025812,0.02911,0.033366,0.038392,0.044133,0.050399,0.056646,0.062662,0.068374,0.073936,0.079225,0.084669,0.09106,0.10032,0.1125,0.12424,0.13462,0.14261,0.14772,0.14859,0.14792,0.1445,0.13837,0.12952,0.11785,0.10347,0.087224,0.070939,0.056813,0.046864,0.041061,0.037376,0.035035,0.033588,0.032571,0.031612,0.03062,0.030659
0.023241,0.023184,0.024442,0.025771,0.027053,0.028448,0.030156,0.03199,0.034083,0.036042,0.037448,0.038051,0.038336,0.038425,0.038887,0.039912,0.042426,0.047384,0.056739,0.070785,0.091991,0.1188,0.14891,0.18175,0.21431,0.24562,0.27197,0.29206,0.3058,0.31342,0.31453,0.30955,0.29908,0.28381,0.26405,0.23933,0.21112,0.18097,0.14947,0.11991,0.093257,0.074237,0.060404,0.049457,0.040857,0.033833,0.027915,0.023356,0.020117,0.017866,0.016339,0.015621,0.015349,0.015225,0.015238,0.015388,0.016147,0.017678,0.019577,0.021973,0.025089,0.029613,0.035808,0.043196,0.051816,0.061249,0.071527,0.082396,0.092828,0.10227,0.11052,0.11735,0.12244,0.12598,0.12893,0.1334,0.14016,0.14713,0.15326,0.15691,0.15726,0.15381,0.14987,0.14388,0.13588,0.12584,0.11359,0.09924,0.083302,0.06734,0.053487,0.042952,0.036042,0.031639,0.029065,0.027668,0.026771,0.025929,0.02516,0.025703
0.028609,0.029773,0.031943,0.034237,0.03667,0.039349,0.042296,0.045342,0.048554,0.051195,0.052322,0.051788,0.050185,0.047319,0.044323,0.041147,0.038343,0.03709,0.039172,0.045066,0.056614,0.073172,0.093392,0.1169,0.14117,0.16605,0.18852,0.20768,0.22355,0.2367,0.24658,0.25231,0.25321,0.24881,0.23854,0.22218,0.20101,0.17566,0.14728,0.11939,0.093362,0.074566,0.060305,0.04854,0.038946,0.031138,0.024751,0.019964,0.01647,0.013885,0.012066,0.011022,0.010479,0.01016,0.010428,0.011966,0.014869,0.019166,0.024674,0.031349,0.039219,0.048734,0.06051,0.073563,0.087588,0.10202,0.11696,0.13199,0.14569,0.15737,0.16688,0.17391,0.17821,0.17997,0.18056,0.18194,0.18483,0.18658,0.18512,0.18008,0.17149,0.16048,0.15138,0.14174,0.13157,0.12069,0.10874,0.095584,0.081391,0.067111,0.055026,0.045553,0.039009,0.034728,0.032062,0.030503,0.02958,0.028739,0.027766,0.027713
0.030137,0.031803,0.034228,0.036957,0.040063,0.043696,0.047905,0.052527,0.058031,0.062964,0.065923,0.066487,0.064805,0.060688,0.055028,0.047875,0.040163,0.033316,0.028861,0.027412,0.029885,0.035484,0.04478,0.058026,0.074453,0.094383,0.11471,0.13407,0.15189,0.16845,0.18313,0.19501,0.20294,0.2057,0.2022,0.19203,0.17556,0.15362,0.12794,0.10226,0.078187,0.061341,0.048419,0.037918,0.029394,0.02251,0.01709,0.013293,0.01071,0.0090082,0.008043,0.007839,0.0083534,0.0095832,0.01205,0.017164,0.02475,0.035186,0.047659,0.061256,0.075836,0.091533,0.10887,0.12642,0.14417,0.16166,0.17944,0.19692,0.21273,0.22617,0.23753,0.24604,0.25035,0.25007,0.2458,0.23783,0.22693,0.21311,0.19656,0.17906,0.16098,0.14373,0.13059,0.11856,0.10752,0.097021,0.086552,0.076022,0.065434,0.055408,0.047529,0.041449,0.03705,0.033816,0.03167,0.030357,0.029504,0.028861,0.028247,0.028255
0.030945,0.032414,0.034665,0.037531,0.041208,0.045966,0.051822,0.058747,0.067641,0.076416,0.083237,0.087512,0.088624,0.085869,0.079796,0.07069,0.059251,0.04685,0.035331,0.027092,0.023367,0.022101,0.022861,0.025917,0.031277,0.040512,0.052631,0.066184,0.080455,0.095399,0.11004,0.12296,0.13281,0.13803,0.13732,0.13097,0.11949,0.10371,0.085352,0.067603,0.051619,0.041248,0.033548,0.027358,0.022233,0.017895,0.014567,0.012313,0.010918,0.010433,0.010971,0.012571,0.015647,0.020586,0.028177,0.041192,0.057448,0.077558,0.099735,0.12203,0.14387,0.1649,0.186,0.20624,0.22559,0.24429,0.26354,0.28342,0.30176,0.31665,0.32653,0.3295,0.3241,0.31069,0.29039,0.26405,0.2342,0.20553,0.17829,0.15439,0.13202,0.1119,0.096949,0.084309,0.073853,0.065114,0.057368,0.050586,0.044258,0.038295,0.034421,0.031705,0.029853,0.028543,0.02787,0.02766,0.027658,0.027691,0.027696,0.028064
0.033505,0.035138,0.037436,0.040264,0.043969,0.048948,0.055379,0.063397,0.074347,0.085748,0.095636,0.10387,0.10876,0.10914,0.10496,0.096688,0.085024,0.071195,0.056422,0.043044,0.033009,0.025622,0.020916,0.018369,0.017531,0.018855,0.022202,0.027806,0.035239,0.044958,0.05553,0.066281,0.07583,0.082476,0.084628,0.082443,0.07627,0.067078,0.056432,0.046311,0.037492,0.031775,0.027421,0.023962,0.02118,0.018962,0.017729,0.017748,0.018856,0.021199,0.024654,0.029264,0.035685,0.044689,0.056548,0.073648,0.093042,0.11646,0.14194,0.16662,0.18998,0.21156,0.23233,0.2525,0.27282,0.29315,0.31304,0.33006,0.3417,0.34689,0.34512,0.33583,0.31846,0.29369,0.26294,0.22788,0.1921,0.16099,0.1329,0.10979,0.089565,0.072464,0.060551,0.051476,0.04472,0.039702,0.03594,0.033277,0.031136,0.029439,0.029197,0.029466,0.029749,0.029921,0.030142,0.030332,0.030378,0.030168,0.029609,0.028914
0.035497,0.036477,0.038018,0.040073,0.043022,0.047311,0.053323,0.061495,0.073574,0.087113,0.10019,0.11388,0.12466,0.13099,0.13236,0.12892,0.12118,0.10958,0.095045,0.079773,0.064739,0.050059,0.037748,0.028797,0.022591,0.018787,0.017061,0.016603,0.017198,0.019108,0.021958,0.025334,0.029002,0.032279,0.03394,0.034043,0.032759,0.030617,0.028558,0.026733,0.025328,0.024789,0.024402,0.024108,0.024193,0.024804,0.027162,0.031062,0.036517,0.043562,0.052196,0.062092,0.073947,0.088789,0.10591,0.1277,0.15089,0.17761,0.20593,0.23361,0.26048,0.28511,0.30726,0.32541,0.33865,0.34605,0.34852,0.3456,0.3371,0.32337,0.30496,0.283,0.25761,0.22888,0.19741,0.16426,0.13204,0.10481,0.08107,0.063223,0.049345,0.038827,0.03167,0.026541,0.023128,0.021007,0.019802,0.019664,0.020078,0.020801,0.022713,0.024736,0.02648,0.02784,0.028934,0.029658,0.029939,0.029692,0.028853,0.027746
0.035008,0.0362,0.037704,0.039247,0.041229,0.044101,0.048278,0.054439,0.064217,0.075916,0.088378,0.104,0.11839,0.12999,0.13761,0.14063,0.13983,0.13537,0.12768,0.11786,0.10598,0.091908,0.077332,0.063264,0.050466,0.039488,0.031009,0.02484,0.020781,0.018593,0.017064,0.01644,0.016572,0.017311,0.018006,0.018542,0.019076,0.020002,0.021422,0.02286,0.024762,0.026788,0.028721,0.030649,0.032808,0.035688,0.04127,0.049111,0.058816,0.069976,0.082575,0.096356,0.11154,0.12957,0.14926,0.17233,0.19623,0.22308,0.25162,0.27888,0.30267,0.32032,0.33139,0.33552,0.33337,0.32551,0.31344,0.29777,0.27937,0.25893,0.2367,0.21391,0.19086,0.16613,0.13996,0.11293,0.086925,0.066113,0.049514,0.038264,0.029661,0.023364,0.01919,0.016501,0.014948,0.014311,0.014406,0.015139,0.016334,0.017888,0.020326,0.022796,0.024887,0.026645,0.028092,0.029111,0.029665,0.029695,0.029178,0.028496
0.032528,0.033807,0.03525,0.036528,0.0379,0.039765,0.042524,0.046713,0.05381,0.063286,0.074529,0.09092,0.10789,0.12446,0.13971,0.15117,0.15896,0.16301,0.1636,0.16137,0.15558,0.14612,0.13371,0.11908,0.1031,0.086112,0.070291,0.056146,0.043868,0.034584,0.026903,0.020799,0.016423,0.013653,0.012525,0.012568,0.013022,0.014215,0.016296,0.018897,0.022372,0.025972,0.029656,0.033678,0.038352,0.044376,0.054221,0.067134,0.082466,0.099702,0.11823,0.13742,0.15753,0.18086,0.20543,0.23177,0.25769,0.28319,0.30482,0.31965,0.3264,0.32497,0.31631,0.30192,0.28408,0.26419,0.2429,0.22082,0.19811,0.17545,0.15313,0.13283,0.11498,0.097571,0.080341,0.063801,0.049503,0.038727,0.030008,0.023859,0.019407,0.016217,0.013942,0.012443,0.011684,0.011618,0.011871,0.012745,0.014242,0.016288,0.018832,0.021336,0.023641,0.025629,0.027271,0.028458,0.029142,0.029279,0.028836,0.028228
0.030231,0.030855,0.031768,0.032601,0.033462,0.034665,0.036541,0.039506,0.044608,0.052056,0.062474,0.079794,0.099621,0.12106,0.14338,0.16172,0.17656,0.18762,0.19468,0.19857,0.19868,0.19474,0.18673,0.17482,0.15959,0.14125,0.12175,0.10211,0.08306,0.066512,0.051345,0.0379,0.026973,0.018662,0.014018,0.011599,0.010589,0.010882,0.012499,0.015288,0.019478,0.024463,0.030022,0.036674,0.044322,0.054081,0.068332,0.085813,0.10521,0.12572,0.14663,0.16767,0.1889,0.21303,0.23766,0.26158,0.28212,0.29729,0.30464,0.30346,0.29433,0.27969,0.26122,0.24066,0.21943,0.19782,0.17558,0.15327,0.13142,0.11074,0.091624,0.075586,0.063138,0.052726,0.043764,0.036195,0.030246,0.025714,0.022006,0.019447,0.017896,0.016764,0.015658,0.014702,0.013917,0.013469,0.013174,0.013331,0.0141,0.015468,0.017725,0.020236,0.022412,0.024359,0.025999,0.027242,0.028024,0.028293,0.028089,0.027951
0.031665,0.032751,0.033855,0.034641,0.035346,0.036246,0.037724,0.040144,0.044129,0.05013,0.058757,0.073694,0.092136,0.11366,0.13846,0.16057,0.17996,0.19672,0.21049,0.22115,0.2282,0.23125,0.22951,0.22312,0.21225,0.19686,0.17834,0.15743,0.13483,0.11296,0.091398,0.070662,0.051671,0.03581,0.02603,0.019749,0.01583,0.01421,0.014861,0.017511,0.022384,0.028791,0.036531,0.046587,0.058363,0.072955,0.091656,0.11281,0.13496,0.15708,0.17864,0.19933,0.21843,0.23847,0.25642,0.26943,0.27549,0.27324,0.26321,0.24811,0.22912,0.20905,0.18823,0.16733,0.1472,0.12772,0.10826,0.089699,0.072837,0.058397,0.046746,0.038508,0.033789,0.030986,0.029628,0.028944,0.028856,0.029273,0.029833,0.030153,0.029651,0.02825,0.026119,0.023627,0.021173,0.01885,0.016501,0.014607,0.013661,0.013744,0.014595,0.015733,0.016956,0.018268,0.019521,0.020652,0.021583,0.022248,0.022756,0.023948
0.025749,0.026302,0.026971,0.027321,0.027493,0.027709,0.028244,0.029454,0.03191,0.03624,0.043391,0.056191,0.074335,0.097249,0.12506,0.15155,0.17598,0.19834,0.21887,0.23699,0.25202,0.26378,0.27072,0.27207,0.26744,0.25698,0.24148,0.2217,0.19856,0.1744,0.14905,0.12307,0.096998,0.072847,0.054755,0.040467,0.029504,0.022146,0.019035,0.019391,0.02218,0.02736,0.034776,0.045455,0.058756,0.075485,0.095441,0.11691,0.13821,0.15828,0.17648,0.19245,0.2054,0.21714,0.22543,0.22847,0.22567,0.21673,0.2029,0.18619,0.16693,0.14728,0.1277,0.10867,0.091263,0.076093,0.062596,0.051291,0.042453,0.036167,0.031825,0.029417,0.029922,0.032147,0.035372,0.039594,0.044869,0.050391,0.054959,0.057477,0.057784,0.056193,0.053053,0.048619,0.043332,0.037769,0.031918,0.026548,0.022713,0.020924,0.020186,0.020198,0.020531,0.021284,0.022266,0.02332,0.024312,0.025205,0.0261,0.027679
0.020085,0.018705,0.018061,0.017531,0.017117,0.016857,0.017009,0.01789,0.019874,0.023458,0.029383,0.039563,0.055054,0.076316,0.10302,0.12877,0.15305,0.17609,0.19773,0.21756,0.23494,0.24977,0.26073,0.26711,0.26816,0.26317,0.2526,0.23715,0.21849,0.19861,0.17725,0.15452,0.13059,0.10731,0.087832,0.07039,0.054573,0.041457,0.033206,0.030175,0.030586,0.033663,0.038829,0.046973,0.057659,0.072017,0.089189,0.10764,0.12581,0.14244,0.15714,0.16983,0.1796,0.18781,0.19288,0.19368,0.18911,0.17911,0.16452,0.14692,0.12709,0.1074,0.08904,0.073133,0.060818,0.052183,0.045713,0.041319,0.038669,0.037257,0.037339,0.03961,0.046297,0.056092,0.068102,0.081853,0.095384,0.10594,0.1126,0.11465,0.11221,0.10623,0.097745,0.086915,0.074677,0.06185,0.048982,0.037632,0.0291,0.024472,0.021789,0.020551,0.020013,0.02006,0.020487,0.021207,0.022128,0.023135,0.024383,0.026358
0.018207,0.015845,0.014413,0.013297,0.012326,0.011505,0.010936,0.010805,0.011371,0.013149,0.016888,0.02406,0.036098,0.053659,0.076868,0.10036,0.12359,0.14721,0.17093,0.19292,0.21282,0.23047,0.24464,0.25484,0.26108,0.26259,0.25915,0.25051,0.23814,0.22386,0.208,0.19064,0.17084,0.15042,0.13095,0.11117,0.090889,0.07134,0.056344,0.047344,0.041881,0.039288,0.038903,0.040994,0.045227,0.05234,0.061595,0.072413,0.083723,0.094045,0.10311,0.1108,0.11666,0.12116,0.12334,0.12243,0.11756,0.10879,0.096925,0.083578,0.069822,0.05783,0.048192,0.041411,0.03789,0.037418,0.038716,0.041297,0.045125,0.050505,0.057597,0.066865,0.081796,0.099901,0.11884,0.13721,0.15276,0.16385,0.16988,0.17005,0.1648,0.15604,0.14489,0.13051,0.11376,0.095524,0.076395,0.0583,0.043545,0.035962,0.03172,0.0295,0.028373,0.027926,0.027846,0.02808,0.028478,0.028982,0.029653,0.030583
0.021234,0.019105,0.017784,0.016736,0.015806,0.014925,0.014181,0.013608,0.013258,0.013348,0.014409,0.017033,0.022315,0.031294,0.045605,0.061939,0.079735,0.09976,0.12161,0.14297,0.16322,0.18224,0.19872,0.21218,0.22252,0.22917,0.23234,0.23185,0.22835,0.22209,0.2134,0.20245,0.18813,0.17218,0.15511,0.13649,0.11609,0.094781,0.076025,0.061776,0.05072,0.042801,0.037475,0.035063,0.034784,0.036693,0.040106,0.045127,0.050687,0.05586,0.060362,0.064293,0.067415,0.069848,0.071025,0.07053,0.067877,0.063307,0.05739,0.051007,0.045091,0.040873,0.038494,0.038105,0.040534,0.045653,0.052797,0.061628,0.072364,0.084743,0.098379,0.113,0.13209,0.15243,0.1724,0.19141,0.20723,0.21755,0.22163,0.21897,0.21058,0.19922,0.18624,0.16967,0.15025,0.12861,0.10526,0.082048,0.06234,0.051264,0.044642,0.041238,0.039386,0.038311,0.037737,0.037456,0.037181,0.036644,0.035648,0.034485
0.019302,0.01718,0.016129,0.015387,0.014727,0.014148,0.013644,0.013172,0.012697,0.012368,0.012295,0.012539,0.014051,0.017266,0.023235,0.031671,0.042843,0.057179,0.074475,0.092659,0.11101,0.12926,0.14622,0.16147,0.17516,0.18642,0.19521,0.202,0.20742,0.2101,0.20979,0.20678,0.19966,0.18908,0.17523,0.15838,0.13844,0.11629,0.095371,0.077018,0.060504,0.047028,0.037274,0.030921,0.026877,0.024925,0.024309,0.024854,0.026172,0.027632,0.029093,0.030612,0.032146,0.033822,0.035539,0.037063,0.038209,0.039106,0.039697,0.040183,0.041225,0.043622,0.047588,0.053432,0.063575,0.077442,0.093497,0.11098,0.12927,0.14741,0.16483,0.18145,0.20096,0.22013,0.23716,0.25124,0.25942,0.25998,0.25379,0.24251,0.22767,0.21243,0.19763,0.18048,0.16113,0.13971,0.1165,0.093183,0.071989,0.059007,0.051257,0.046819,0.044012,0.042297,0.041172,0.040427,0.039714,0.03857,0.036814,0.034631
0.021372,0.019886,0.019353,0.01906,0.018836,0.018789,0.018862,0.018918,0.018878,0.018686,0.018182,0.017021,0.015975,0.01555,0.016406,0.018835,0.022894,0.029166,0.03799,0.048223,0.059336,0.071506,0.08407,0.096609,0.10964,0.12222,0.13454,0.14723,0.15998,0.17119,0.17973,0.18542,0.187,0.18441,0.17729,0.16604,0.15061,0.1315,0.11156,0.091707,0.071693,0.053831,0.04028,0.031091,0.024536,0.019947,0.016836,0.015095,0.014523,0.014639,0.01496,0.015445,0.016366,0.017805,0.01991,0.022549,0.025992,0.030315,0.035323,0.040829,0.047512,0.056603,0.067665,0.081269,0.10033,0.12316,0.14722,0.17149,0.19518,0.21732,0.23721,0.25476,0.27235,0.28731,0.29712,0.29954,0.29309,0.27845,0.25921,0.23833,0.21734,0.19921,0.18379,0.16754,0.15003,0.13114,0.1107,0.089737,0.069933,0.056806,0.0482,0.04335,0.040591,0.039025,0.038103,0.037571,0.036964,0.035912,0.034141,0.0319
0.026146,0.025803,0.026225,0.02704,0.028065,0.029544,0.031241,0.032822,0.033888,0.034155,0.033328,0.030981,0.027413,0.023152,0.019247,0.017265,0.016958,0.018005,0.020575,0.024452,0.029714,0.036277,0.044158,0.053411,0.064564,0.076903,0.090703,0.10634,0.12271,0.13786,0.15052,0.16027,0.16625,0.16814,0.16547,0.15867,0.14795,0.13322,0.1163,0.09761,0.077531,0.058535,0.043177,0.031978,0.02403,0.018295,0.014411,0.012084,0.010846,0.010457,0.010463,0.010939,0.012147,0.01428,0.01748,0.021869,0.02816,0.036945,0.047594,0.059619,0.074567,0.094041,0.11508,0.13737,0.16332,0.19112,0.21839,0.24429,0.26814,0.28943,0.30674,0.319,0.3265,0.327,0.31973,0.30387,0.28055,0.25328,0.22788,0.20579,0.18529,0.16786,0.15369,0.13998,0.12594,0.11107,0.095016,0.078311,0.061697,0.049656,0.041374,0.036095,0.032784,0.030919,0.029854,0.029245,0.028749,0.027976,0.026795,0.025633
0.03449,0.036463,0.038755,0.041273,0.04409,0.047729,0.051704,0.055344,0.058082,0.059318,0.058439,0.05498,0.049064,0.041067,0.032246,0.025663,0.021095,0.017747,0.015708,0.014685,0.014728,0.015853,0.018398,0.022353,0.028186,0.035861,0.045849,0.058921,0.073805,0.088695,0.10232,0.11431,0.1235,0.12934,0.13121,0.12946,0.12413,0.11458,0.10197,0.086586,0.069441,0.053081,0.039519,0.029073,0.021053,0.015392,0.011578,0.0094372,0.0088223,0.0093178,0.010789,0.013199,0.016754,0.021896,0.028804,0.037468,0.049211,0.065198,0.084931,0.10664,0.1313,0.16021,0.18886,0.21686,0.2467,0.27682,0.3043,0.32761,0.34532,0.35614,0.35999,0.35665,0.34587,0.32756,0.30273,0.27185,0.23817,0.20613,0.17945,0.15754,0.13782,0.12163,0.10898,0.098209,0.087974,0.077826,0.067123,0.056303,0.045335,0.036708,0.03064,0.026518,0.023785,0.022058,0.021066,0.020559,0.020289,0.020061,0.019856,0.020001
0.042606,0.047384,0.052273,0.057414,0.063122,0.070257,0.078032,0.085581,0.091916,0.096204,0.097527,0.095144,0.08906,0.079745,0.068161,0.057341,0.047565,0.037784,0.028621,0.021184,0.01582,0.012188,0.010471,0.010109,0.010985,0.013184,0.017044,0.023607,0.032479,0.04298,0.05367,0.064108,0.072868,0.079313,0.082826,0.083667,0.082051,0.077107,0.069685,0.059952,0.04897,0.039075,0.031209,0.025087,0.020266,0.016653,0.014268,0.013112,0.01344,0.015467,0.019079,0.02452,0.032016,0.041816,0.053953,0.068468,0.086737,0.10991,0.13657,0.16368,0.19263,0.22521,0.25601,0.28564,0.31517,0.34061,0.35882,0.36871,0.36988,0.36304,0.34976,0.33047,0.30495,0.27507,0.24345,0.21258,0.18346,0.15603,0.133,0.11466,0.098669,0.085817,0.076228,0.06876,0.062217,0.055884,0.04917,0.042097,0.034705,0.028354,0.023601,0.020246,0.017907,0.016477,0.01563,0.015215,0.015032,0.015008,0.015193,0.016046
0.04947,0.055706,0.061784,0.068215,0.075592,0.084645,0.094602,0.10443,0.11315,0.12008,0.12401,0.12407,0.12007,0.11211,0.10101,0.089489,0.077728,0.065116,0.052269,0.040365,0.030054,0.021716,0.016164,0.013329,0.0116,0.010829,0.011223,0.013056,0.016465,0.021155,0.026904,0.033858,0.040807,0.046882,0.051212,0.053711,0.054581,0.053087,0.049746,0.044643,0.038865,0.033829,0.030111,0.02733,0.025337,0.024557,0.025103,0.026866,0.029963,0.034982,0.04227,0.051768,0.063398,0.076849,0.092025,0.1083,0.12694,0.14926,0.17474,0.20056,0.228,0.25951,0.29123,0.32004,0.34253,0.35619,0.36047,0.35548,0.34214,0.32267,0.30024,0.27583,0.24945,0.22243,0.19558,0.16846,0.14113,0.11471,0.092708,0.076338,0.063159,0.053607,0.047076,0.042754,0.039364,0.036387,0.033258,0.029931,0.026355,0.023066,0.020593,0.018893,0.017526,0.016597,0.016019,0.015784,0.015717,0.015683,0.01581,0.016628
0.064219,0.073349,0.08209,0.09104,0.10104,0.11275,0.12533,0.13782,0.14933,0.15902,0.16552,0.1679,0.16579,0.15965,0.15017,0.13942,0.12772,0.11445,0.10013,0.085939,0.072144,0.058648,0.047326,0.038775,0.031247,0.024857,0.019967,0.016676,0.015221,0.01471,0.015191,0.01664,0.018609,0.020929,0.023201,0.025418,0.027479,0.028671,0.028832,0.027991,0.026814,0.026034,0.026048,0.026672,0.028144,0.030874,0.035094,0.040796,0.04813,0.057688,0.069624,0.083691,0.0992,0.11537,0.13182,0.14805,0.16503,0.18429,0.20621,0.22822,0.25173,0.27843,0.30178,0.31799,0.32527,0.32303,0.31243,0.29505,0.27327,0.24996,0.22781,0.20629,0.18366,0.15985,0.13551,0.11111,0.087575,0.066483,0.050364,0.039348,0.03155,0.02634,0.022943,0.021093,0.020185,0.019717,0.019453,0.019301,0.018952,0.018367,0.017873,0.017557,0.017319,0.017165,0.017191,0.017322,0.017424,0.017472,0.017579,0.018283
0.067703,0.077026,0.085881,0.095114,0.10572,0.1184,0.13272,0.14768,0.16256,0.17666,0.18843,0.19673,0.20099,0.20128,0.19829,0.19379,0.18746,0.179,0.16851,0.15645,0.14335,0.1289,0.11462,0.10106,0.086253,0.070914,0.055738,0.042204,0.03272,0.025474,0.020639,0.017397,0.015353,0.013986,0.013127,0.012792,0.01298,0.013389,0.014014,0.01483,0.015954,0.017554,0.020028,0.023444,0.028207,0.034611,0.04246,0.05175,0.06268,0.075804,0.090892,0.10765,0.12526,0.14261,0.15914,0.17425,0.18831,0.20224,0.21662,0.2289,0.24042,0.25119,0.25832,0.26002,0.25516,0.24498,0.23047,0.21251,0.19214,0.17077,0.15076,0.1319,0.1131,0.09457,0.077186,0.061427,0.047076,0.035197,0.026658,0.021119,0.017229,0.01462,0.013031,0.012229,0.012003,0.012332,0.013001,0.014142,0.015365,0.016484,0.017642,0.018847,0.0199,0.020654,0.021248,0.02169,0.021919,0.021907,0.021688,0.021835
0.059349,0.066765,0.07422,0.082231,0.091976,0.10411,0.11851,0.1344,0.15119,0.16865,0.18518,0.19932,0.21045,0.21824,0.22248,0.22491,0.22516,0.22329,0.21879,0.21182,0.20243,0.19012,0.17626,0.16093,0.14242,0.12158,0.099221,0.076979,0.059204,0.044114,0.033659,0.026215,0.020989,0.016777,0.013753,0.011858,0.010884,0.010698,0.011107,0.012151,0.014083,0.016616,0.020107,0.024727,0.031311,0.040129,0.050658,0.062689,0.076455,0.092315,0.10977,0.12831,0.14691,0.16426,0.17983,0.19275,0.20281,0.21037,0.2163,0.21888,0.21937,0.21815,0.21531,0.20977,0.20064,0.18826,0.17252,0.15401,0.13395,0.11385,0.096197,0.080953,0.066974,0.054394,0.043315,0.033897,0.026037,0.019898,0.015784,0.013275,0.011478,0.010251,0.0094759,0.0091479,0.0091738,0.0099442,0.011313,0.013493,0.016324,0.019053,0.021702,0.024237,0.026281,0.02774,0.028729,0.029311,0.029457,0.029075,0.028231,0.027732
0.051688,0.057557,0.063561,0.069721,0.076959,0.086059,0.097338,0.1106,0.12566,0.14243,0.15959,0.17615,0.19168,0.20581,0.21874,0.23213,0.24384,0.25359,0.26015,0.26208,0.25941,0.25189,0.24059,0.22567,0.20629,0.18356,0.15834,0.1319,0.1089,0.086796,0.068105,0.052324,0.040252,0.030381,0.022926,0.017757,0.014317,0.012335,0.011558,0.011859,0.013473,0.016245,0.020153,0.025418,0.033465,0.043617,0.055458,0.068646,0.083402,0.099753,0.117,0.13469,0.15177,0.16684,0.17923,0.18813,0.19304,0.19432,0.19272,0.18779,0.18046,0.17111,0.16103,0.14958,0.13644,0.12287,0.10869,0.094118,0.080277,0.0681,0.058352,0.050401,0.04337,0.037436,0.032188,0.027713,0.024015,0.02164,0.020153,0.019198,0.0185,0.017497,0.016313,0.015311,0.014604,0.014759,0.015483,0.017048,0.019381,0.021911,0.024591,0.027282,0.029621,0.031489,0.032859,0.033797,0.034271,0.034151,0.033449,0.032781
0.040986,0.046404,0.051501,0.056034,0.060655,0.06586,0.072109,0.079842,0.089544,0.10165,0.11536,0.13003,0.14561,0.16179,0.17909,0.19955,0.22168,0.24654,0.27103,0.29071,0.30383,0.30879,0.30566,0.29426,0.27534,0.25124,0.22408,0.19548,0.17011,0.14441,0.12051,0.097816,0.077992,0.05983,0.045449,0.03481,0.02673,0.020958,0.017362,0.015486,0.015245,0.016678,0.019644,0.024511,0.032406,0.042079,0.05298,0.065016,0.07852,0.093341,0.10895,0.1249,0.14051,0.15441,0.16589,0.17364,0.17718,0.1764,0.17162,0.16252,0.14977,0.13432,0.11896,0.10377,0.088731,0.075942,0.065103,0.055725,0.048014,0.041762,0.037121,0.033492,0.030506,0.028906,0.028254,0.028391,0.029087,0.030051,0.03065,0.030518,0.02948,0.027412,0.0247,0.021909,0.019464,0.018467,0.018287,0.019252,0.02126,0.023791,0.026811,0.030014,0.032967,0.035438,0.037386,0.038847,0.039692,0.039726,0.0388,0.037622
0.031387,0.034924,0.03834,0.04128,0.044157,0.047417,0.05146,0.056617,0.063351,0.07237,0.083749,0.097415,0.11311,0.13061,0.15045,0.17405,0.19945,0.22821,0.25963,0.29033,0.31721,0.33716,0.34865,0.35034,0.34209,0.32489,0.30027,0.27142,0.24424,0.21585,0.18803,0.15985,0.13327,0.10705,0.083745,0.064679,0.048774,0.036896,0.028752,0.023137,0.019813,0.018886,0.019772,0.022634,0.028085,0.035044,0.043126,0.052006,0.062042,0.073116,0.084786,0.096924,0.10904,0.12006,0.12931,0.13539,0.13781,0.13596,0.12987,0.11989,0.10667,0.091917,0.0782,0.066082,0.056339,0.049911,0.045983,0.043064,0.041027,0.039762,0.039549,0.040174,0.041602,0.044922,0.048988,0.05315,0.056791,0.059081,0.059157,0.057002,0.052863,0.046921,0.040028,0.033241,0.027326,0.024097,0.022132,0.021473,0.021965,0.023249,0.025292,0.027692,0.03008,0.032341,0.034371,0.036229,0.037743,0.038722,0.038908,0.039325
0.027387,0.028988,0.030811,0.032328,0.033679,0.035157,0.037085,0.039787,0.043795,0.049822,0.057912,0.068816,0.082885,0.099816,0.11982,0.14408,0.17055,0.19998,0.23082,0.26053,0.2884,0.3128,0.33213,0.34462,0.34914,0.34537,0.33296,0.3126,0.28858,0.26104,0.23223,0.20243,0.17418,0.14594,0.11996,0.097468,0.077153,0.05991,0.046504,0.036101,0.028903,0.025515,0.024248,0.025024,0.027492,0.030889,0.034926,0.03941,0.044305,0.049468,0.054666,0.059949,0.065224,0.07018,0.074546,0.077333,0.078386,0.077154,0.073378,0.067382,0.05968,0.05268,0.048014,0.045066,0.043711,0.044911,0.048026,0.052029,0.056692,0.062037,0.068181,0.074736,0.081468,0.089787,0.097276,0.10285,0.10574,0.10532,0.10121,0.094014,0.084288,0.072672,0.060287,0.048574,0.038344,0.03204,0.027954,0.026175,0.026008,0.02676,0.028113,0.029934,0.031923,0.033836,0.035621,0.037406,0.039062,0.040316,0.040982,0.042056
0.024257,0.023596,0.023365,0.023034,0.022535,0.022032,0.021744,0.021886,0.022771,0.024873,0.028628,0.034772,0.043913,0.056113,0.072042,0.092174,0.11493,0.14073,0.16783,0.19397,0.21863,0.24096,0.26099,0.27914,0.294,0.30472,0.30934,0.30674,0.29813,0.28304,0.26248,0.23898,0.21558,0.19107,0.16721,0.14487,0.12292,0.10196,0.082904,0.065465,0.051103,0.042769,0.037372,0.034203,0.032764,0.03232,0.032463,0.03312,0.034264,0.035659,0.037228,0.038974,0.040742,0.04231,0.043721,0.04446,0.044794,0.044525,0.043583,0.042632,0.042521,0.043411,0.045287,0.048345,0.052938,0.060562,0.071243,0.083921,0.09766,0.11128,0.12398,0.1351,0.14437,0.15303,0.15871,0.16076,0.15898,0.15314,0.14327,0.13061,0.11554,0.098835,0.081402,0.064865,0.050306,0.040549,0.033763,0.029381,0.027226,0.026428,0.02687,0.028218,0.030368,0.032614,0.034826,0.03697,0.038986,0.040631,0.041612,0.042692
0.025452,0.022753,0.020731,0.019,0.017444,0.016076,0.014952,0.014169,0.013948,0.014647,0.016511,0.020161,0.025958,0.033931,0.044761,0.059172,0.076329,0.096325,0.11768,0.13853,0.15833,0.17637,0.19297,0.20885,0.22339,0.23629,0.24635,0.25267,0.25473,0.25145,0.2426,0.22924,0.21464,0.19913,0.18295,0.16659,0.14901,0.13015,0.11083,0.091159,0.072668,0.059991,0.050096,0.043025,0.038137,0.034453,0.031804,0.029971,0.028987,0.028412,0.028235,0.028425,0.02883,0.029252,0.029608,0.029904,0.030373,0.03127,0.032878,0.036096,0.041311,0.047661,0.055256,0.064263,0.075288,0.090258,0.10848,0.12725,0.14542,0.16204,0.17643,0.18848,0.19818,0.20623,0.21074,0.21096,0.20635,0.19743,0.18426,0.16878,0.15105,0.13164,0.11171,0.092244,0.07411,0.059647,0.048344,0.040265,0.035247,0.03224,0.03109,0.031455,0.03308,0.035019,0.036971,0.038789,0.040327,0.041348,0.04166,0.042053
0.025527,0.022089,0.019717,0.017865,0.016214,0.014736,0.013371,0.01223,0.011475,0.011318,0.011849,0.013438,0.016248,0.020218,0.025758,0.033308,0.042758,0.054521,0.06809,0.082426,0.09706,0.1115,0.1263,0.14236,0.15852,0.1741,0.18814,0.19993,0.20896,0.21473,0.21598,0.21303,0.20736,0.19949,0.18936,0.1775,0.16365,0.14715,0.12852,0.10831,0.087952,0.072431,0.05909,0.048628,0.041048,0.035228,0.030835,0.027646,0.025391,0.023973,0.023142,0.022769,0.022651,0.022862,0.023324,0.024236,0.02594,0.028675,0.033035,0.040689,0.052359,0.066398,0.081937,0.098308,0.1158,0.1362,0.15887,0.18135,0.20279,0.22215,0.23867,0.25157,0.2603,0.26487,0.26373,0.25652,0.24415,0.22844,0.20889,0.18811,0.16609,0.14339,0.12111,0.099614,0.079796,0.063004,0.049124,0.03859,0.031991,0.028061,0.026066,0.025625,0.02621,0.027255,0.028443,0.029586,0.030629,0.031358,0.031746,0.032845
0.026198,0.022845,0.02089,0.019457,0.018206,0.017033,0.015935,0.014982,0.014265,0.013719,0.013518,0.013707,0.014296,0.015245,0.016718,0.018844,0.02171,0.025582,0.03056,0.036516,0.043356,0.051007,0.060056,0.071326,0.084084,0.09788,0.11198,0.12575,0.13906,0.15185,0.16339,0.17231,0.17846,0.18178,0.18124,0.17718,0.16956,0.15748,0.14132,0.12223,0.10158,0.084129,0.068276,0.054923,0.044818,0.036699,0.030789,0.026561,0.02364,0.021768,0.020911,0.020722,0.021109,0.022175,0.02405,0.02697,0.03128,0.037979,0.048131,0.064179,0.086955,0.11217,0.13766,0.16286,0.18779,0.21439,0.2418,0.26695,0.28828,0.30434,0.31453,0.31838,0.31579,0.30685,0.29136,0.27034,0.24635,0.22273,0.19815,0.17457,0.15154,0.12922,0.10871,0.089922,0.073133,0.05869,0.046301,0.036423,0.030143,0.025958,0.02386,0.023303,0.02361,0.024316,0.025163,0.025982,0.026642,0.02701,0.027169,0.027925
0.02968,0.027778,0.027188,0.026659,0.02599,0.025193,0.02429,0.023332,0.022364,0.021509,0.020811,0.02007,0.019411,0.018849,0.018304,0.017764,0.017382,0.017458,0.01843,0.020237,0.022909,0.026309,0.03089,0.03753,0.046006,0.056081,0.067622,0.080116,0.093798,0.1086,0.1233,0.13644,0.14659,0.15331,0.15659,0.15707,0.15414,0.14674,0.13501,0.11966,0.10187,0.085113,0.069294,0.055844,0.045468,0.036775,0.029972,0.025011,0.021676,0.019614,0.018692,0.018726,0.019661,0.021832,0.025265,0.030677,0.038749,0.051181,0.069403,0.094957,0.12782,0.16192,0.19504,0.22604,0.25494,0.2826,0.30791,0.32818,0.34216,0.34894,0.34845,0.341,0.3275,0.30811,0.28369,0.25543,0.22751,0.20312,0.17927,0.15692,0.13561,0.11559,0.098065,0.082358,0.06874,0.057183,0.046954,0.038559,0.032574,0.028337,0.025854,0.024836,0.02458,0.02492,0.025477,0.025885,0.026088,0.026011,0.02574,0.026129
0.034103,0.033503,0.034192,0.034787,0.034969,0.034747,0.034141,0.033288,0.03216,0.030765,0.02922,0.027424,0.025655,0.024049,0.02244,0.020818,0.019507,0.018618,0.018365,0.018667,0.019689,0.021298,0.02368,0.027661,0.032951,0.039527,0.047623,0.057352,0.069419,0.083797,0.10015,0.11685,0.13199,0.14397,0.15239,0.15728,0.15782,0.15324,0.14361,0.12986,0.11303,0.095392,0.078296,0.063902,0.052694,0.042955,0.035043,0.029074,0.024921,0.022387,0.021374,0.021502,0.022996,0.026008,0.031243,0.039597,0.052234,0.071025,0.097284,0.13063,0.17101,0.21135,0.24881,0.28164,0.30863,0.32944,0.3432,0.34871,0.34622,0.33605,0.31944,0.298,0.27408,0.24802,0.22162,0.19575,0.17228,0.15265,0.13409,0.11716,0.1014,0.086949,0.074834,0.064404,0.055667,0.04815,0.04148,0.035833,0.031958,0.029334,0.02767,0.026918,0.026512,0.026488,0.026472,0.026302,0.026096,0.025774,0.025242,0.025387
0.042421,0.044258,0.046795,0.048768,0.049912,0.050361,0.050161,0.049488,0.04842,0.046881,0.04516,0.043205,0.041298,0.039668,0.038115,0.03651,0.035056,0.034092,0.033753,0.033866,0.034533,0.035623,0.037124,0.039582,0.042617,0.046112,0.050299,0.05506,0.061306,0.069821,0.080428,0.092139,0.10352,0.11318,0.12057,0.12543,0.12691,0.12465,0.1186,0.10935,0.097658,0.084569,0.071876,0.061406,0.053226,0.046411,0.04107,0.037193,0.034806,0.033652,0.033597,0.03478,0.037523,0.042197,0.049736,0.061765,0.079525,0.10378,0.13577,0.17318,0.2145,0.25234,0.28385,0.3074,0.32245,0.32838,0.32559,0.31513,0.29881,0.27837,0.25601,0.23382,0.21411,0.19532,0.17687,0.15856,0.14194,0.12857,0.11638,0.10499,0.093993,0.083694,0.075099,0.0679,0.06211,0.057283,0.052971,0.049232,0.046342,0.044073,0.042474,0.041379,0.040092,0.039129,0.038239,0.037196,0.035992,0.034556,0.032817,0.031577
0.058051,0.063515,0.068554,0.072268,0.074718,0.076151,0.076739,0.07666,0.075897,0.074495,0.072836,0.070966,0.06943,0.068516,0.067801,0.066936,0.065824,0.064469,0.06338,0.062607,0.06217,0.061872,0.061519,0.0618,0.062051,0.062287,0.062896,0.063565,0.065224,0.068606,0.073679,0.080038,0.087155,0.094214,0.10064,0.10599,0.10937,0.11036,0.10847,0.10435,0.098078,0.089933,0.081772,0.07507,0.069478,0.064571,0.060618,0.057716,0.056136,0.055779,0.056739,0.058945,0.06284,0.069069,0.078804,0.093331,0.1128,0.13727,0.16805,0.20027,0.23094,0.25489,0.26998,0.27568,0.27232,0.26008,0.24149,0.22033,0.19982,0.18116,0.16481,0.15016,0.13741,0.12529,0.1136,0.10257,0.092927,0.085629,0.080114,0.075641,0.071506,0.067668,0.06478,0.062543,0.060935,0.059729,0.058597,0.057656,0.056961,0.056533,0.056517,0.056692,0.056479,0.05624,0.055754,0.05479,0.053248,0.050775,0.047294,0.043545
0.088974,0.099925,0.10797,0.11272,0.11504,0.11583,0.11555,0.11465,0.11325,0.11165,0.11049,0.10981,0.11018,0.11174,0.1136,0.11534,0.11657,0.11703,0.11667,0.11528,0.11301,0.10988,0.10578,0.10139,0.09667,0.091667,0.08657,0.081596,0.077664,0.075389,0.07451,0.07503,0.076651,0.078649,0.080869,0.083201,0.085052,0.086262,0.086659,0.086662,0.086128,0.084791,0.083862,0.08386,0.084184,0.084801,0.085711,0.08684,0.088322,0.089989,0.091536,0.093005,0.094591,0.096447,0.099573,0.10485,0.11236,0.12212,0.13569,0.1488,0.15997,0.16779,0.17179,0.17229,0.16958,0.16394,0.15598,0.14648,0.13623,0.12581,0.11568,0.10636,0.098792,0.092491,0.086933,0.082407,0.079015,0.076952,0.075991,0.075344,0.074895,0.074221,0.07414,0.074613,0.075585,0.076561,0.077455,0.078473,0.079664,0.081027,0.082434,0.083524,0.083747,0.083529,0.082703,0.081088,0.07856,0.074604,0.068767,0.061808
0.065723,0.073611,0.080242,0.084754,0.087989,0.090908,0.094123,0.098102,0.10307,0.10896,0.11642,0.12382,0.13117,0.13899,0.14674,0.15439,0.16275,0.17094,0.17833,0.18444,0.18891,0.1921,0.19403,0.1947,0.19381,0.1906,0.18488,0.17645,0.16565,0.15246,0.13729,0.12147,0.10696,0.093468,0.081549,0.070796,0.061877,0.055843,0.051318,0.048458,0.046988,0.046462,0.046804,0.048005,0.049992,0.052857,0.056549,0.061481,0.067573,0.074626,0.082164,0.089892,0.097692,0.105,0.11126,0.11578,0.11901,0.1207,0.12051,0.11932,0.11708,0.11356,0.1084,0.10247,0.09656,0.090901,0.085692,0.080908,0.076556,0.072687,0.069247,0.066159,0.063441,0.061278,0.059746,0.059438,0.06028,0.062309,0.065698,0.071117,0.078318,0.085066,0.090271,0.093955,0.095696,0.095616,0.093617,0.090097,0.085756,0.081741,0.078398,0.076565,0.077924,0.080249,0.082543,0.084005,0.084071,0.081795,0.076393,0.068873
0.042502,0.045561,0.048838,0.051098,0.052687,0.054252,0.056048,0.058285,0.06111,0.064712,0.070244,0.076679,0.08428,0.093953,0.10536,0.11862,0.13489,0.15293,0.1729,0.19304,0.2126,0.2302,0.24436,0.25457,0.25954,0.25793,0.24974,0.23639,0.21913,0.19932,0.17789,0.15615,0.1364,0.11782,0.10112,0.085557,0.072248,0.062122,0.053723,0.047536,0.043497,0.041009,0.039678,0.039223,0.039916,0.04174,0.044365,0.047747,0.05186,0.056687,0.06197,0.067562,0.073363,0.078839,0.083361,0.086198,0.087929,0.08833,0.087101,0.085365,0.082924,0.079593,0.075203,0.070832,0.067203,0.064071,0.061603,0.059496,0.057693,0.056188,0.054928,0.054062,0.053707,0.054176,0.055779,0.059545,0.065314,0.072777,0.082044,0.093586,0.10723,0.11912,0.12794,0.1333,0.1348,0.13259,0.12663,0.11741,0.10548,0.092605,0.080634,0.071851,0.067238,0.064373,0.062603,0.061032,0.059141,0.056447,0.052465,0.048195
0.030694,0.031276,0.032702,0.0338,0.034517,0.035064,0.03562,0.036318,0.037351,0.038994,0.042039,0.045777,0.050755,0.057651,0.066723,0.078444,0.094151,0.11352,0.13743,0.16403,0.19325,0.22299,0.25088,0.2758,0.29484,0.30563,0.30687,0.29877,0.28292,0.26133,0.23516,0.20684,0.17933,0.15324,0.12967,0.10731,0.087444,0.070953,0.05681,0.046111,0.038734,0.034659,0.032933,0.03232,0.032883,0.034276,0.036067,0.038244,0.040757,0.043395,0.046031,0.048928,0.052035,0.054949,0.0571,0.058084,0.058753,0.058959,0.058325,0.057727,0.057035,0.056509,0.055836,0.055495,0.055634,0.055954,0.056657,0.057497,0.058405,0.059434,0.060422,0.061601,0.063062,0.065257,0.069236,0.076795,0.087706,0.10093,0.11586,0.13234,0.14956,0.1633,0.17282,0.17748,0.1769,0.17122,0.16023,0.14446,0.12484,0.10392,0.084249,0.068674,0.058777,0.052053,0.047878,0.045246,0.043202,0.041145,0.038795,0.036971
0.02498,0.024734,0.025753,0.026735,0.027477,0.028083,0.028693,0.029495,0.03059,0.031932,0.0337,0.03544,0.037655,0.040867,0.045246,0.051385,0.060231,0.072522,0.090825,0.11364,0.14193,0.17299,0.20431,0.23515,0.26204,0.2826,0.29461,0.29759,0.29193,0.27913,0.26013,0.23716,0.21278,0.18817,0.16399,0.13937,0.11569,0.094124,0.074299,0.057589,0.044181,0.035643,0.030676,0.027624,0.026122,0.025599,0.025691,0.026306,0.027475,0.028996,0.030453,0.031834,0.033046,0.033905,0.034245,0.034197,0.034448,0.034612,0.034653,0.035128,0.036189,0.038003,0.040865,0.045039,0.050501,0.056787,0.063372,0.069728,0.075355,0.080269,0.084547,0.08852,0.092216,0.096066,0.10155,0.1112,0.12452,0.13998,0.15707,0.17403,0.18935,0.1996,0.20524,0.20543,0.20027,0.19018,0.17507,0.15534,0.13201,0.10753,0.084965,0.06703,0.055114,0.046836,0.041421,0.038056,0.0357,0.033748,0.031944,0.031184
0.023146,0.022717,0.023549,0.024377,0.02502,0.025574,0.026158,0.026812,0.02759,0.028309,0.028881,0.029073,0.029375,0.029751,0.030401,0.031882,0.035033,0.040949,0.052383,0.068749,0.091351,0.11823,0.1474,0.17801,0.20652,0.23174,0.25086,0.26262,0.26718,0.26531,0.2575,0.24458,0.22786,0.20889,0.18791,0.16421,0.13939,0.11441,0.089681,0.067529,0.048943,0.0367,0.029047,0.023801,0.020219,0.017907,0.016454,0.015758,0.015615,0.015894,0.016476,0.017246,0.018207,0.019393,0.020801,0.022631,0.024905,0.027208,0.029789,0.033031,0.037199,0.042894,0.050825,0.060732,0.072168,0.08434,0.096739,0.10864,0.11911,0.12778,0.13462,0.13979,0.14325,0.14555,0.14817,0.15426,0.16448,0.1777,0.19122,0.20181,0.20808,0.20888,0.2066,0.20032,0.1906,0.17783,0.16169,0.14257,0.12115,0.099295,0.079669,0.064027,0.05273,0.044649,0.039409,0.036346,0.034394,0.032936,0.031796,0.032098
0.020848,0.020293,0.021013,0.022133,0.023526,0.025218,0.027187,0.02927,0.031474,0.033356,0.034257,0.034091,0.03336,0.032003,0.030263,0.028539,0.027366,0.027638,0.03139,0.038903,0.051672,0.068482,0.08824,0.11039,0.13245,0.15376,0.17186,0.18553,0.19443,0.1991,0.19951,0.19603,0.1889,0.17879,0.16577,0.14914,0.12989,0.10865,0.0864,0.065767,0.047805,0.036145,0.028345,0.02271,0.018595,0.015511,0.013227,0.011766,0.010942,0.010555,0.010586,0.011011,0.01203,0.01362,0.016248,0.020782,0.02669,0.033311,0.040606,0.04902,0.058745,0.070693,0.085769,0.10267,0.12053,0.13856,0.15617,0.17255,0.18632,0.19681,0.20418,0.20851,0.20978,0.20889,0.20784,0.20953,0.21291,0.21483,0.21379,0.21016,0.20471,0.19767,0.19113,0.18321,0.17393,0.1631,0.15031,0.13547,0.11887,0.10149,0.086025,0.073253,0.063587,0.056095,0.050978,0.047825,0.045606,0.043684,0.041784,0.040465
0.019698,0.019163,0.020017,0.021351,0.022994,0.025007,0.02745,0.030253,0.033669,0.036948,0.0391,0.039618,0.03896,0.036993,0.033938,0.030037,0.025823,0.022189,0.020353,0.020943,0.024675,0.031456,0.041736,0.055608,0.071673,0.089996,0.10765,0.12292,0.13534,0.14516,0.15184,0.15519,0.15506,0.15133,0.14339,0.1309,0.11485,0.096006,0.075877,0.057339,0.041412,0.031149,0.023792,0.01825,0.014097,0.011037,0.008979,0.007787,0.0072822,0.007379,0.0081603,0.0097042,0.012262,0.015964,0.021026,0.029081,0.038839,0.050266,0.063008,0.076699,0.09134,0.10759,0.12625,0.14606,0.16603,0.18557,0.20429,0.2217,0.2371,0.25037,0.26142,0.26936,0.27275,0.27198,0.26754,0.26017,0.24938,0.23602,0.22079,0.20681,0.19357,0.18069,0.16984,0.15921,0.14908,0.13905,0.12828,0.1167,0.1044,0.091932,0.082124,0.074592,0.068898,0.064291,0.060961,0.058774,0.057012,0.055023,0.052206,0.048611
0.016846,0.015699,0.01605,0.017064,0.018664,0.020902,0.023906,0.027606,0.032597,0.037725,0.041779,0.044467,0.045651,0.044856,0.042098,0.037725,0.032314,0.026618,0.02177,0.018782,0.017792,0.017974,0.019533,0.023088,0.028633,0.037347,0.047752,0.058229,0.067927,0.076963,0.084676,0.090631,0.094129,0.094638,0.091538,0.084879,0.075271,0.063561,0.051133,0.039823,0.030306,0.023956,0.019184,0.015415,0.012564,0.010498,0.0091997,0.0087558,0.0091871,0.010669,0.013547,0.017478,0.02302,0.030233,0.039487,0.053126,0.0689,0.087191,0.10692,0.12693,0.14688,0.16702,0.18833,0.21007,0.23221,0.25505,0.27928,0.30303,0.32363,0.33856,0.34702,0.348,0.3406,0.32562,0.30457,0.27845,0.24879,0.21964,0.19332,0.17356,0.15672,0.14208,0.13073,0.1208,0.11211,0.10434,0.096954,0.089964,0.083077,0.076561,0.072325,0.069439,0.067538,0.06598,0.06489,0.064072,0.063129,0.061508,0.058488,0.053842
0.01514,0.013349,0.013293,0.014004,0.015365,0.017531,0.020683,0.025123,0.03201,0.04012,0.047785,0.054772,0.059853,0.062267,0.061688,0.058456,0.052989,0.045798,0.037972,0.030832,0.0254,0.021185,0.01845,0.016902,0.016276,0.017399,0.020288,0.024326,0.02906,0.034544,0.039674,0.044491,0.048468,0.050819,0.05066,0.048272,0.044328,0.039352,0.034139,0.029322,0.02523,0.022673,0.020638,0.018928,0.017682,0.017021,0.017437,0.019246,0.022443,0.027078,0.033013,0.04013,0.048769,0.058867,0.070673,0.087622,0.10676,0.12902,0.15292,0.17675,0.20058,0.22503,0.25214,0.28122,0.31058,0.33733,0.36,0.37665,0.38573,0.38643,0.37891,0.36353,0.34064,0.31122,0.27699,0.23955,0.20214,0.17005,0.14294,0.12329,0.10706,0.09345,0.083338,0.075371,0.069111,0.064304,0.060297,0.0572,0.05434,0.051792,0.051188,0.051381,0.051788,0.052165,0.052646,0.052999,0.052917,0.052003,0.049691,0.045974
0.018462,0.016166,0.015472,0.015711,0.01663,0.018477,0.02157,0.026214,0.03374,0.042886,0.052461,0.063104,0.072185,0.078571,0.08138,0.080445,0.076313,0.069478,0.060661,0.051294,0.041833,0.032909,0.025586,0.020631,0.017153,0.014809,0.013429,0.012902,0.012933,0.013594,0.014307,0.015702,0.017845,0.020076,0.021569,0.022508,0.022981,0.023187,0.023453,0.023842,0.024455,0.025332,0.026128,0.027012,0.028194,0.030207,0.034542,0.041091,0.049406,0.059209,0.070152,0.081735,0.094152,0.1078,0.12279,0.14301,0.16478,0.18972,0.21737,0.24763,0.27984,0.3109,0.33891,0.36168,0.37783,0.38664,0.38853,0.38347,0.37133,0.35252,0.32812,0.29984,0.26926,0.23599,0.20126,0.16624,0.13321,0.10551,0.082407,0.066694,0.055224,0.046528,0.040416,0.03611,0.033056,0.031124,0.030102,0.030135,0.03104,0.032544,0.035171,0.038014,0.040678,0.04304,0.045081,0.046508,0.047153,0.046743,0.04495,0.041843
0.020836,0.019474,0.019256,0.019521,0.020196,0.021482,0.023655,0.027108,0.03308,0.040854,0.049681,0.061554,0.072882,0.082363,0.088991,0.092184,0.092274,0.08934,0.08394,0.077156,0.06884,0.059265,0.049503,0.040275,0.032084,0.02493,0.019413,0.015272,0.012216,0.010343,0.0088582,0.008375,0.0090459,0.010385,0.011721,0.013404,0.01556,0.018512,0.022032,0.025766,0.030114,0.034073,0.037712,0.041324,0.045237,0.050039,0.058088,0.068904,0.081597,0.095536,0.11001,0.12445,0.13917,0.15501,0.17173,0.19324,0.21759,0.24725,0.27985,0.31053,0.33671,0.35578,0.36762,0.37195,0.36897,0.35901,0.34309,0.32271,0.29885,0.27279,0.24589,0.21936,0.19374,0.16695,0.13913,0.11066,0.083545,0.061683,0.045405,0.03572,0.029134,0.02425,0.020789,0.018612,0.017387,0.017067,0.017489,0.018886,0.020983,0.023584,0.027244,0.030943,0.034345,0.037257,0.039707,0.041492,0.042479,0.042471,0.041185,0.038674
0.023164,0.022919,0.023157,0.023495,0.023951,0.024692,0.025926,0.027936,0.031743,0.037349,0.044881,0.056827,0.069521,0.081769,0.092618,0.1004,0.1054,0.10752,0.10707,0.10461,0.099793,0.092675,0.083647,0.073329,0.062334,0.050927,0.040355,0.031108,0.023278,0.017532,0.012988,0.0099563,0.0084227,0.0081488,0.0087482,0.010427,0.013599,0.018246,0.023951,0.030359,0.037631,0.044413,0.050889,0.057766,0.065344,0.074628,0.088564,0.10567,0.12455,0.14436,0.16439,0.18433,0.20432,0.22616,0.24901,0.27485,0.29978,0.32264,0.34067,0.35218,0.35626,0.35247,0.34158,0.32484,0.30435,0.28158,0.25755,0.23363,0.20978,0.18598,0.16235,0.14057,0.12156,0.10258,0.083816,0.065657,0.049797,0.038195,0.029729,0.024626,0.021403,0.01888,0.016796,0.01534,0.014419,0.014009,0.014044,0.014725,0.015857,0.017503,0.020216,0.023245,0.026138,0.028794,0.031124,0.03291,0.03404,0.034444,0.033982,0.032877
0.027566,0.028599,0.029496,0.029961,0.030138,0.030263,0.030635,0.031549,0.033635,0.037018,0.042607,0.054034,0.068047,0.083266,0.098844,0.11197,0.12271,0.13075,0.13595,0.13892,0.13912,0.13639,0.13071,0.12221,0.11128,0.098051,0.083792,0.069123,0.054793,0.042591,0.03178,0.0228,0.016297,0.012187,0.01067,0.011181,0.013559,0.018203,0.025107,0.03402,0.044965,0.055818,0.066521,0.077949,0.089897,0.10372,0.12207,0.14316,0.16544,0.18814,0.21091,0.23369,0.25633,0.28025,0.30303,0.3227,0.33628,0.34247,0.34051,0.33136,0.31494,0.29334,0.26916,0.24503,0.22221,0.20015,0.17754,0.15514,0.13315,0.11226,0.092868,0.076583,0.06467,0.054588,0.046004,0.038523,0.032851,0.02868,0.025406,0.023431,0.021966,0.02045,0.018639,0.016874,0.015275,0.013889,0.012644,0.011925,0.011498,0.011474,0.012244,0.013575,0.01517,0.016864,0.018537,0.019972,0.021115,0.022023,0.022775,0.023803
0.030976,0.032525,0.033523,0.033849,0.033646,0.033161,0.032649,0.032351,0.032599,0.033989,0.037411,0.045995,0.058344,0.073716,0.091467,0.1074,0.12145,0.13346,0.14336,0.15126,0.15683,0.1599,0.15964,0.15605,0.14925,0.1388,0.12535,0.10918,0.091329,0.074366,0.058256,0.043566,0.031329,0.022744,0.018302,0.016553,0.017131,0.020601,0.027003,0.036354,0.048492,0.061431,0.075067,0.090416,0.10667,0.12538,0.14816,0.17314,0.19865,0.22367,0.24759,0.26976,0.28942,0.30779,0.32181,0.32886,0.32741,0.31656,0.29786,0.27527,0.25076,0.22719,0.2039,0.18118,0.15958,0.13915,0.11864,0.09896,0.08054,0.064281,0.050889,0.041671,0.036968,0.034191,0.032749,0.032494,0.033216,0.034748,0.036539,0.038167,0.038861,0.038068,0.035725,0.032284,0.028179,0.023856,0.019571,0.015944,0.013117,0.011654,0.011284,0.011656,0.012361,0.013325,0.014436,0.01548,0.016405,0.017263,0.018315,0.020158
0.031245,0.032931,0.034019,0.034277,0.033868,0.03305,0.032144,0.031428,0.031133,0.031699,0.033776,0.039662,0.049646,0.064774,0.084247,0.10305,0.12075,0.13718,0.15236,0.16607,0.17801,0.18787,0.1943,0.19694,0.19518,0.18856,0.1774,0.16184,0.14292,0.12342,0.10366,0.084086,0.065399,0.049748,0.039402,0.032764,0.029455,0.029733,0.033628,0.040799,0.051093,0.063007,0.076209,0.091835,0.10867,0.1279,0.1495,0.17175,0.19313,0.21269,0.22992,0.24452,0.2553,0.26321,0.26604,0.26211,0.25147,0.23503,0.21561,0.19587,0.17481,0.15378,0.13316,0.11372,0.096114,0.081048,0.067184,0.055401,0.046016,0.039208,0.03458,0.032671,0.034461,0.03835,0.044198,0.052439,0.061826,0.070903,0.078789,0.083778,0.085356,0.083687,0.079092,0.071917,0.062837,0.052607,0.041439,0.030682,0.021463,0.015729,0.012155,0.010098,0.0091722,0.0091854,0.0097552,0.010509,0.011401,0.012427,0.013782,0.016334
0.032355,0.032613,0.032426,0.031664,0.030521,0.029172,0.027874,0.026819,0.026283,0.026635,0.028414,0.033138,0.041464,0.054499,0.072501,0.090638,0.10801,0.1244,0.1399,0.1542,0.16738,0.17927,0.18864,0.19476,0.19679,0.19434,0.1874,0.17594,0.1607,0.1443,0.12728,0.10989,0.091966,0.075563,0.062798,0.052561,0.044472,0.039676,0.03902,0.042142,0.048165,0.056332,0.06651,0.07989,0.095294,0.11323,0.13234,0.15133,0.16887,0.18377,0.19576,0.20469,0.21022,0.21308,0.21249,0.20797,0.19947,0.18659,0.1699,0.15137,0.13098,0.11089,0.092155,0.075855,0.063055,0.054317,0.04805,0.043895,0.041581,0.04093,0.042168,0.045842,0.054686,0.066541,0.080754,0.097369,0.11438,0.12899,0.13994,0.14617,0.14757,0.14446,0.13729,0.1262,0.11193,0.095203,0.076308,0.056855,0.039189,0.027195,0.019053,0.014005,0.010968,0.009241,0.0083998,0.0082015,0.0084486,0.0091457,0.010602,0.013886
0.029417,0.028974,0.028306,0.027145,0.025626,0.023786,0.02195,0.020336,0.019165,0.018801,0.019617,0.022481,0.028871,0.039891,0.055682,0.073361,0.091818,0.11083,0.12994,0.14796,0.16467,0.17989,0.19201,0.20071,0.20519,0.20472,0.19954,0.18993,0.17714,0.16282,0.14772,0.13251,0.11606,0.09983,0.084967,0.070842,0.057853,0.047478,0.041681,0.039952,0.040525,0.042645,0.046768,0.054046,0.064236,0.077795,0.09322,0.10918,0.12403,0.13648,0.14651,0.15401,0.15844,0.16005,0.15837,0.15287,0.14322,0.12963,0.11341,0.096641,0.079595,0.06462,0.052743,0.044035,0.039063,0.037506,0.037846,0.040254,0.044616,0.050884,0.059152,0.069862,0.086839,0.10661,0.12746,0.14928,0.16987,0.18816,0.20283,0.21238,0.21613,0.21433,0.20719,0.1943,0.17637,0.15414,0.12822,0.10052,0.073689,0.054489,0.040352,0.030726,0.024175,0.019868,0.017129,0.015586,0.014867,0.014814,0.015521,0.017727
0.026657,0.02613,0.025455,0.024293,0.022787,0.021042,0.019303,0.017578,0.015934,0.014591,0.013798,0.01387,0.016013,0.021777,0.031219,0.042715,0.056421,0.072794,0.091482,0.11075,0.13004,0.14913,0.16634,0.18108,0.19252,0.19953,0.20192,0.19932,0.19279,0.18309,0.17078,0.15664,0.13974,0.12264,0.10566,0.088472,0.071314,0.055343,0.043669,0.036739,0.03224,0.029749,0.029116,0.030897,0.035032,0.041774,0.049986,0.0587,0.066944,0.073515,0.078574,0.082072,0.083895,0.084235,0.082957,0.079876,0.074685,0.067865,0.060233,0.052743,0.045835,0.040229,0.036433,0.034958,0.036583,0.041361,0.048616,0.05831,0.07035,0.0843,0.099976,0.11727,0.14021,0.165,0.18975,0.21511,0.2394,0.25963,0.27352,0.27917,0.27705,0.2696,0.25795,0.24103,0.21939,0.19344,0.16358,0.13188,0.10087,0.078434,0.061183,0.049233,0.041044,0.035378,0.031518,0.028958,0.027335,0.026225,0.025452,0.025548
0.02979,0.029784,0.029633,0.029002,0.027961,0.026608,0.025076,0.023403,0.021554,0.019546,0.017532,0.015376,0.014042,0.014288,0.016788,0.021509,0.028155,0.037407,0.049191,0.062212,0.075998,0.090587,0.10482,0.11815,0.13016,0.1399,0.14711,0.15183,0.15446,0.15462,0.15214,0.14734,0.13915,0.12898,0.11671,0.10242,0.08631,0.069412,0.054679,0.043283,0.03407,0.026938,0.022055,0.019547,0.019104,0.020894,0.024029,0.027945,0.032193,0.035782,0.038919,0.041554,0.04359,0.045005,0.045915,0.046234,0.046006,0.04557,0.0451,0.044691,0.04468,0.045877,0.048828,0.054168,0.063399,0.076341,0.091664,0.10879,0.12714,0.14584,0.1646,0.18373,0.20768,0.23342,0.2598,0.28649,0.30855,0.32182,0.32545,0.31953,0.30601,0.289,0.27056,0.24903,0.22466,0.19744,0.16749,0.13642,0.10572,0.082344,0.064458,0.052091,0.043891,0.038355,0.03451,0.032023,0.030297,0.028833,0.027344,0.026411
0.026109,0.025993,0.026158,0.02609,0.025769,0.02531,0.024712,0.023915,0.022889,0.021539,0.019776,0.01743,0.014974,0.012942,0.012253,0.013077,0.015464,0.019498,0.025612,0.033207,0.042063,0.05225,0.063079,0.074244,0.085737,0.096569,0.1067,0.11608,0.12439,0.13074,0.13447,0.13552,0.13321,0.1281,0.11981,0.10843,0.094249,0.077803,0.061628,0.047049,0.034094,0.02397,0.017011,0.012851,0.010698,0.01007,0.010719,0.01219,0.014087,0.015795,0.017391,0.019105,0.020996,0.023131,0.025643,0.028412,0.031734,0.035784,0.040392,0.045493,0.051543,0.059694,0.069784,0.082104,0.098683,0.11849,0.13983,0.16191,0.18413,0.20584,0.22671,0.24716,0.27045,0.29382,0.31488,0.33071,0.33822,0.33617,0.32553,0.30795,0.28562,0.26364,0.24367,0.2232,0.20181,0.17941,0.15514,0.13004,0.10498,0.08557,0.070213,0.058879,0.051085,0.045971,0.042505,0.040055,0.038075,0.03609,0.033802,0.031573
0.025025,0.025036,0.025563,0.02614,0.026688,0.027378,0.028071,0.028528,0.028504,0.027857,0.026474,0.023943,0.020419,0.016415,0.012622,0.010644,0.010189,0.01089,0.012894,0.015917,0.019921,0.025354,0.03187,0.039273,0.047937,0.057269,0.067175,0.077769,0.088329,0.097739,0.10525,0.11053,0.11274,0.11177,0.10739,0.099933,0.089744,0.076966,0.06336,0.049609,0.03639,0.025591,0.017922,0.013132,0.01033,0.0090118,0.0086367,0.0090269,0.010005,0.01118,0.012638,0.01452,0.016934,0.02002,0.023934,0.0286,0.035023,0.043742,0.054239,0.066209,0.080777,0.098361,0.1169,0.13612,0.15796,0.18081,0.20337,0.22556,0.24722,0.26789,0.28663,0.30286,0.31696,0.3268,0.33143,0.32921,0.31971,0.30367,0.28452,0.26491,0.24544,0.22851,0.21367,0.19878,0.18284,0.16577,0.14741,0.12807,0.10812,0.09177,0.078421,0.067983,0.060075,0.054435,0.050515,0.047677,0.045473,0.043329,0.040859,0.038155
0.025479,0.026173,0.027531,0.029089,0.030872,0.03318,0.035782,0.038315,0.040305,0.041507,0.041425,0.039512,0.035728,0.030268,0.023935,0.019029,0.015903,0.013887,0.012492,0.011894,0.012144,0.013138,0.014928,0.01759,0.021437,0.026557,0.033379,0.04188,0.051186,0.06032,0.068277,0.074902,0.079317,0.081071,0.080029,0.076541,0.07087,0.062768,0.053497,0.043294,0.033065,0.024335,0.017975,0.01367,0.010654,0.0089188,0.0081732,0.0084831,0.01015,0.012831,0.016237,0.020517,0.025882,0.032592,0.040895,0.050737,0.064333,0.082877,0.10493,0.1279,0.1522,0.17829,0.20257,0.22503,0.24789,0.27037,0.29081,0.30843,0.32257,0.33262,0.33831,0.33929,0.33486,0.32489,0.30994,0.28954,0.26566,0.24153,0.22161,0.20548,0.19057,0.17754,0.1662,0.15574,0.14492,0.13343,0.12059,0.10647,0.091338,0.078232,0.067506,0.059118,0.052535,0.047876,0.044712,0.042686,0.041235,0.039805,0.037939,0.035904
0.028717,0.030536,0.033025,0.035873,0.039182,0.043506,0.048536,0.053717,0.05841,0.062154,0.064068,0.063578,0.060588,0.055164,0.04777,0.040456,0.033901,0.027698,0.02186,0.016968,0.013136,0.010343,0.0087957,0.0083811,0.0088754,0.010412,0.013096,0.017273,0.022667,0.028883,0.035107,0.041069,0.045792,0.048831,0.050029,0.04965,0.047993,0.044651,0.040196,0.034615,0.028638,0.023578,0.02011,0.017785,0.016201,0.015466,0.015794,0.017243,0.020335,0.025211,0.031855,0.040385,0.050751,0.063286,0.078267,0.095448,0.11699,0.14327,0.17212,0.20029,0.2285,0.25785,0.28443,0.30742,0.32676,0.34116,0.34938,0.35107,0.34647,0.33651,0.32242,0.30489,0.28307,0.25848,0.23322,0.20835,0.18589,0.16606,0.14991,0.1368,0.12486,0.11491,0.10693,0.10058,0.094517,0.088587,0.08222,0.075187,0.067546,0.060705,0.054984,0.05059,0.047002,0.0444,0.042585,0.041318,0.040278,0.039053,0.037331,0.035304
0.028689,0.031222,0.034294,0.037855,0.042128,0.047916,0.054883,0.062412,0.069646,0.076018,0.080495,0.082188,0.080888,0.076678,0.070042,0.062829,0.055276,0.047004,0.038388,0.030293,0.023306,0.017661,0.013599,0.010954,0.0090684,0.0078262,0.0073849,0.0077128,0.0089151,0.010858,0.013405,0.016607,0.019652,0.022216,0.024007,0.025039,0.025466,0.025022,0.023931,0.022246,0.020937,0.020278,0.02059,0.021753,0.023687,0.027023,0.032026,0.038783,0.047459,0.05859,0.072093,0.087904,0.1054,0.1243,0.1444,0.1649,0.18734,0.2122,0.23828,0.26301,0.28815,0.31532,0.33744,0.35225,0.35889,0.35777,0.34957,0.33466,0.31445,0.2912,0.26763,0.24535,0.22345,0.20202,0.18114,0.1601,0.1393,0.11974,0.10293,0.089674,0.07896,0.071057,0.065733,0.062689,0.060575,0.058982,0.057291,0.055266,0.052537,0.049372,0.046207,0.043449,0.040999,0.038976,0.037482,0.036558,0.035826,0.035021,0.033984,0.032891
0.033815,0.036918,0.040732,0.045261,0.050905,0.058198,0.066973,0.076576,0.086192,0.095461,0.10311,0.10809,0.11023,0.10951,0.10601,0.10126,0.095113,0.087243,0.077877,0.067842,0.057617,0.047409,0.038563,0.031139,0.024272,0.018353,0.013771,0.010383,0.0088235,0.0080642,0.0081284,0.0089481,0.009931,0.010992,0.012219,0.013502,0.014996,0.016406,0.017713,0.019063,0.021287,0.02438,0.028414,0.033218,0.039203,0.047184,0.056935,0.06826,0.081268,0.096704,0.11436,0.13404,0.15476,0.17571,0.19622,0.21537,0.23421,0.25406,0.27543,0.29621,0.3166,0.334,0.3433,0.34343,0.33427,0.31802,0.29715,0.27307,0.24802,0.22428,0.20333,0.18453,0.16578,0.14672,0.12741,0.10832,0.089733,0.072892,0.059412,0.04961,0.042239,0.037118,0.034134,0.033069,0.032989,0.033529,0.03449,0.035448,0.036074,0.036371,0.036589,0.036991,0.037121,0.037043,0.036916,0.036796,0.036446,0.035739,0.0346,0.033276
0.037591,0.040716,0.044585,0.049252,0.055232,0.062963,0.072364,0.082999,0.094528,0.1067,0.11806,0.12762,0.13483,0.13955,0.1417,0.14278,0.14217,0.13973,0.13527,0.12847,0.11989,0.1092,0.097612,0.085519,0.071735,0.057083,0.042457,0.029192,0.020375,0.013997,0.010297,0.0082187,0.007053,0.0063987,0.0065558,0.0073913,0.0089454,0.011082,0.013871,0.017418,0.022174,0.027701,0.034314,0.041736,0.051008,0.062604,0.075748,0.090217,0.1061,0.12419,0.14428,0.16592,0.18792,0.20894,0.22845,0.24553,0.26083,0.27532,0.29006,0.30142,0.30784,0.30829,0.30198,0.28923,0.27094,0.25028,0.22881,0.20609,0.18265,0.15997,0.1397,0.1221,0.10546,0.089535,0.074701,0.061534,0.049845,0.040074,0.032723,0.027533,0.023739,0.021045,0.019231,0.018478,0.018319,0.018685,0.019495,0.020871,0.022626,0.024515,0.026573,0.028793,0.030641,0.032044,0.033057,0.033701,0.033858,0.033395,0.032236,0.030672
0.033898,0.036819,0.040303,0.044119,0.048725,0.054884,0.062841,0.072259,0.082944,0.094765,0.10646,0.11686,0.12576,0.13334,0.13982,0.14661,0.15239,0.15714,0.16041,0.16147,0.15999,0.15501,0.14691,0.1356,0.1205,0.10242,0.082526,0.062505,0.047015,0.033514,0.023604,0.016732,0.012692,0.01012,0.008885,0.0088413,0.0098587,0.012004,0.015217,0.019762,0.025954,0.033117,0.041607,0.051565,0.06386,0.078035,0.093436,0.10962,0.12695,0.14618,0.16691,0.18891,0.21113,0.23197,0.25038,0.26538,0.27663,0.2842,0.28855,0.28778,0.28148,0.26987,0.25514,0.23746,0.21721,0.1965,0.17549,0.1535,0.13138,0.11057,0.092861,0.078615,0.066407,0.055856,0.046756,0.039381,0.033226,0.028475,0.024929,0.022507,0.020722,0.019232,0.017912,0.017088,0.016594,0.01656,0.017017,0.01818,0.020169,0.022676,0.025544,0.028706,0.031403,0.033461,0.03494,0.035908,0.036204,0.035701,0.034439,0.032957
0.035303,0.038005,0.040911,0.043783,0.04704,0.05112,0.056458,0.063323,0.071954,0.082511,0.094136,0.10587,0.11752,0.12892,0.14025,0.15274,0.16504,0.17707,0.18764,0.19567,0.20052,0.20084,0.19624,0.18636,0.17116,0.15169,0.12923,0.10574,0.086709,0.068568,0.053191,0.0405,0.031293,0.024294,0.019958,0.017857,0.017414,0.01835,0.020585,0.025037,0.031723,0.039881,0.049664,0.061377,0.076372,0.092804,0.1098,0.12721,0.14553,0.16512,0.18551,0.2062,0.22591,0.24281,0.25617,0.26476,0.26793,0.2653,0.25763,0.24501,0.22829,0.20885,0.18918,0.16932,0.1492,0.13102,0.11405,0.097641,0.082821,0.070368,0.060946,0.053907,0.048049,0.043697,0.040255,0.037855,0.036035,0.034767,0.033664,0.032378,0.030784,0.028482,0.025619,0.022721,0.01992,0.017954,0.016301,0.015486,0.015492,0.016283,0.017936,0.020163,0.022447,0.024416,0.026008,0.027208,0.02788,0.027982,0.027633,0.027693
0.038475,0.042231,0.045706,0.048568,0.051324,0.054385,0.057999,0.062407,0.068131,0.07572,0.084813,0.095381,0.10735,0.12068,0.13555,0.15377,0.17277,0.19361,0.21424,0.23155,0.24424,0.25091,0.2509,0.24365,0.22984,0.21064,0.18749,0.16239,0.14097,0.11903,0.098149,0.078448,0.061609,0.046596,0.035433,0.027712,0.022632,0.020248,0.02006,0.022522,0.027654,0.034874,0.044213,0.055639,0.070321,0.086333,0.10292,0.11996,0.13795,0.1568,0.17565,0.19387,0.21039,0.22378,0.2333,0.23784,0.23693,0.23018,0.21794,0.20074,0.17982,0.1567,0.13438,0.11338,0.09421,0.079343,0.068221,0.059596,0.052886,0.047949,0.0448,0.042891,0.041773,0.04245,0.043957,0.046066,0.0486,0.051214,0.052633,0.051952,0.049296,0.044534,0.038513,0.032251,0.02623,0.022055,0.018426,0.015732,0.014294,0.013944,0.01437,0.015485,0.016938,0.018442,0.019798,0.020959,0.021893,0.022521,0.02296,0.024243
0.037637,0.040911,0.043802,0.045689,0.047064,0.048427,0.050088,0.05226,0.055314,0.059615,0.065314,0.07318,0.083935,0.097424,0.11402,0.13517,0.15849,0.18453,0.21138,0.23613,0.25739,0.27265,0.28031,0.27935,0.27043,0.25486,0.23429,0.21078,0.18936,0.16659,0.14323,0.11958,0.097888,0.076881,0.059448,0.045923,0.035772,0.028888,0.024879,0.023727,0.025406,0.029405,0.035458,0.043539,0.05434,0.06629,0.079007,0.092478,0.10699,0.12219,0.13739,0.15218,0.16591,0.17737,0.18569,0.1895,0.18847,0.18256,0.17154,0.15606,0.13728,0.11711,0.09841,0.082433,0.070223,0.062479,0.058035,0.055407,0.053923,0.053777,0.054981,0.05723,0.060414,0.06615,0.07292,0.08006,0.086821,0.091712,0.093464,0.091337,0.08537,0.075838,0.063987,0.051744,0.040301,0.032463,0.026152,0.021461,0.018353,0.016559,0.015761,0.015971,0.016821,0.018004,0.019371,0.020745,0.022055,0.023099,0.023952,0.025653
0.042613,0.04592,0.048164,0.049142,0.049114,0.048498,0.047678,0.046973,0.046787,0.047868,0.050409,0.055508,0.063167,0.073849,0.089155,0.11008,0.13426,0.16243,0.19202,0.21945,0.24386,0.26364,0.2776,0.28438,0.28378,0.27595,0.26157,0.24239,0.22303,0.20096,0.17726,0.15254,0.12948,0.10679,0.087131,0.07061,0.056655,0.045751,0.038155,0.033465,0.031494,0.032486,0.035561,0.040087,0.046441,0.053498,0.06096,0.06878,0.077316,0.08629,0.095105,0.10363,0.11166,0.11831,0.12323,0.12522,0.12425,0.12006,0.11214,0.10101,0.087402,0.074188,0.063809,0.05651,0.051708,0.050279,0.051426,0.054249,0.058978,0.065731,0.074044,0.083555,0.094161,0.10749,0.12079,0.13282,0.14245,0.14837,0.14944,0.14517,0.13565,0.12117,0.10349,0.084815,0.066418,0.052504,0.040756,0.031673,0.025366,0.021071,0.018168,0.016482,0.01583,0.015816,0.016284,0.017217,0.018403,0.019753,0.021382,0.024282
0.046763,0.049534,0.050886,0.050505,0.048777,0.046232,0.043247,0.040312,0.037936,0.036558,0.036553,0.039,0.043813,0.051135,0.061721,0.076478,0.09466,0.11726,0.14209,0.16607,0.18795,0.20636,0.22101,0.23181,0.23857,0.24082,0.23814,0.23065,0.2205,0.20684,0.18969,0.16984,0.15063,0.13067,0.11207,0.095257,0.079955,0.066285,0.054778,0.045253,0.038584,0.035939,0.035278,0.03632,0.038856,0.042066,0.04573,0.049682,0.053918,0.058156,0.062347,0.066326,0.069913,0.073001,0.075266,0.075786,0.074838,0.072444,0.067933,0.062316,0.056823,0.052902,0.05078,0.050655,0.053054,0.059413,0.070055,0.083193,0.098102,0.1141,0.13046,0.14663,0.16207,0.1784,0.19306,0.2048,0.21261,0.21561,0.21279,0.2044,0.19027,0.171,0.1485,0.12463,0.10068,0.080803,0.063217,0.048864,0.038615,0.031217,0.025897,0.022098,0.019541,0.01808,0.017455,0.017464,0.01795,0.018845,0.020202,0.022951
0.042039,0.042411,0.041657,0.039747,0.037026,0.033875,0.030552,0.027403,0.024795,0.023129,0.022581,0.023993,0.027238,0.032336,0.040085,0.051276,0.065535,0.083601,0.10451,0.12581,0.14623,0.16465,0.18076,0.19446,0.20511,0.21242,0.21561,0.2145,0.21034,0.20275,0.19134,0.17737,0.1632,0.1475,0.13182,0.11686,0.10221,0.087589,0.073383,0.059936,0.048344,0.041448,0.036967,0.0344,0.033402,0.033315,0.033957,0.035246,0.036998,0.038897,0.040917,0.042758,0.044303,0.045425,0.046038,0.045893,0.045361,0.044639,0.043662,0.044221,0.046118,0.049811,0.055027,0.062357,0.072663,0.087592,0.10615,0.12585,0.14572,0.16476,0.1826,0.19883,0.21317,0.22683,0.23775,0.24471,0.24707,0.24406,0.23527,0.22178,0.20406,0.1828,0.15975,0.13609,0.11299,0.093168,0.075058,0.059531,0.048293,0.039858,0.03387,0.029762,0.02693,0.025294,0.024497,0.024148,0.024118,0.024164,0.024359,0.025648
0.037946,0.037593,0.036361,0.034308,0.031706,0.028758,0.025684,0.022727,0.020175,0.018237,0.017012,0.016985,0.017818,0.019573,0.022603,0.027229,0.033483,0.04203,0.052821,0.065222,0.07857,0.092093,0.10588,0.12003,0.13379,0.14656,0.1572,0.16499,0.17023,0.17254,0.17139,0.16686,0.16013,0.15071,0.13924,0.12713,0.11447,0.10036,0.085201,0.069517,0.054548,0.044041,0.03608,0.03042,0.02697,0.024912,0.02394,0.023819,0.024394,0.025242,0.026217,0.027274,0.028282,0.029202,0.03016,0.031183,0.032724,0.035332,0.039075,0.045914,0.056009,0.068586,0.082934,0.098819,0.11637,0.1376,0.16133,0.18529,0.20854,0.23052,0.25055,0.26814,0.28263,0.29414,0.30045,0.29993,0.29254,0.27954,0.26082,0.23907,0.215,0.18972,0.16497,0.14112,0.11844,0.098206,0.079876,0.064028,0.051956,0.042687,0.03633,0.032314,0.029794,0.028494,0.02784,0.027361,0.026969,0.026478,0.025819,0.025613
0.031866,0.030373,0.029177,0.027812,0.026194,0.024365,0.022439,0.020531,0.018759,0.017131,0.015773,0.014803,0.014111,0.013803,0.013857,0.014336,0.015524,0.017769,0.021108,0.025592,0.031178,0.037827,0.045941,0.056067,0.067618,0.080128,0.092877,0.10495,0.1165,0.1268,0.13465,0.13939,0.14074,0.1388,0.13382,0.12678,0.1179,0.10615,0.091976,0.076072,0.059636,0.046243,0.035109,0.026982,0.021955,0.018593,0.016667,0.015821,0.01577,0.016253,0.01704,0.018056,0.019278,0.020797,0.022884,0.025847,0.029982,0.035933,0.044299,0.058134,0.077381,0.099577,0.12219,0.14484,0.16801,0.19412,0.22245,0.25099,0.27837,0.30289,0.32369,0.33944,0.34889,0.35147,0.34615,0.33269,0.31266,0.28886,0.26127,0.23302,0.20519,0.17861,0.15509,0.1336,0.11406,0.09694,0.081601,0.068431,0.058336,0.050225,0.044177,0.039924,0.037035,0.035443,0.034513,0.033851,0.033226,0.032412,0.031274,0.030353
0.033359,0.031533,0.030754,0.030026,0.029099,0.028022,0.026843,0.02553,0.024228,0.022846,0.021575,0.020408,0.019174,0.017948,0.016719,0.015532,0.014542,0.013958,0.014195,0.015207,0.016804,0.019071,0.022572,0.027677,0.034072,0.041688,0.050128,0.05888,0.068181,0.077712,0.086637,0.094038,0.099343,0.10232,0.10269,0.10103,0.097284,0.090863,0.081901,0.070796,0.058312,0.046711,0.036214,0.027944,0.022486,0.018468,0.015854,0.014574,0.014245,0.014591,0.015724,0.017423,0.019847,0.023154,0.027809,0.034321,0.043108,0.055524,0.07219,0.096828,0.12722,0.15817,0.18802,0.21622,0.2429,0.26975,0.29557,0.3185,0.33713,0.35046,0.35813,0.35966,0.35513,0.34447,0.32775,0.3055,0.28071,0.25641,0.23142,0.20697,0.18321,0.16107,0.14227,0.12567,0.1109,0.097686,0.085457,0.074241,0.065083,0.05713,0.050776,0.045923,0.041742,0.038786,0.036726,0.035181,0.033925,0.032681,0.03147,0.03099
0.03317,0.031698,0.03155,0.031527,0.031402,0.031051,0.030321,0.029348,0.028135,0.02665,0.025038,0.023352,0.021663,0.020129,0.018546,0.016885,0.01543,0.014376,0.013784,0.01379,0.01437,0.015317,0.016829,0.019218,0.022532,0.02679,0.031955,0.037903,0.045298,0.053997,0.063364,0.072535,0.080505,0.086616,0.090545,0.092367,0.091783,0.088426,0.082321,0.073909,0.063846,0.053548,0.043832,0.035978,0.030275,0.02592,0.022819,0.020902,0.020106,0.020271,0.021446,0.023583,0.026771,0.031461,0.038517,0.048773,0.063113,0.08269,0.1081,0.14153,0.18003,0.21775,0.25197,0.28158,0.30643,0.32687,0.34238,0.35215,0.35574,0.35307,0.34475,0.33127,0.31395,0.2932,0.27027,0.24664,0.22424,0.20432,0.18483,0.16571,0.1471,0.12972,0.11551,0.1037,0.093863,0.085401,0.077651,0.070712,0.065061,0.060083,0.056043,0.052961,0.050258,0.048378,0.047033,0.045912,0.044818,0.043437,0.041575,0.039854
0.038247,0.038989,0.040865,0.042381,0.043299,0.043763,0.043872,0.043681,0.043213,0.042323,0.041371,0.040014,0.038627,0.037456,0.03602,0.034174,0.032336,0.030758,0.029834,0.029525,0.029754,0.030234,0.030883,0.031813,0.033074,0.034706,0.036794,0.039319,0.042771,0.047457,0.053119,0.059267,0.065249,0.07052,0.074803,0.07812,0.079598,0.07876,0.075449,0.070048,0.063136,0.05534,0.047807,0.041591,0.03667,0.032642,0.029865,0.028393,0.028207,0.029085,0.031245,0.034745,0.039825,0.047232,0.058179,0.074273,0.095632,0.12227,0.15464,0.19233,0.23115,0.26528,0.29233,0.31144,0.32254,0.3256,0.32115,0.31049,0.29522,0.27668,0.25652,0.23672,0.21938,0.20364,0.18871,0.17372,0.15937,0.14672,0.13493,0.12351,0.11237,0.102,0.093935,0.087578,0.082783,0.079229,0.07645,0.074306,0.072875,0.071694,0.071015,0.070574,0.069765,0.069045,0.068079,0.066664,0.064654,0.06156,0.057135,0.051848
0.05275,0.055974,0.059423,0.061941,0.063588,0.064725,0.065457,0.065971,0.066263,0.066337,0.066441,0.066303,0.066282,0.066383,0.066086,0.06516,0.063773,0.062023,0.060328,0.058667,0.057279,0.055985,0.054577,0.053273,0.051855,0.050361,0.048814,0.04741,0.046752,0.047378,0.049396,0.052725,0.056832,0.060908,0.06458,0.067586,0.069324,0.069881,0.069022,0.067229,0.064579,0.061062,0.057865,0.055742,0.054365,0.053634,0.053592,0.054338,0.055992,0.058416,0.061798,0.066007,0.071655,0.07943,0.090777,0.10698,0.12774,0.15249,0.18109,0.21097,0.23752,0.25689,0.26799,0.27105,0.26701,0.25635,0.24077,0.22314,0.20595,0.19075,0.17778,0.16635,0.15612,0.14605,0.13608,0.12627,0.11728,0.1097,0.10367,0.098374,0.093409,0.088881,0.085792,0.083919,0.082932,0.082527,0.082263,0.082046,0.08153,0.080772,0.080066,0.079207,0.077634,0.075914,0.074058,0.07194,0.069462,0.066219,0.061735,0.056577
0.079252,0.086115,0.091087,0.093927,0.095193,0.095468,0.095185,0.09468,0.094211,0.093964,0.094562,0.095629,0.097596,0.10055,0.10374,0.10676,0.10936,0.11137,0.11274,0.11293,0.11207,0.11004,0.10669,0.10233,0.097123,0.091428,0.085372,0.079115,0.073152,0.068195,0.064565,0.062589,0.061994,0.06229,0.063258,0.064825,0.066538,0.068276,0.070118,0.072387,0.074869,0.07712,0.079848,0.083283,0.087093,0.091303,0.09563,0.10006,0.10432,0.10808,0.11137,0.11411,0.11643,0.11895,0.12297,0.12933,0.13728,0.14625,0.15653,0.1653,0.17081,0.17231,0.17049,0.16588,0.15962,0.15162,0.14275,0.13383,0.12518,0.11671,0.10872,0.10153,0.095485,0.090245,0.085874,0.082382,0.079872,0.078323,0.077954,0.077995,0.078057,0.078081,0.07866,0.079797,0.081355,0.083296,0.085523,0.088057,0.090911,0.093844,0.096773,0.099216,0.10075,0.10155,0.10142,0.10015,0.097455,0.092707,0.08535,0.075978
0.061103,0.069148,0.075474,0.079677,0.082549,0.0849,0.087344,0.090053,0.093165,0.096723,0.10128,0.10575,0.11026,0.11489,0.11953,0.12421,0.12984,0.13575,0.14184,0.14802,0.15351,0.15889,0.16406,0.16837,0.17133,0.17165,0.16857,0.16194,0.15194,0.13918,0.12416,0.10871,0.095103,0.083357,0.073865,0.065763,0.059495,0.055584,0.053637,0.053263,0.053954,0.055015,0.056661,0.058619,0.061405,0.065531,0.070701,0.076981,0.084212,0.09211,0.099971,0.10773,0.1156,0.12285,0.12933,0.13457,0.13903,0.14195,0.14296,0.14268,0.14073,0.13686,0.13077,0.12359,0.11606,0.10859,0.10151,0.094805,0.088819,0.08354,0.078788,0.074437,0.070582,0.067411,0.065139,0.064207,0.064573,0.066808,0.071319,0.078387,0.087713,0.096359,0.10286,0.10695,0.10846,0.10767,0.10449,0.09928,0.092807,0.086426,0.080829,0.076614,0.075506,0.075786,0.076802,0.077376,0.077055,0.075093,0.070774,0.064946
0.048676,0.053823,0.057788,0.060073,0.061281,0.061887,0.062248,0.062701,0.063331,0.064324,0.066896,0.070222,0.074364,0.079883,0.086664,0.095177,0.10619,0.11923,0.13444,0.15052,0.16614,0.18029,0.19222,0.20203,0.20872,0.21091,0.20809,0.20012,0.18754,0.17081,0.15077,0.12979,0.11058,0.093477,0.078854,0.065726,0.055276,0.048078,0.042957,0.039959,0.038662,0.038464,0.039119,0.040692,0.043065,0.046448,0.05094,0.056376,0.062561,0.069241,0.075814,0.08196,0.087647,0.092518,0.096255,0.0987,0.10049,0.10138,0.10081,0.099791,0.098201,0.09605,0.092848,0.08955,0.086456,0.083563,0.080956,0.078494,0.076139,0.074009,0.072015,0.070369,0.069415,0.069343,0.070872,0.075387,0.08208,0.09118,0.10323,0.11774,0.13418,0.14835,0.15839,0.1639,0.16455,0.16076,0.15228,0.13972,0.12375,0.10666,0.090218,0.076257,0.066615,0.059302,0.054601,0.05142,0.048844,0.046213,0.043258,0.040972
0.033531,0.03432,0.035175,0.035488,0.035316,0.034879,0.034475,0.034372,0.034633,0.035499,0.037632,0.040502,0.044257,0.049634,0.056803,0.066467,0.0793,0.095002,0.1148,0.13729,0.16216,0.18718,0.21038,0.23084,0.2465,0.25548,0.25695,0.25115,0.2389,0.22063,0.19734,0.17155,0.14664,0.12351,0.10289,0.083661,0.067087,0.053915,0.04365,0.036723,0.03231,0.03069,0.031387,0.033174,0.035857,0.039567,0.044229,0.04917,0.054244,0.059221,0.063586,0.066998,0.06956,0.071499,0.072561,0.072394,0.07185,0.070875,0.06928,0.067772,0.066444,0.06568,0.065002,0.064962,0.065476,0.066124,0.066843,0.067339,0.067412,0.067349,0.067205,0.067406,0.068133,0.070073,0.074275,0.08282,0.094958,0.11076,0.13003,0.15151,0.17377,0.19239,0.20565,0.21277,0.21337,0.20786,0.1958,0.17786,0.15489,0.12958,0.10474,0.083294,0.067353,0.055181,0.046821,0.041443,0.037724,0.034859,0.032549,0.031839
0.028735,0.028961,0.02973,0.03014,0.030179,0.030054,0.029954,0.02984,0.029794,0.029899,0.030301,0.030758,0.031596,0.033049,0.035471,0.039803,0.046719,0.056845,0.072041,0.091091,0.11456,0.14056,0.16735,0.19377,0.21658,0.23394,0.24413,0.24653,0.2415,0.22936,0.21069,0.1879,0.16395,0.14062,0.11888,0.097778,0.078946,0.062689,0.048846,0.038139,0.03067,0.02654,0.024681,0.024419,0.025117,0.026766,0.029424,0.032367,0.03563,0.038714,0.041172,0.042799,0.043826,0.044568,0.044955,0.045082,0.045469,0.0457,0.045762,0.046493,0.047847,0.049909,0.053083,0.057501,0.062919,0.068907,0.07486,0.08032,0.084946,0.088764,0.091978,0.094846,0.097742,0.10124,0.10701,0.11785,0.1325,0.15122,0.17415,0.19895,0.22229,0.23908,0.24841,0.25023,0.24521,0.23434,0.21754,0.19548,0.16928,0.14135,0.11448,0.091438,0.073981,0.060478,0.051254,0.045551,0.041599,0.038572,0.036028,0.034869
0.027399,0.027466,0.028235,0.028803,0.029114,0.029261,0.029271,0.029019,0.028541,0.027855,0.026977,0.025811,0.024726,0.023928,0.023736,0.024717,0.027404,0.032383,0.041685,0.054861,0.073027,0.095205,0.11948,0.14485,0.16821,0.18775,0.20144,0.20825,0.20834,0.20196,0.18926,0.17231,0.15292,0.13306,0.1136,0.093747,0.075291,0.058372,0.043283,0.031345,0.022647,0.01765,0.015075,0.013801,0.013508,0.014054,0.015307,0.016822,0.01865,0.020618,0.022425,0.023746,0.024956,0.026636,0.028635,0.031015,0.033793,0.036582,0.039352,0.042624,0.046613,0.052041,0.059796,0.069803,0.08144,0.093871,0.10617,0.11763,0.12744,0.13547,0.1418,0.14674,0.1505,0.15384,0.15888,0.16927,0.18449,0.20433,0.22632,0.24582,0.26031,0.26705,0.2672,0.26103,0.2497,0.23449,0.21507,0.19223,0.16688,0.14113,0.11738,0.097386,0.081478,0.068576,0.0593,0.053397,0.049293,0.046309,0.04406,0.042874
0.023495,0.02278,0.023136,0.023719,0.02433,0.024972,0.025688,0.026312,0.026797,0.027101,0.026826,0.025822,0.02458,0.023117,0.021688,0.020724,0.020814,0.023003,0.028128,0.035753,0.046749,0.060174,0.075356,0.091865,0.10773,0.12213,0.13345,0.14061,0.14355,0.14232,0.13707,0.12877,0.11828,0.10683,0.094678,0.081193,0.067607,0.054123,0.041244,0.03051,0.022444,0.017762,0.014897,0.013111,0.012058,0.011542,0.011605,0.012117,0.012979,0.014135,0.01554,0.016915,0.018675,0.02117,0.02451,0.029475,0.035389,0.041789,0.048674,0.056534,0.065759,0.077255,0.092165,0.10975,0.1285,0.14735,0.16497,0.1805,0.19286,0.20177,0.20736,0.21015,0.21019,0.20875,0.20882,0.21365,0.2215,0.2304,0.23836,0.24433,0.24708,0.24591,0.24198,0.23513,0.22593,0.21484,0.20127,0.18545,0.1675,0.14839,0.13098,0.116,0.10401,0.094171,0.086764,0.081685,0.077797,0.074116,0.069718,0.064244
0.017766,0.015471,0.01492,0.015078,0.015612,0.016417,0.017516,0.018807,0.020422,0.021997,0.022886,0.022792,0.022073,0.020716,0.018792,0.016845,0.015263,0.014659,0.015742,0.018392,0.022937,0.029203,0.037158,0.046746,0.057069,0.068019,0.078053,0.085776,0.091003,0.093751,0.093842,0.09178,0.087984,0.082898,0.076473,0.068256,0.059118,0.049556,0.040027,0.031786,0.02488,0.02024,0.016863,0.014312,0.012339,0.010916,0.0099812,0.009712,0.010544,0.012205,0.014693,0.017548,0.021191,0.025999,0.032109,0.040829,0.050781,0.061802,0.073955,0.087402,0.10225,0.11912,0.13897,0.16046,0.18203,0.20275,0.22144,0.23738,0.24955,0.25788,0.26303,0.26494,0.26317,0.25852,0.25234,0.2459,0.23806,0.22994,0.22218,0.21638,0.21121,0.20582,0.20057,0.19482,0.1884,0.18143,0.17328,0.1639,0.1532,0.14165,0.13182,0.12349,0.11644,0.11047,0.10583,0.10238,0.099134,0.095114,0.089032,0.080381
0.017115,0.014833,0.014141,0.014154,0.014549,0.015324,0.016611,0.018476,0.021146,0.024141,0.026522,0.027859,0.028183,0.027291,0.02534,0.022864,0.020152,0.017575,0.015623,0.014679,0.014785,0.01583,0.017815,0.02091,0.025124,0.030833,0.036996,0.042701,0.047301,0.050872,0.052913,0.053819,0.053607,0.052425,0.049892,0.04604,0.041321,0.036163,0.030855,0.025761,0.021268,0.018049,0.015546,0.013621,0.012421,0.011941,0.012154,0.013395,0.015665,0.01908,0.023609,0.028813,0.035171,0.04261,0.051541,0.064606,0.079449,0.096161,0.11414,0.13288,0.1524,0.17279,0.19501,0.21804,0.24073,0.2629,0.28398,0.30238,0.31629,0.32442,0.32633,0.32152,0.30982,0.29257,0.2715,0.24751,0.22156,0.19765,0.1781,0.16595,0.15746,0.1511,0.14604,0.1416,0.13725,0.13325,0.12913,0.12493,0.12071,0.11689,0.11494,0.11401,0.11359,0.11308,0.11238,0.11131,0.10928,0.10529,0.098061,0.087159
0.014753,0.011621,0.010144,0.0095536,0.0095013,0.0099126,0.010958,0.012738,0.01569,0.019527,0.023388,0.026912,0.029777,0.031354,0.031166,0.029553,0.026877,0.02335,0.0195,0.016109,0.013555,0.011721,0.010708,0.01021,0.010356,0.011694,0.013971,0.016534,0.019095,0.021705,0.024217,0.026839,0.029376,0.031457,0.032192,0.031727,0.030756,0.029456,0.027789,0.02615,0.024682,0.023668,0.02294,0.022493,0.022468,0.023189,0.025374,0.02908,0.034229,0.040783,0.048457,0.056779,0.065847,0.075745,0.087424,0.10413,0.12258,0.14306,0.16462,0.18649,0.20895,0.23228,0.25817,0.28588,0.31293,0.33678,0.35523,0.36709,0.37095,0.36609,0.35328,0.33333,0.30702,0.27552,0.24087,0.20467,0.17019,0.14281,0.12213,0.10938,0.1007,0.09461,0.090594,0.088273,0.087031,0.086875,0.087712,0.089524,0.09171,0.093972,0.097604,0.1013,0.10487,0.10783,0.11022,0.11145,0.11091,0.1076,0.10023,0.088645
0.0156,0.012368,0.010749,0.0099361,0.0096372,0.0098534,0.010664,0.012316,0.015455,0.019624,0.024172,0.029463,0.034244,0.037861,0.039484,0.039373,0.037786,0.03469,0.030468,0.025908,0.0214,0.017473,0.0145,0.01234,0.010645,0.009443,0.0087743,0.0084412,0.0083449,0.0085604,0.0089991,0.010152,0.012069,0.014329,0.016101,0.017794,0.019787,0.022104,0.024534,0.027367,0.030807,0.033979,0.036739,0.03939,0.042228,0.045794,0.051539,0.059291,0.068519,0.07884,0.089681,0.10038,0.1111,0.12203,0.13395,0.15083,0.1694,0.19014,0.21321,0.23944,0.26866,0.29822,0.32646,0.35089,0.36927,0.38023,0.38354,0.3797,0.3682,0.34919,0.32395,0.29458,0.26286,0.22886,0.19428,0.16017,0.12848,0.1018,0.080778,0.068024,0.059865,0.054373,0.050855,0.049043,0.048491,0.049151,0.051254,0.054725,0.059216,0.064148,0.070227,0.076342,0.08185,0.086442,0.090194,0.092706,0.093445,0.091599,0.08615,0.076882
0.018212,0.015893,0.014742,0.014135,0.013839,0.013831,0.014226,0.015233,0.01735,0.020266,0.023764,0.029227,0.034999,0.040368,0.044415,0.046626,0.047293,0.046238,0.043515,0.039827,0.035084,0.029907,0.024937,0.020745,0.017247,0.01419,0.011646,0.0095767,0.0080136,0.0069573,0.0061738,0.0060454,0.0069175,0.0087609,0.01115,0.014482,0.01918,0.025152,0.031794,0.039077,0.047284,0.05459,0.061105,0.067198,0.073396,0.080481,0.090743,0.10325,0.117,0.13114,0.14509,0.15831,0.17073,0.18259,0.19503,0.21219,0.23216,0.2557,0.28131,0.30642,0.32896,0.34611,0.35725,0.36166,0.35879,0.34872,0.33234,0.31226,0.28866,0.26249,0.23513,0.20808,0.18195,0.15491,0.12749,0.10021,0.075206,0.055341,0.041575,0.03453,0.03092,0.02904,0.027862,0.027487,0.027775,0.028971,0.031519,0.03576,0.041199,0.047255,0.05426,0.061046,0.067165,0.072342,0.076609,0.079568,0.080903,0.079972,0.075893,0.068409
0.020226,0.019153,0.018878,0.01874,0.018594,0.018452,0.018378,0.01854,0.019422,0.020962,0.023429,0.028642,0.034838,0.041331,0.047291,0.051744,0.054684,0.055929,0.055559,0.054049,0.051438,0.047796,0.043326,0.03833,0.032989,0.027406,0.022167,0.01738,0.013157,0.010011,0.0075887,0.0062502,0.006332,0.0077248,0.010183,0.014175,0.020783,0.030333,0.041823,0.054108,0.067293,0.07892,0.089166,0.098862,0.10831,0.11877,0.13319,0.14998,0.16783,0.18627,0.20496,0.2234,0.24139,0.25929,0.27693,0.29609,0.31326,0.32767,0.33847,0.34557,0.34763,0.3434,0.33339,0.31829,0.29938,0.27808,0.25528,0.2333,0.21071,0.18742,0.1638,0.14135,0.12123,0.10115,0.081904,0.06388,0.048846,0.03779,0.030221,0.026477,0.024526,0.02318,0.021959,0.021092,0.020469,0.020201,0.020639,0.022179,0.024603,0.027653,0.031989,0.036821,0.04163,0.046001,0.049842,0.05273,0.054461,0.054632,0.052826,0.048977
0.024332,0.024877,0.025259,0.025247,0.024839,0.02413,0.023249,0.022342,0.021648,0.0214,0.022014,0.025719,0.03208,0.04063,0.050247,0.058722,0.065961,0.071513,0.075447,0.077937,0.078892,0.078238,0.075697,0.071451,0.065478,0.057763,0.049011,0.039698,0.030513,0.022943,0.016832,0.012412,0.0099151,0.0094151,0.01104,0.015081,0.022766,0.034797,0.04929,0.065194,0.082246,0.097789,0.11187,0.12551,0.1385,0.15249,0.17062,0.19199,0.21585,0.24184,0.26842,0.29358,0.31551,0.33412,0.34788,0.35686,0.35948,0.35529,0.34492,0.33076,0.31199,0.28985,0.26614,0.24288,0.2203,0.19795,0.17511,0.15309,0.13127,0.11016,0.090437,0.073835,0.061884,0.051776,0.04364,0.037041,0.031997,0.028655,0.02692,0.026829,0.027092,0.026941,0.025936,0.024471,0.022773,0.021021,0.019297,0.01803,0.017122,0.016879,0.017766,0.019547,0.021867,0.024415,0.026979,0.029207,0.030909,0.03193,0.032152,0.031709
0.037257,0.039934,0.041412,0.041573,0.040578,0.038744,0.036351,0.033647,0.030963,0.02871,0.02764,0.029222,0.032785,0.039016,0.047882,0.056761,0.065263,0.072783,0.079305,0.084996,0.08971,0.092992,0.094257,0.093262,0.089638,0.083225,0.074568,0.064092,0.052719,0.042785,0.034568,0.027964,0.023275,0.021068,0.021363,0.024453,0.031283,0.043329,0.059342,0.077813,0.097934,0.11706,0.13504,0.15324,0.17085,0.19028,0.2137,0.23957,0.26633,0.29237,0.3157,0.3346,0.34759,0.35481,0.35465,0.34645,0.33048,0.30724,0.27999,0.25433,0.22987,0.20705,0.18536,0.16418,0.14355,0.12393,0.10427,0.086106,0.069411,0.054829,0.043136,0.035336,0.031559,0.029656,0.02937,0.030581,0.033195,0.036968,0.041218,0.044994,0.047483,0.047983,0.046282,0.04286,0.038182,0.032894,0.027274,0.022211,0.017884,0.014869,0.012958,0.012093,0.012326,0.013166,0.014402,0.015688,0.016922,0.018064,0.019186,0.020632
0.044601,0.048848,0.051252,0.051798,0.05077,0.048497,0.045387,0.041688,0.037695,0.034123,0.031807,0.031898,0.034436,0.040274,0.04986,0.060626,0.071842,0.082734,0.093117,0.10293,0.11222,0.12071,0.12706,0.13096,0.13134,0.12752,0.11954,0.10733,0.092299,0.077387,0.063405,0.051169,0.041291,0.034453,0.030988,0.030507,0.033319,0.040837,0.05279,0.068624,0.087217,0.1062,0.1249,0.14432,0.16338,0.1835,0.20486,0.22669,0.24787,0.26692,0.28267,0.29359,0.29812,0.29649,0.28788,0.27255,0.25253,0.22983,0.20774,0.18809,0.16745,0.1465,0.12581,0.10622,0.088574,0.073751,0.060356,0.049324,0.040688,0.034287,0.029937,0.028181,0.030251,0.034516,0.041239,0.051602,0.064943,0.079095,0.092056,0.10171,0.10718,0.10808,0.10456,0.097054,0.08648,0.073743,0.05909,0.044275,0.030959,0.021768,0.015409,0.011845,0.010083,0.0091088,0.0088577,0.0090027,0.0094762,0.010208,0.011469,0.013733
0.051815,0.056247,0.058276,0.05812,0.05634,0.053224,0.049244,0.04467,0.03971,0.035102,0.031584,0.030334,0.031585,0.03607,0.043497,0.05276,0.063268,0.074288,0.085449,0.096469,0.10717,0.11739,0.12544,0.13114,0.13363,0.13207,0.1263,0.11622,0.10301,0.089332,0.075782,0.063077,0.051749,0.043479,0.03841,0.035928,0.035793,0.039305,0.046417,0.057142,0.071286,0.08775,0.10527,0.12428,0.14347,0.16329,0.18256,0.20016,0.21534,0.22765,0.23715,0.24324,0.24548,0.24387,0.23787,0.22747,0.2128,0.19389,0.17251,0.15158,0.12966,0.10808,0.087838,0.070072,0.05568,0.045281,0.037439,0.03222,0.029359,0.028653,0.030284,0.034865,0.044665,0.058072,0.075097,0.097044,0.12084,0.14311,0.16183,0.17515,0.18243,0.18343,0.17833,0.16764,0.15213,0.13276,0.10981,0.085062,0.060415,0.041255,0.026701,0.017464,0.012371,0.0094253,0.0078134,0.0071526,0.0070655,0.0074814,0.0086426,0.01163
0.053447,0.058185,0.060441,0.060293,0.05836,0.055026,0.050807,0.045974,0.040743,0.03568,0.031322,0.028402,0.027702,0.030193,0.035393,0.042318,0.050854,0.061005,0.07236,0.084318,0.096605,0.10904,0.12012,0.1295,0.13598,0.13858,0.13693,0.13081,0.12098,0.10935,0.096726,0.083864,0.070744,0.05956,0.050996,0.044667,0.040626,0.040018,0.042394,0.047416,0.05475,0.064027,0.074867,0.087811,0.10189,0.11683,0.13115,0.14389,0.15433,0.16188,0.16684,0.16919,0.16848,0.16469,0.15785,0.14797,0.13486,0.1191,0.10221,0.086266,0.070497,0.056881,0.045416,0.036691,0.031346,0.02939,0.029357,0.031312,0.035564,0.042152,0.05137,0.064171,0.084347,0.10877,0.13582,0.16592,0.19561,0.22207,0.24351,0.25872,0.26659,0.26705,0.26052,0.2469,0.22718,0.20205,0.17185,0.13856,0.10471,0.077282,0.05399,0.037303,0.02625,0.018728,0.01397,0.011308,0.010008,0.0095524,0.010128,0.012913
0.047801,0.051993,0.053944,0.053653,0.051752,0.048544,0.04459,0.040163,0.035433,0.030859,0.026839,0.023467,0.021398,0.022293,0.026087,0.031257,0.037928,0.046334,0.056002,0.066427,0.077533,0.089589,0.10109,0.11166,0.12005,0.12511,0.12633,0.12331,0.11688,0.10831,0.097997,0.08696,0.07469,0.063291,0.053003,0.043832,0.035969,0.030237,0.027538,0.02747,0.028838,0.03184,0.036413,0.04296,0.051809,0.062873,0.074434,0.085227,0.094386,0.10099,0.10541,0.10749,0.10723,0.10471,0.099808,0.092738,0.083689,0.073217,0.062499,0.052833,0.044017,0.03654,0.031199,0.028393,0.029045,0.032761,0.039361,0.04853,0.060344,0.074731,0.091612,0.11124,0.13751,0.16644,0.19693,0.2307,0.26498,0.29712,0.32309,0.3389,0.3435,0.33791,0.32398,0.30277,0.27651,0.24643,0.21249,0.1761,0.13953,0.10985,0.084266,0.064508,0.05044,0.039898,0.032288,0.027203,0.023928,0.021886,0.020936,0.021526
0.044716,0.047626,0.049059,0.04891,0.047563,0.045246,0.042247,0.03872,0.03474,0.03045,0.026127,0.021541,0.017246,0.014781,0.01443,0.015994,0.019094,0.023894,0.030092,0.037241,0.045131,0.053939,0.062719,0.071351,0.079302,0.085671,0.09002,0.09194,0.091578,0.08914,0.084722,0.078955,0.071351,0.063335,0.054681,0.045656,0.036433,0.027937,0.021891,0.018164,0.015483,0.014042,0.013869,0.015225,0.01827,0.023272,0.029418,0.035702,0.04139,0.045557,0.048678,0.050653,0.051481,0.05114,0.049985,0.048115,0.045799,0.043351,0.040967,0.039044,0.037809,0.037737,0.038862,0.041734,0.048158,0.058096,0.070982,0.086244,0.10353,0.12218,0.14193,0.16276,0.18824,0.21586,0.24609,0.28182,0.32026,0.3542,0.37905,0.39253,0.39428,0.38573,0.36873,0.3438,0.31324,0.27935,0.24427,0.20778,0.1701,0.13864,0.11101,0.089359,0.073553,0.061679,0.052907,0.046591,0.042108,0.038716,0.035854,0.033713
0.036815,0.038494,0.039705,0.040003,0.03955,0.03846,0.03695,0.035016,0.032637,0.029798,0.026445,0.022288,0.01774,0.013851,0.011203,0.010638,0.01174,0.014177,0.01787,0.022402,0.027646,0.033703,0.040252,0.047201,0.054495,0.061422,0.067617,0.072672,0.076346,0.078378,0.078446,0.076906,0.073118,0.067932,0.061153,0.053039,0.04401,0.034565,0.026325,0.019882,0.015094,0.011958,0.010331,0.010067,0.010949,0.012643,0.014906,0.017353,0.019676,0.021359,0.022776,0.024013,0.025072,0.026109,0.027297,0.028627,0.030505,0.03319,0.036682,0.040805,0.045988,0.053024,0.061754,0.072469,0.086858,0.10379,0.12227,0.14145,0.1611,0.18076,0.20004,0.21924,0.24133,0.26532,0.29236,0.32108,0.34633,0.36438,0.37377,0.37391,0.36525,0.35012,0.33016,0.30559,0.27765,0.24759,0.21696,0.18703,0.15803,0.13448,0.11401,0.096952,0.083363,0.072906,0.065071,0.059334,0.054983,0.051269,0.047557,0.043852
0.028864,0.029619,0.030413,0.030834,0.030893,0.030715,0.030391,0.029853,0.028954,0.027672,0.025917,0.023259,0.019868,0.016041,0.012494,0.01047,0.0097955,0.010266,0.011714,0.013759,0.016335,0.019545,0.023371,0.027785,0.033173,0.039048,0.045354,0.051738,0.057674,0.062735,0.066187,0.067985,0.067545,0.065132,0.060671,0.054438,0.046964,0.038446,0.03012,0.022516,0.016331,0.012076,0.0095393,0.008482,0.0085555,0.0094236,0.010952,0.012965,0.015258,0.017331,0.019311,0.021341,0.023542,0.026122,0.029366,0.033297,0.039026,0.047146,0.057746,0.069809,0.083547,0.098694,0.11401,0.12944,0.14653,0.16439,0.18185,0.1983,0.21377,0.22842,0.24205,0.25523,0.26919,0.28327,0.2969,0.30764,0.31394,0.31492,0.3111,0.30309,0.29158,0.27872,0.2651,0.25044,0.23461,0.21819,0.20066,0.18236,0.16328,0.14675,0.13163,0.11835,0.10698,0.09776,0.09034,0.084522,0.079667,0.074797,0.068858,0.061845
0.023632,0.023547,0.024229,0.025083,0.026022,0.02722,0.02858,0.029965,0.031048,0.031668,0.031545,0.030221,0.02792,0.024548,0.020538,0.017175,0.014735,0.013018,0.012032,0.011554,0.01143,0.011721,0.012455,0.013826,0.016168,0.019433,0.023703,0.028906,0.034343,0.039609,0.044008,0.047454,0.049402,0.049666,0.048225,0.04532,0.041357,0.036266,0.030713,0.025071,0.020042,0.016373,0.014021,0.012962,0.012798,0.013563,0.015245,0.017937,0.021476,0.025567,0.030245,0.035639,0.041706,0.048816,0.057329,0.067096,0.080511,0.098073,0.11818,0.13823,0.15785,0.17667,0.19285,0.20666,0.21925,0.23129,0.24187,0.25072,0.25793,0.26352,0.26727,0.26914,0.26857,0.26559,0.26085,0.25324,0.24363,0.23337,0.22428,0.21638,0.20862,0.20142,0.19465,0.18834,0.18156,0.17419,0.16556,0.15553,0.14378,0.13243,0.12147,0.11138,0.10234,0.094759,0.088821,0.084162,0.080126,0.075803,0.070276,0.063544
0.024092,0.023967,0.024813,0.025995,0.02751,0.029552,0.032093,0.034877,0.037465,0.039803,0.041436,0.041765,0.040681,0.03797,0.033707,0.029371,0.02533,0.021561,0.018366,0.015524,0.013125,0.011303,0.010087,0.0095983,0.0097698,0.010575,0.012194,0.014699,0.017661,0.021006,0.024245,0.027471,0.030012,0.031591,0.032109,0.031826,0.030888,0.029059,0.026826,0.024307,0.022223,0.020972,0.020762,0.021601,0.023347,0.026412,0.030633,0.03608,0.042561,0.05024,0.059275,0.069948,0.082182,0.096321,0.11241,0.13,0.15126,0.17565,0.20058,0.22296,0.24257,0.25937,0.2718,0.27976,0.2834,0.28424,0.28188,0.27615,0.26757,0.25705,0.24544,0.23328,0.21952,0.20503,0.19124,0.17845,0.16729,0.15781,0.15,0.14375,0.13854,0.13509,0.13298,0.13228,0.13165,0.13084,0.12931,0.12673,0.12283,0.11881,0.11462,0.11073,0.10683,0.1032,0.1001,0.097381,0.094401,0.090203,0.083732,0.074788
0.021761,0.021657,0.022458,0.023932,0.025958,0.028715,0.032183,0.036049,0.039964,0.043921,0.047251,0.049235,0.049726,0.048525,0.045642,0.042177,0.038221,0.033648,0.028869,0.024295,0.020149,0.016245,0.013055,0.01056,0.0085598,0.0071637,0.0064939,0.0065806,0.0073396,0.0085515,0.010178,0.012159,0.014118,0.015871,0.017437,0.0188,0.019982,0.02087,0.021692,0.022361,0.024334,0.027391,0.031732,0.037509,0.044329,0.052398,0.061461,0.071318,0.081877,0.093833,0.10728,0.12242,0.13872,0.15591,0.17376,0.19154,0.2111,0.23222,0.2532,0.27166,0.28775,0.29982,0.30471,0.30221,0.29315,0.28089,0.26662,0.25038,0.23419,0.21927,0.20594,0.19409,0.18231,0.17021,0.15787,0.14514,0.13258,0.12065,0.11013,0.10162,0.09478,0.090474,0.088473,0.088803,0.090194,0.092135,0.093897,0.095413,0.095917,0.095238,0.094092,0.093057,0.091586,0.089917,0.088275,0.086719,0.084636,0.081305,0.075862,0.06814
0.022805,0.023066,0.02437,0.026,0.028082,0.030937,0.034706,0.039194,0.044132,0.049528,0.054603,0.058591,0.061424,0.062938,0.062948,0.06224,0.060579,0.05774,0.053777,0.048811,0.04318,0.036929,0.031198,0.02594,0.020663,0.015847,0.011911,0.0090793,0.0076491,0.0070813,0.0072259,0.0078696,0.00879,0.0099395,0.011465,0.013398,0.015584,0.0181,0.021314,0.025315,0.031889,0.040078,0.049683,0.060601,0.07261,0.085678,0.099289,0.11321,0.12771,0.14379,0.16144,0.1807,0.20069,0.22055,0.23977,0.25766,0.27583,0.29419,0.31169,0.32448,0.33104,0.3301,0.32118,0.3048,0.2825,0.25953,0.23926,0.22068,0.20262,0.18512,0.16847,0.15328,0.13822,0.12295,0.10808,0.094395,0.08151,0.070132,0.061026,0.054308,0.049539,0.047174,0.046916,0.048839,0.051845,0.055458,0.059416,0.063445,0.066911,0.069498,0.071602,0.073764,0.075247,0.076218,0.07676,0.076811,0.07588,0.073383,0.068598,0.061386
0.022408,0.022946,0.024318,0.026086,0.028303,0.031335,0.035349,0.040082,0.045588,0.052034,0.058505,0.064316,0.069375,0.073696,0.077336,0.081216,0.084434,0.086822,0.087793,0.086637,0.083531,0.078039,0.070834,0.062142,0.051806,0.040646,0.0297,0.020103,0.013995,0.0096924,0.0072038,0.0059155,0.0054386,0.0058301,0.0071992,0.0094239,0.012456,0.016454,0.021586,0.028532,0.038778,0.050809,0.063991,0.077901,0.092861,0.10847,0.12421,0.13997,0.15623,0.17411,0.19359,0.21494,0.23761,0.26067,0.28299,0.30347,0.3214,0.33493,0.34298,0.34272,0.33415,0.31796,0.29697,0.27318,0.24876,0.22699,0.20716,0.18651,0.16531,0.14462,0.12562,0.10915,0.093962,0.079771,0.066812,0.055945,0.046734,0.039557,0.034369,0.030892,0.028693,0.027621,0.027182,0.027777,0.029086,0.03079,0.032831,0.035485,0.038543,0.041603,0.044897,0.048711,0.052004,0.054649,0.056634,0.05798,0.058395,0.057477,0.054778,0.050255
0.026832,0.027983,0.029446,0.030711,0.032022,0.033779,0.036204,0.039392,0.043763,0.049354,0.055686,0.062246,0.069199,0.076601,0.084532,0.093966,0.10299,0.11132,0.11786,0.12144,0.12209,0.11899,0.11262,0.10289,0.08982,0.074388,0.05782,0.041791,0.030673,0.021585,0.015361,0.011515,0.0097039,0.0090958,0.0097985,0.011823,0.015037,0.019821,0.026421,0.035968,0.048838,0.062988,0.077922,0.093058,0.10921,0.12547,0.14142,0.15712,0.17336,0.19144,0.21173,0.23502,0.26036,0.28584,0.30919,0.32765,0.33925,0.34245,0.33741,0.32372,0.30281,0.27742,0.25276,0.22849,0.20411,0.18137,0.16013,0.13875,0.11771,0.098196,0.081599,0.068613,0.057785,0.048606,0.04083,0.035048,0.030792,0.027881,0.025991,0.024809,0.023933,0.023075,0.022176,0.021536,0.021022,0.020768,0.020866,0.022071,0.024319,0.027401,0.031336,0.035949,0.040093,0.043585,0.046251,0.04813,0.049047,0.048714,0.046933,0.043722
0.033419,0.035453,0.037308,0.038632,0.039639,0.040736,0.042174,0.044135,0.047124,0.051643,0.057292,0.063922,0.071683,0.080689,0.091257,0.10476,0.11918,0.13437,0.14878,0.16002,0.16729,0.16936,0.16601,0.15677,0.14229,0.1239,0.103,0.081734,0.065793,0.051403,0.039673,0.030449,0.024115,0.019888,0.018228,0.018539,0.020635,0.02469,0.030925,0.040977,0.054764,0.07038,0.087115,0.10421,0.12286,0.14149,0.15947,0.17687,0.19438,0.21274,0.23236,0.25355,0.27525,0.29457,0.30936,0.31704,0.3162,0.30651,0.2888,0.26496,0.23763,0.20916,0.18386,0.16,0.13726,0.11725,0.099524,0.082994,0.068622,0.057066,0.048502,0.042679,0.038357,0.035602,0.034036,0.033598,0.034059,0.035229,0.036381,0.036929,0.036566,0.034939,0.032269,0.029313,0.026322,0.023846,0.021558,0.019962,0.01925,0.01987,0.021639,0.024581,0.027657,0.030394,0.032628,0.034397,0.03556,0.035931,0.035469,0.034759
0.04349,0.046811,0.049306,0.050532,0.050784,0.050572,0.050208,0.049983,0.050299,0.051572,0.054092,0.058537,0.0648,0.073295,0.085076,0.10164,0.12072,0.14273,0.16566,0.18617,0.20294,0.21378,0.21777,0.21396,0.2029,0.18569,0.1638,0.13939,0.11883,0.098333,0.079241,0.062076,0.048465,0.037799,0.031611,0.02841,0.02719,0.028048,0.031395,0.039338,0.051536,0.065989,0.08228,0.099469,0.11867,0.13772,0.15592,0.1731,0.18984,0.20611,0.22145,0.23606,0.24963,0.26035,0.26678,0.26694,0.26047,0.24792,0.23004,0.20767,0.18248,0.15644,0.133,0.11152,0.0918,0.076105,0.064285,0.054942,0.047782,0.042541,0.039423,0.038241,0.038196,0.040357,0.043887,0.048516,0.054184,0.059879,0.064165,0.065803,0.064548,0.060147,0.053285,0.045368,0.037232,0.03094,0.025036,0.020042,0.016379,0.014208,0.013254,0.013646,0.014783,0.016143,0.017485,0.018758,0.019895,0.020776,0.021642,0.023318
0.056765,0.061424,0.064326,0.064919,0.063828,0.061709,0.05913,0.0564,0.054273,0.053015,0.05274,0.05466,0.05872,0.065264,0.074932,0.089141,0.10658,0.12828,0.15196,0.17367,0.19213,0.20583,0.21399,0.21536,0.21017,0.19891,0.18277,0.16332,0.14501,0.12533,0.10543,0.08619,0.069829,0.055124,0.045033,0.038676,0.03481,0.033313,0.034167,0.038908,0.047237,0.058128,0.071286,0.08581,0.1027,0.11987,0.13646,0.15216,0.16738,0.18172,0.19459,0.20588,0.21511,0.22114,0.22351,0.22142,0.21462,0.20361,0.18746,0.16697,0.14323,0.1184,0.095875,0.076083,0.060675,0.050773,0.044986,0.041937,0.040846,0.041751,0.04495,0.050047,0.056624,0.065979,0.076794,0.088458,0.10037,0.11069,0.11777,0.12009,0.11737,0.1094,0.097402,0.083105,0.067855,0.05502,0.042544,0.031713,0.023512,0.01804,0.014319,0.012313,0.011702,0.012049,0.012985,0.014177,0.015418,0.016601,0.017786,0.020338
0.06446,0.069756,0.072279,0.071945,0.069496,0.065623,0.060909,0.05603,0.051593,0.048041,0.045825,0.046234,0.048982,0.054105,0.062525,0.075453,0.092512,0.11527,0.14157,0.16697,0.19014,0.20904,0.22271,0.22986,0.23058,0.22509,0.21379,0.1977,0.18047,0.16046,0.13846,0.11593,0.095656,0.07633,0.061676,0.050735,0.043027,0.038249,0.035979,0.03674,0.039879,0.045185,0.052415,0.060934,0.071262,0.082319,0.093501,0.10467,0.11579,0.12637,0.13574,0.1437,0.15001,0.15405,0.15547,0.15301,0.14693,0.13773,0.12467,0.10857,0.090527,0.073133,0.059678,0.050144,0.044295,0.042629,0.04419,0.047972,0.053827,0.061866,0.072109,0.083784,0.096708,0.11265,0.12934,0.14558,0.16066,0.17253,0.1793,0.17964,0.17334,0.16064,0.14341,0.12369,0.10269,0.084562,0.066617,0.05007,0.036669,0.026709,0.019205,0.014001,0.010961,0.009505,0.0091251,0.0094063,0.010128,0.011309,0.013186,0.016798
0.072165,0.079333,0.082234,0.081101,0.077015,0.071031,0.063863,0.056282,0.04905,0.042754,0.037956,0.035996,0.036149,0.038246,0.042828,0.050587,0.061606,0.077239,0.096865,0.11754,0.13762,0.15538,0.16992,0.18031,0.18626,0.18758,0.18403,0.17584,0.16542,0.15204,0.13631,0.11899,0.10236,0.085605,0.071419,0.059773,0.050736,0.044075,0.039443,0.037049,0.036499,0.038343,0.042284,0.047606,0.05454,0.062387,0.070831,0.079508,0.088044,0.095681,0.10184,0.10633,0.10899,0.10936,0.10737,0.10251,0.095346,0.086933,0.076327,0.064796,0.054206,0.047056,0.043065,0.041575,0.043125,0.04892,0.058645,0.071528,0.086979,0.10453,0.12316,0.142,0.16055,0.18025,0.19883,0.21538,0.2293,0.23883,0.24262,0.2396,0.22949,0.21278,0.19174,0.16831,0.14368,0.12159,0.099472,0.078326,0.060496,0.046344,0.0348,0.025925,0.019483,0.015239,0.012846,0.011674,0.011419,0.011802,0.012928,0.015853
0.068271,0.075171,0.077823,0.076488,0.072215,0.066002,0.058626,0.051017,0.043761,0.037412,0.032448,0.030196,0.029733,0.030781,0.033756,0.03905,0.046811,0.05781,0.07168,0.087194,0.10312,0.11833,0.13216,0.14371,0.15264,0.15825,0.15979,0.15688,0.1515,0.14299,0.13191,0.11866,0.10487,0.089904,0.07584,0.063458,0.053205,0.044336,0.03686,0.030883,0.02657,0.02489,0.024949,0.026387,0.029188,0.032721,0.036995,0.041786,0.046776,0.05138,0.05504,0.057405,0.058436,0.058041,0.056226,0.052653,0.048145,0.043723,0.039303,0.036728,0.036033,0.037688,0.041759,0.048343,0.058678,0.074507,0.094302,0.11594,0.13824,0.16077,0.18289,0.20368,0.223,0.24198,0.25909,0.27398,0.28577,0.29287,0.29269,0.28469,0.26896,0.24657,0.22142,0.19579,0.17026,0.14731,0.12505,0.10369,0.085033,0.068816,0.054804,0.043301,0.034454,0.028342,0.024286,0.021656,0.020051,0.019108,0.018818,0.019829
0.061288,0.066688,0.06878,0.067589,0.063963,0.058712,0.052443,0.04592,0.039516,0.033655,0.028786,0.02613,0.024566,0.023822,0.024065,0.025551,0.028384,0.032975,0.039207,0.046664,0.055242,0.064502,0.074153,0.083685,0.092673,0.10042,0.10574,0.10842,0.10971,0.10903,0.10563,0.099679,0.09201,0.082659,0.072858,0.063436,0.054891,0.046487,0.038388,0.030818,0.024207,0.020212,0.017919,0.017001,0.017367,0.018662,0.020837,0.023803,0.027097,0.030186,0.0328,0.034596,0.035523,0.03556,0.034943,0.033618,0.032315,0.031893,0.032525,0.036083,0.041871,0.050338,0.061246,0.07494,0.091295,0.11169,0.13505,0.15963,0.18458,0.21,0.23562,0.26065,0.28477,0.30806,0.32842,0.34349,0.35124,0.35065,0.34056,0.32195,0.29592,0.26498,0.2343,0.20597,0.18034,0.15751,0.13604,0.11555,0.097605,0.081617,0.067663,0.056207,0.04747,0.041391,0.037256,0.0342,0.031895,0.029947,0.028205,0.027141
0.049826,0.052174,0.052717,0.051549,0.049191,0.046034,0.042346,0.03849,0.034802,0.03126,0.028069,0.025836,0.02386,0.022086,0.020636,0.019421,0.018899,0.019471,0.021194,0.023765,0.027067,0.031213,0.036403,0.042651,0.049869,0.057607,0.064824,0.071059,0.076791,0.0813,0.083824,0.083944,0.081901,0.077954,0.072616,0.06694,0.061079,0.054208,0.046414,0.037914,0.0296,0.02326,0.01834,0.015332,0.013848,0.013267,0.013512,0.014495,0.015933,0.017592,0.019287,0.02082,0.022139,0.023327,0.024742,0.026388,0.028794,0.032664,0.037983,0.048116,0.06214,0.078834,0.096567,0.11484,0.13396,0.15565,0.17937,0.20394,0.22879,0.25388,0.27917,0.30362,0.32546,0.34334,0.35538,0.36021,0.35735,0.34753,0.33041,0.30755,0.28019,0.25051,0.22308,0.1984,0.17651,0.15718,0.13904,0.12159,0.1059,0.091162,0.077967,0.066941,0.057855,0.051167,0.046435,0.042869,0.040098,0.037648,0.035258,0.033426
0.040741,0.041225,0.041403,0.040855,0.039725,0.038188,0.036421,0.034563,0.032755,0.030786,0.028783,0.027014,0.02517,0.023182,0.021038,0.018818,0.017061,0.015932,0.015566,0.015886,0.016816,0.018335,0.020704,0.024038,0.028257,0.033345,0.038911,0.044414,0.050339,0.056197,0.06121,0.06494,0.067064,0.067394,0.066039,0.063666,0.060384,0.055597,0.049277,0.041626,0.033399,0.026162,0.020253,0.016305,0.014066,0.012793,0.012463,0.012896,0.013958,0.015465,0.017209,0.019023,0.020946,0.023237,0.026361,0.03069,0.036748,0.045579,0.05747,0.077153,0.10118,0.12613,0.15036,0.17351,0.19592,0.21895,0.24211,0.26509,0.28639,0.30574,0.32252,0.33514,0.34279,0.34503,0.34172,0.33237,0.31781,0.29975,0.27852,0.25541,0.23135,0.20791,0.18774,0.16988,0.15423,0.14073,0.12828,0.11659,0.10606,0.095877,0.086576,0.078741,0.071918,0.066679,0.062641,0.05933,0.056449,0.053478,0.050036,0.046541
0.037531,0.037261,0.037636,0.037863,0.037775,0.037338,0.036577,0.035651,0.034606,0.03322,0.031595,0.029659,0.027349,0.024748,0.021865,0.018807,0.016247,0.014239,0.013047,0.012468,0.012541,0.01291,0.013583,0.014884,0.016882,0.01961,0.022953,0.026599,0.031132,0.036406,0.041931,0.047231,0.051684,0.054937,0.056886,0.057707,0.057235,0.055106,0.051371,0.046267,0.040199,0.034034,0.028454,0.024112,0.021099,0.019107,0.018205,0.018065,0.01864,0.019877,0.021907,0.024636,0.028207,0.032866,0.039454,0.049059,0.061993,0.07948,0.10149,0.13096,0.16308,0.19387,0.22141,0.24503,0.26476,0.28111,0.29397,0.30359,0.30927,0.31128,0.30981,0.30478,0.29677,0.28584,0.27284,0.25782,0.24198,0.22639,0.21098,0.19523,0.17939,0.16469,0.15332,0.14441,0.13738,0.13154,0.12589,0.12008,0.11431,0.10797,0.10143,0.095146,0.08877,0.083306,0.078654,0.074606,0.070979,0.067203,0.062839,0.058318
0.043445,0.044765,0.046958,0.048636,0.049723,0.050267,0.050317,0.050006,0.049452,0.048422,0.047129,0.045459,0.043521,0.041451,0.03902,0.036213,0.033422,0.030911,0.028843,0.027246,0.026201,0.025545,0.02507,0.024966,0.025339,0.026206,0.027563,0.029134,0.031229,0.033927,0.037054,0.040469,0.044088,0.047565,0.050414,0.052582,0.05371,0.053574,0.052094,0.049539,0.046138,0.042287,0.038761,0.036228,0.034645,0.03372,0.033746,0.034681,0.036419,0.038786,0.041828,0.045622,0.050476,0.056974,0.066625,0.080492,0.098282,0.1197,0.14422,0.17298,0.20096,0.22475,0.24265,0.25465,0.2611,0.2621,0.2586,0.25248,0.24418,0.23457,0.22462,0.21473,0.20528,0.19617,0.18766,0.1796,0.17153,0.16392,0.15682,0.14924,0.14138,0.13417,0.1297,0.12698,0.12552,0.12502,0.1247,0.12413,0.12328,0.1219,0.12016,0.11812,0.11525,0.11222,0.10894,0.10531,0.10102,0.095302,0.087473,0.078163
0.05045,0.05207,0.054056,0.055244,0.055659,0.055669,0.055371,0.054901,0.054438,0.053848,0.053343,0.05269,0.05208,0.05143,0.050504,0.049159,0.047648,0.046105,0.045,0.044226,0.044059,0.044213,0.044482,0.044713,0.044779,0.044662,0.04455,0.044066,0.043573,0.043279,0.043191,0.043887,0.045506,0.047435,0.049544,0.051681,0.053318,0.054321,0.054536,0.054047,0.053175,0.051856,0.050646,0.050199,0.050478,0.051395,0.053247,0.056074,0.059519,0.063585,0.068487,0.074265,0.081172,0.089687,0.1011,0.11608,0.13357,0.1527,0.17278,0.1933,0.20996,0.22113,0.22617,0.22573,0.2211,0.2128,0.20259,0.19225,0.18242,0.17333,0.16509,0.15782,0.15145,0.14539,0.13975,0.13414,0.1286,0.12345,0.1194,0.11524,0.11096,0.10733,0.10548,0.1053,0.10656,0.10911,0.11215,0.11557,0.11882,0.12129,0.12323,0.12465,0.12491,0.12448,0.1231,0.12064,0.1168,0.11071,0.10168,0.090141
0.068381,0.070921,0.073053,0.074043,0.074239,0.074055,0.073708,0.073579,0.07402,0.075013,0.076799,0.079108,0.082143,0.085687,0.089418,0.092941,0.096057,0.098373,0.099812,0.099831,0.098924,0.09696,0.09383,0.089614,0.084673,0.079351,0.07388,0.067982,0.062187,0.056886,0.052265,0.049284,0.047844,0.048305,0.049947,0.052537,0.05575,0.059437,0.063435,0.067608,0.072195,0.076819,0.082071,0.088143,0.094517,0.10124,0.10832,0.11563,0.12262,0.12892,0.13458,0.13931,0.14297,0.1459,0.14907,0.15305,0.15701,0.15994,0.16209,0.16323,0.1621,0.15911,0.15484,0.14934,0.14305,0.13579,0.12799,0.12043,0.11332,0.10707,0.10169,0.097249,0.093585,0.090412,0.087878,0.085833,0.084114,0.082759,0.082371,0.082223,0.082126,0.082485,0.083998,0.086809,0.09046,0.094846,0.099861,0.10542,0.11113,0.11671,0.12222,0.12709,0.1306,0.13293,0.13388,0.13323,0.13048,0.1246,0.11442,0.10064
0.066,0.074912,0.081299,0.085126,0.087219,0.088453,0.089474,0.090612,0.091828,0.093413,0.095519,0.096965,0.097584,0.097621,0.096931,0.096055,0.095758,0.095883,0.096695,0.098626,0.10173,0.1063,0.11179,0.1172,0.12207,0.12483,0.12497,0.12235,0.11685,0.10868,0.098401,0.087483,0.077887,0.069514,0.063075,0.058459,0.056598,0.056935,0.058696,0.061625,0.065183,0.068777,0.072666,0.076662,0.081192,0.086579,0.09297,0.10003,0.10778,0.11598,0.12423,0.13185,0.13894,0.14501,0.1502,0.15417,0.15766,0.16029,0.16089,0.15984,0.1568,0.15146,0.14394,0.13553,0.12671,0.1179,0.10977,0.10241,0.095977,0.090415,0.08562,0.08158,0.078334,0.076159,0.075063,0.075507,0.077404,0.081405,0.088105,0.09658,0.10606,0.11438,0.12028,0.12351,0.12394,0.12187,0.11734,0.11103,0.10345,0.095764,0.088779,0.082957,0.079379,0.077044,0.076206,0.075686,0.074735,0.072538,0.068566,0.063701
0.053936,0.060034,0.064221,0.066218,0.066603,0.065994,0.064846,0.063437,0.062058,0.061141,0.06141,0.062035,0.063257,0.065268,0.067888,0.071663,0.077077,0.08386,0.092224,0.10165,0.11159,0.12201,0.13221,0.14139,0.14891,0.15312,0.15344,0.14949,0.14175,0.13022,0.11555,0.099789,0.085655,0.073378,0.063389,0.055237,0.049718,0.046631,0.04572,0.047277,0.050771,0.055894,0.062161,0.069165,0.076855,0.085288,0.094409,0.10359,0.11238,0.12038,0.12697,0.13171,0.13455,0.13585,0.13578,0.13451,0.13299,0.1312,0.1281,0.1243,0.1198,0.11515,0.1098,0.10481,0.10015,0.095489,0.09124,0.08714,0.083169,0.079424,0.075885,0.072975,0.070853,0.069885,0.070639,0.074159,0.079972,0.088982,0.10193,0.11733,0.13426,0.14916,0.15993,0.16627,0.1678,0.165,0.15752,0.14591,0.13083,0.11422,0.09767,0.082561,0.070736,0.061388,0.055158,0.051144,0.04817,0.045405,0.042405,0.0401
0.047139,0.051668,0.054483,0.055275,0.054489,0.052696,0.050359,0.047924,0.045482,0.043494,0.042603,0.042429,0.043279,0.045319,0.048692,0.053972,0.061555,0.071322,0.083733,0.098124,0.114,0.13044,0.14624,0.16035,0.17141,0.17736,0.17746,0.17164,0.16063,0.14485,0.1254,0.10478,0.085891,0.069567,0.05655,0.046117,0.038574,0.033761,0.03117,0.030835,0.032454,0.036359,0.042171,0.04947,0.057767,0.066498,0.075585,0.083906,0.091274,0.096986,0.10052,0.10166,0.10096,0.099359,0.096743,0.093198,0.089648,0.086122,0.082165,0.078513,0.075212,0.072585,0.070375,0.069473,0.06944,0.069934,0.070831,0.071744,0.072443,0.073222,0.074171,0.07571,0.078033,0.081551,0.087412,0.097795,0.1114,0.12879,0.15032,0.17393,0.19835,0.219,0.23299,0.23991,0.23969,0.23295,0.21939,0.20006,0.17607,0.15005,0.12422,0.10073,0.081897,0.06676,0.056295,0.049693,0.0449,0.041122,0.037997,0.036295
0.037863,0.040087,0.041428,0.041483,0.040384,0.03852,0.036204,0.033641,0.031182,0.029066,0.027571,0.026593,0.026515,0.027569,0.029864,0.033824,0.039842,0.048153,0.059428,0.072725,0.087965,0.10449,0.12112,0.13718,0.15082,0.16037,0.16462,0.1633,0.15685,0.1452,0.12903,0.11062,0.092273,0.075564,0.061338,0.04861,0.038361,0.030521,0.024936,0.022163,0.021595,0.022971,0.026062,0.030833,0.036463,0.0426,0.049343,0.055544,0.061028,0.065129,0.067383,0.067332,0.065739,0.063942,0.061706,0.059328,0.057323,0.055547,0.053678,0.052425,0.051883,0.052302,0.05428,0.058223,0.063599,0.07,0.076626,0.082988,0.088761,0.094156,0.099206,0.10422,0.10963,0.11588,0.12443,0.13797,0.15496,0.17624,0.20272,0.23155,0.25961,0.28122,0.29369,0.29713,0.29186,0.27921,0.25948,0.2343,0.20546,0.17551,0.14653,0.12066,0.099264,0.081739,0.069208,0.061277,0.055554,0.05109,0.047322,0.044709
0.037185,0.038928,0.040146,0.040369,0.0397,0.038408,0.036733,0.03472,0.032421,0.0301,0.027915,0.026026,0.024682,0.024104,0.024488,0.026109,0.029233,0.033987,0.041526,0.05139,0.063376,0.076624,0.090819,0.10553,0.11884,0.12943,0.1361,0.13786,0.13493,0.1272,0.11513,0.10086,0.085569,0.07123,0.058406,0.046358,0.036231,0.02813,0.021695,0.017331,0.014964,0.014357,0.015136,0.016876,0.019313,0.022275,0.026127,0.030006,0.033656,0.036745,0.038777,0.039395,0.039373,0.039985,0.040632,0.041667,0.04307,0.044405,0.045724,0.047642,0.050492,0.05479,0.061276,0.07016,0.080427,0.091509,0.10242,0.11244,0.12103,0.12817,0.13395,0.13866,0.1426,0.14671,0.15288,0.16423,0.1799,0.20136,0.22858,0.25662,0.28214,0.30083,0.31087,0.31266,0.30651,0.29399,0.27468,0.2504,0.22295,0.19468,0.16779,0.14432,0.12477,0.10837,0.096086,0.088091,0.081981,0.076672,0.071201,0.065255
0.030401,0.029752,0.029577,0.029173,0.02858,0.027899,0.027197,0.026394,0.025563,0.024668,0.023561,0.022343,0.021164,0.02011,0.019358,0.019306,0.02032,0.022913,0.027886,0.0347,0.043252,0.052878,0.063153,0.07406,0.084079,0.092554,0.098523,0.10087,0.099617,0.094805,0.086736,0.077024,0.066569,0.056536,0.047108,0.037751,0.029446,0.02248,0.01695,0.013239,0.011135,0.010576,0.010952,0.012122,0.013755,0.015772,0.018278,0.020851,0.023545,0.026135,0.028298,0.029646,0.030764,0.032404,0.034487,0.037431,0.040955,0.04478,0.049133,0.054696,0.061755,0.071051,0.083423,0.098724,0.11527,0.13228,0.14822,0.16211,0.17319,0.18134,0.18667,0.18961,0.19048,0.19028,0.19112,0.19611,0.20494,0.21827,0.23431,0.25063,0.26518,0.27534,0.2801,0.27996,0.27501,0.26624,0.25329,0.23683,0.21792,0.19784,0.17921,0.1627,0.14832,0.13595,0.12637,0.1198,0.11419,0.10819,0.10036,0.090203
0.024304,0.021937,0.02079,0.020086,0.019535,0.019065,0.018684,0.018372,0.018172,0.01817,0.017808,0.016988,0.016058,0.015035,0.01415,0.013667,0.01363,0.014553,0.016797,0.020124,0.024086,0.028741,0.034022,0.03979,0.045478,0.050943,0.055588,0.058488,0.059323,0.058111,0.054826,0.05055,0.04572,0.040856,0.03594,0.030634,0.025674,0.0213,0.017688,0.014791,0.012905,0.011974,0.01148,0.011468,0.011839,0.012561,0.013765,0.015515,0.017786,0.020634,0.023728,0.02667,0.030048,0.034304,0.039794,0.047475,0.056363,0.066285,0.07705,0.08912,0.10284,0.11854,0.13687,0.15723,0.1774,0.1966,0.21336,0.22691,0.23639,0.24119,0.24188,0.23896,0.23242,0.22362,0.21455,0.20718,0.20127,0.19806,0.19811,0.20132,0.20605,0.21009,0.21221,0.21275,0.21155,0.20906,0.20475,0.19896,0.19199,0.18419,0.17793,0.17212,0.16627,0.16061,0.15574,0.15172,0.14718,0.14073,0.13058,0.11591
0.021733,0.018945,0.017511,0.016602,0.015994,0.015606,0.015489,0.015632,0.016144,0.016935,0.017457,0.017595,0.01762,0.017289,0.01647,0.015558,0.014634,0.013738,0.013268,0.013364,0.013798,0.015039,0.016932,0.019276,0.021921,0.0251,0.028469,0.031264,0.033214,0.03429,0.034277,0.033734,0.032827,0.03158,0.029764,0.027452,0.025166,0.023169,0.021394,0.019963,0.019061,0.018619,0.018332,0.018312,0.018635,0.019373,0.020806,0.023012,0.026145,0.030224,0.035014,0.040009,0.045488,0.051686,0.059638,0.071255,0.084586,0.09929,0.11512,0.13201,0.1499,0.16836,0.18774,0.20752,0.22605,0.24294,0.25689,0.26724,0.27329,0.27429,0.27046,0.26177,0.2483,0.23135,0.21274,0.19374,0.17567,0.1621,0.15402,0.15209,0.15349,0.15575,0.15781,0.15982,0.16136,0.16277,0.16431,0.16569,0.16691,0.16824,0.17069,0.17309,0.1748,0.17583,0.17635,0.17595,0.17354,0.16748,0.1556,0.1372
0.018436,0.015299,0.013501,0.012368,0.011563,0.01105,0.010804,0.010879,0.011529,0.012812,0.014412,0.01589,0.017317,0.018385,0.018673,0.018421,0.01758,0.016219,0.014594,0.013443,0.012538,0.012042,0.011963,0.012256,0.012921,0.013976,0.015466,0.016983,0.018478,0.020101,0.021818,0.024047,0.026475,0.028765,0.030228,0.031118,0.031911,0.032724,0.033005,0.033129,0.033532,0.033811,0.033878,0.034117,0.034874,0.036449,0.039256,0.043518,0.049004,0.055466,0.062535,0.069774,0.077485,0.085482,0.095068,0.10854,0.12352,0.13983,0.15713,0.17518,0.19382,0.21212,0.23019,0.24793,0.26403,0.27763,0.28746,0.293,0.29284,0.28629,0.27398,0.25666,0.23514,0.21089,0.18564,0.16044,0.13797,0.12018,0.10788,0.10159,0.098884,0.098047,0.098424,0.10054,0.10381,0.10827,0.11422,0.12106,0.1284,0.13607,0.14494,0.15404,0.16237,0.16917,0.17416,0.17687,0.17627,0.17077,0.15842,0.13888
0.018461,0.01529,0.013509,0.012399,0.011613,0.011152,0.011034,0.011308,0.01215,0.013538,0.015263,0.017264,0.01932,0.021296,0.022502,0.023067,0.02288,0.021881,0.02021,0.018271,0.016095,0.014062,0.012414,0.01112,0.010093,0.0092908,0.0087843,0.0085789,0.009008,0.010049,0.011738,0.014292,0.017606,0.021419,0.024725,0.02797,0.031842,0.036376,0.041306,0.046493,0.051793,0.056043,0.059362,0.062107,0.064773,0.067968,0.072775,0.079203,0.086847,0.095377,0.10423,0.11281,0.12119,0.12921,0.13817,0.15068,0.16449,0.17988,0.19725,0.21605,0.23581,0.25502,0.27378,0.29069,0.30344,0.3106,0.31177,0.30814,0.29882,0.28378,0.26415,0.24134,0.21641,0.18968,0.16232,0.13516,0.10965,0.08802,0.072148,0.063569,0.05927,0.05744,0.057313,0.058988,0.062045,0.066766,0.073679,0.082204,0.091936,0.10183,0.11208,0.12181,0.13041,0.13744,0.14272,0.14584,0.14611,0.14219,0.13242,0.11658
0.020047,0.018015,0.01692,0.016189,0.015551,0.014952,0.01446,0.014078,0.013975,0.014211,0.014733,0.016177,0.018127,0.020463,0.022642,0.024422,0.02565,0.025899,0.025143,0.023657,0.021283,0.018656,0.016042,0.013645,0.011614,0.0099267,0.008618,0.0076448,0.0072224,0.0073291,0.0081166,0.0096679,0.012424,0.016611,0.021675,0.028531,0.038175,0.050047,0.062654,0.075204,0.087423,0.097328,0.10517,0.11164,0.11721,0.12273,0.12999,0.13862,0.14802,0.15757,0.16658,0.17447,0.1814,0.18735,0.19421,0.20447,0.21629,0.22964,0.24376,0.25785,0.27149,0.28233,0.28998,0.2935,0.29217,0.28564,0.27477,0.26249,0.24779,0.22998,0.20978,0.18809,0.16572,0.14181,0.11729,0.092674,0.069819,0.051823,0.039835,0.033862,0.03109,0.029774,0.029118,0.02956,0.030952,0.033721,0.038877,0.046233,0.055225,0.065065,0.075315,0.085292,0.094456,0.10231,0.10872,0.11319,0.11513,0.11339,0.10664,0.094541
0.026165,0.025729,0.025477,0.024991,0.024142,0.02296,0.021542,0.019972,0.018425,0.017009,0.016015,0.016245,0.017263,0.019078,0.02133,0.023718,0.026133,0.027845,0.028709,0.028822,0.028043,0.026532,0.024332,0.021721,0.019026,0.016186,0.013763,0.011564,0.0098087,0.0089938,0.0088973,0.0095676,0.011435,0.015221,0.020578,0.029187,0.042326,0.059549,0.078663,0.09803,0.11677,0.13248,0.14536,0.15619,0.16536,0.17411,0.18506,0.19763,0.21109,0.22521,0.23931,0.25221,0.26315,0.27117,0.27692,0.2823,0.28595,0.28775,0.28793,0.28771,0.28582,0.28113,0.27398,0.26458,0.25254,0.23793,0.22114,0.20454,0.18633,0.16635,0.14532,0.12458,0.10532,0.086076,0.067906,0.051466,0.038603,0.029651,0.024066,0.022036,0.02174,0.022022,0.022255,0.022797,0.023543,0.024692,0.026717,0.030266,0.035244,0.041285,0.048509,0.056247,0.063845,0.07065,0.076454,0.080724,0.083176,0.08305,0.079375,0.071742
0.035696,0.037735,0.038821,0.038818,0.037911,0.036291,0.03408,0.03135,0.028194,0.024959,0.02218,0.020804,0.020188,0.021098,0.023458,0.026374,0.029769,0.032687,0.034862,0.036443,0.037272,0.037366,0.03651,0.0348,0.032156,0.028595,0.02468,0.020719,0.01692,0.014367,0.013027,0.012942,0.014206,0.017381,0.022869,0.032102,0.047094,0.067473,0.090313,0.1131,0.13542,0.15472,0.17115,0.18578,0.19888,0.21266,0.23048,0.25192,0.27447,0.29596,0.31475,0.32946,0.33921,0.34332,0.34183,0.33556,0.32448,0.30906,0.29154,0.27612,0.26072,0.24494,0.2283,0.21049,0.19142,0.17116,0.14948,0.12902,0.1088,0.089284,0.071183,0.055847,0.044564,0.035664,0.029088,0.02451,0.021953,0.021105,0.021628,0.023229,0.024962,0.026182,0.026549,0.02627,0.025407,0.02445,0.023642,0.023392,0.023746,0.024781,0.027109,0.030886,0.035473,0.040125,0.044588,0.048236,0.050778,0.051789,0.050804,0.047732
0.05477,0.060206,0.063273,0.063962,0.062785,0.060127,0.056309,0.051562,0.046044,0.040263,0.035036,0.031518,0.028915,0.027808,0.028521,0.0302,0.032811,0.035704,0.038451,0.041056,0.043367,0.04519,0.046003,0.045843,0.044363,0.041389,0.037264,0.032314,0.027225,0.023456,0.021441,0.020953,0.021935,0.024943,0.030273,0.039231,0.053793,0.075306,0.10051,0.12678,0.15337,0.17764,0.19939,0.22008,0.23993,0.26095,0.28464,0.30868,0.33021,0.34736,0.35912,0.36444,0.36314,0.35484,0.33947,0.31799,0.29216,0.26416,0.23866,0.21877,0.19992,0.18124,0.16223,0.14295,0.12339,0.10427,0.085162,0.068377,0.05341,0.040822,0.031111,0.024719,0.02208,0.021186,0.0217,0.023723,0.027502,0.03231,0.037805,0.042953,0.046861,0.048895,0.048737,0.046683,0.043174,0.038805,0.033592,0.028701,0.024502,0.021586,0.019903,0.019765,0.02088,0.022431,0.024316,0.026158,0.027765,0.028884,0.029432,0.029555
0.073517,0.082825,0.088103,0.089564,0.08809,0.084325,0.078847,0.07192,0.063734,0.055061,0.047149,0.040945,0.036315,0.034039,0.034137,0.035556,0.038077,0.041336,0.045084,0.049241,0.053626,0.057888,0.061033,0.06303,0.063082,0.060863,0.056535,0.050252,0.042961,0.03668,0.032046,0.028957,0.027397,0.028013,0.030663,0.036221,0.046705,0.064822,0.087808,0.11335,0.14038,0.16634,0.19031,0.21321,0.23492,0.25735,0.28029,0.30211,0.32,0.33229,0.33844,0.33765,0.32992,0.31544,0.29473,0.26973,0.24312,0.21671,0.19209,0.17179,0.15138,0.13082,0.11096,0.092257,0.074944,0.059892,0.046467,0.036112,0.028541,0.023558,0.02043,0.0192,0.020803,0.024053,0.029428,0.038175,0.050145,0.063802,0.076853,0.087581,0.094898,0.098148,0.097251,0.09239,0.084212,0.073592,0.060667,0.047125,0.034475,0.024755,0.017401,0.013146,0.011193,0.010357,0.010363,0.010854,0.0117,0.012703,0.013953,0.016048
0.086612,0.098774,0.10587,0.10823,0.10696,0.10284,0.096508,0.088318,0.078541,0.067927,0.057476,0.048229,0.040231,0.035314,0.032974,0.032158,0.032982,0.035335,0.039037,0.044277,0.050588,0.057236,0.06301,0.067597,0.070047,0.069745,0.066467,0.060233,0.052118,0.044406,0.037938,0.033071,0.029663,0.028569,0.029654,0.033219,0.039677,0.051501,0.068226,0.08871,0.11181,0.13494,0.15687,0.17802,0.19775,0.21659,0.23387,0.24915,0.2614,0.2695,0.27333,0.27219,0.26615,0.2556,0.24085,0.22251,0.20114,0.17725,0.15294,0.13179,0.11081,0.091035,0.072807,0.056892,0.043682,0.033829,0.026366,0.021693,0.019237,0.018792,0.020488,0.024398,0.032456,0.043849,0.059157,0.080682,0.10559,0.13023,0.15241,0.17001,0.18176,0.18687,0.18535,0.17757,0.16443,0.14677,0.12488,0.10041,0.075126,0.053825,0.036263,0.024517,0.017812,0.013865,0.011695,0.010632,0.010321,0.010465,0.011109,0.012943
0.095167,0.10993,0.11861,0.12162,0.12034,0.11569,0.10856,0.099425,0.088758,0.077455,0.06662,0.05677,0.048217,0.042823,0.03994,0.038877,0.039211,0.041511,0.045203,0.050109,0.055957,0.062476,0.068631,0.074026,0.077645,0.078802,0.077028,0.072032,0.064611,0.056521,0.048412,0.041147,0.03506,0.031431,0.029756,0.02992,0.032041,0.03744,0.046111,0.058022,0.072871,0.08912,0.10552,0.12172,0.13737,0.1521,0.16478,0.17496,0.18207,0.18566,0.18664,0.18466,0.1796,0.17119,0.15937,0.14464,0.12712,0.10759,0.088318,0.072091,0.056928,0.043856,0.032976,0.024683,0.01913,0.016375,0.015459,0.016354,0.018987,0.023764,0.031392,0.042629,0.060495,0.083098,0.10924,0.14061,0.17334,0.20383,0.22999,0.25004,0.2631,0.26847,0.26617,0.25656,0.24057,0.21875,0.19147,0.16032,0.12733,0.098122,0.071698,0.05147,0.038085,0.02863,0.022545,0.01896,0.016888,0.015731,0.015576,0.017405
0.091423,0.1059,0.11436,0.11712,0.11565,0.1109,0.10379,0.094848,0.084516,0.073526,0.062545,0.051864,0.042204,0.035717,0.031616,0.029718,0.029582,0.030953,0.033532,0.037057,0.041357,0.04637,0.051405,0.056301,0.060253,0.062501,0.062455,0.059853,0.055124,0.049301,0.042736,0.036505,0.030554,0.026355,0.023527,0.021788,0.021407,0.023159,0.026764,0.031699,0.038002,0.0457,0.054422,0.064257,0.075287,0.086444,0.09609,0.1035,0.1084,0.11025,0.11018,0.10813,0.10422,0.098382,0.09089,0.081893,0.071617,0.060706,0.05042,0.041892,0.034343,0.027773,0.022757,0.019903,0.01957,0.021663,0.025857,0.032126,0.040553,0.051376,0.064945,0.081533,0.10409,0.13002,0.15898,0.19434,0.23274,0.27169,0.3091,0.34035,0.36157,0.37026,0.36655,0.35102,0.32593,0.29398,0.25776,0.21922,0.17947,0.14442,0.1124,0.087079,0.068767,0.054636,0.044215,0.036992,0.032254,0.029148,0.027227,0.027098
0.068849,0.077264,0.081893,0.083097,0.081905,0.078876,0.074577,0.069276,0.063055,0.056181,0.048971,0.041248,0.033639,0.0278,0.023205,0.020594,0.019945,0.020883,0.022922,0.025699,0.02891,0.032761,0.036821,0.040901,0.044691,0.04753,0.049059,0.048948,0.04723,0.044332,0.040413,0.036238,0.031649,0.027815,0.024365,0.021322,0.018583,0.016746,0.016103,0.016205,0.017052,0.018864,0.021463,0.025004,0.029764,0.035031,0.039801,0.043657,0.046366,0.047621,0.048107,0.047758,0.046555,0.044562,0.04201,0.038962,0.035733,0.032611,0.030149,0.028485,0.027329,0.027255,0.028517,0.031362,0.036852,0.044831,0.05503,0.067331,0.081749,0.097666,0.11486,0.13343,0.15594,0.18084,0.20888,0.24315,0.28231,0.32359,0.36087,0.38961,0.40769,0.41407,0.40918,0.3931,0.36716,0.33273,0.29206,0.25027,0.21007,0.17619,0.14538,0.12008,0.10072,0.08521,0.073213,0.064333,0.057831,0.052814,0.048484,0.044701
0.055847,0.060742,0.063458,0.064174,0.06347,0.061696,0.05928,0.056396,0.05294,0.049027,0.044768,0.039877,0.034677,0.029987,0.025298,0.021868,0.020149,0.019897,0.02057,0.022102,0.024326,0.027112,0.030045,0.033135,0.036298,0.039123,0.041178,0.042142,0.041788,0.040463,0.038012,0.035099,0.031621,0.028289,0.024925,0.021704,0.018469,0.015409,0.013053,0.011497,0.010591,0.010578,0.011509,0.013568,0.016674,0.02026,0.023801,0.026892,0.029341,0.030707,0.031482,0.03183,0.031773,0.031361,0.030791,0.030155,0.030207,0.030983,0.032965,0.035774,0.0393,0.04371,0.049194,0.056051,0.0652,0.076479,0.089424,0.10321,0.11769,0.13255,0.14756,0.16276,0.17986,0.19833,0.22,0.24742,0.28029,0.31357,0.3424,0.36423,0.37811,0.38375,0.38156,0.37156,0.35409,0.32932,0.29762,0.26251,0.2275,0.19855,0.17283,0.15081,0.1323,0.11655,0.10362,0.093481,0.085587,0.078727,0.071716,0.064383
0.039635,0.041116,0.041939,0.04197,0.041479,0.040685,0.039784,0.038865,0.037814,0.036565,0.034937,0.032571,0.029614,0.026265,0.022265,0.018829,0.016567,0.015119,0.014645,0.014879,0.015792,0.017329,0.019226,0.021465,0.024236,0.027218,0.030211,0.032767,0.034415,0.035373,0.035273,0.034309,0.032474,0.030177,0.027397,0.024494,0.021477,0.018357,0.015649,0.013252,0.011509,0.010578,0.010548,0.011607,0.013473,0.015875,0.018448,0.021111,0.023633,0.025713,0.027611,0.02949,0.031474,0.033817,0.036728,0.040301,0.045677,0.052808,0.061377,0.070227,0.079308,0.088151,0.096484,0.10461,0.11354,0.12377,0.13448,0.14531,0.15634,0.16734,0.17813,0.18833,0.19855,0.209,0.22178,0.23726,0.25453,0.27153,0.28629,0.29744,0.30486,0.30873,0.30908,0.30618,0.29946,0.28899,0.27418,0.25564,0.2343,0.21439,0.19535,0.17775,0.16192,0.14814,0.13667,0.12714,0.11892,0.11075,0.10115,0.089718
0.029481,0.028559,0.028264,0.028222,0.028322,0.028668,0.029301,0.030205,0.031095,0.031822,0.032126,0.031576,0.030312,0.028203,0.025142,0.022044,0.019659,0.01773,0.016027,0.014732,0.013712,0.013173,0.012983,0.013187,0.013981,0.015307,0.017293,0.019786,0.022301,0.024822,0.026765,0.028163,0.028788,0.0287,0.027783,0.026195,0.024198,0.021963,0.019818,0.017656,0.01599,0.015115,0.015239,0.016641,0.019029,0.022149,0.025855,0.029888,0.033907,0.037923,0.042124,0.046713,0.051741,0.057655,0.064881,0.0735,0.085688,0.10073,0.11689,0.13176,0.14475,0.15489,0.16192,0.16641,0.16948,0.17376,0.17821,0.18229,0.18607,0.18942,0.19195,0.19338,0.19351,0.19293,0.19274,0.19201,0.19195,0.19318,0.19587,0.19939,0.2031,0.20692,0.21029,0.21367,0.21632,0.2184,0.2193,0.21907,0.21639,0.21178,0.20541,0.19753,0.18848,0.17943,0.17101,0.16322,0.15534,0.14581,0.13294,0.11603
0.021994,0.019713,0.018625,0.018243,0.018333,0.018866,0.019779,0.020966,0.022169,0.023543,0.024811,0.025587,0.025877,0.025477,0.024211,0.022632,0.021095,0.019444,0.017734,0.016048,0.014663,0.013514,0.01261,0.011883,0.011626,0.0121,0.013336,0.015193,0.017357,0.019905,0.022258,0.024398,0.025959,0.027023,0.027526,0.0275,0.02724,0.026743,0.026495,0.026475,0.027625,0.029715,0.032842,0.037581,0.043077,0.049086,0.055317,0.061683,0.068026,0.074757,0.082104,0.090459,0.099595,0.10978,0.12092,0.13263,0.14676,0.16163,0.17522,0.18545,0.19202,0.19442,0.19344,0.19018,0.18581,0.18288,0.18085,0.17844,0.17568,0.17281,0.16975,0.16677,0.16303,0.15897,0.15543,0.15207,0.14941,0.14749,0.14646,0.14623,0.14696,0.14944,0.15312,0.15792,0.16281,0.16845,0.17379,0.17823,0.18165,0.1843,0.18586,0.18616,0.18474,0.18237,0.17929,0.17539,0.16984,0.16109,0.14721,0.12776
0.018193,0.015563,0.014434,0.014,0.014093,0.014633,0.015766,0.017352,0.019231,0.021384,0.023537,0.025258,0.026517,0.027063,0.026767,0.025869,0.024493,0.022648,0.020519,0.018322,0.016077,0.013953,0.012135,0.010476,0.0092438,0.0085445,0.0083034,0.0084554,0.0090999,0.010318,0.011894,0.013909,0.015965,0.018118,0.02009,0.022022,0.024133,0.026741,0.030251,0.034648,0.041249,0.049278,0.058489,0.06861,0.078699,0.088652,0.098266,0.1076,0.11682,0.12658,0.13716,0.14883,0.16138,0.17444,0.1876,0.19991,0.21264,0.22458,0.23428,0.23994,0.24117,0.23745,0.22962,0.21876,0.20613,0.19502,0.1851,0.17504,0.16493,0.15557,0.14708,0.13974,0.13262,0.12553,0.11897,0.11326,0.10853,0.1047,0.10183,0.10007,0.099683,0.10153,0.1053,0.1109,0.11712,0.12389,0.13053,0.13629,0.14095,0.1445,0.14746,0.15039,0.15252,0.15382,0.15428,0.15357,0.15085,0.14463,0.1332,0.1163
0.016632,0.014869,0.014211,0.013893,0.013883,0.014169,0.014872,0.016086,0.017772,0.02008,0.022687,0.025046,0.027103,0.028664,0.029573,0.030274,0.030441,0.030081,0.029152,0.027571,0.025576,0.023145,0.020548,0.017892,0.015371,0.01318,0.011686,0.010434,0.0099179,0.0099783,0.010455,0.011607,0.013256,0.015662,0.018569,0.022344,0.026786,0.032343,0.039564,0.048553,0.061122,0.075214,0.089738,0.10418,0.11782,0.1309,0.14303,0.15452,0.16573,0.17758,0.19017,0.20393,0.21809,0.23195,0.24518,0.25704,0.26861,0.27841,0.2844,0.28381,0.27636,0.26215,0.24411,0.2248,0.20632,0.19144,0.17891,0.16591,0.15262,0.13933,0.12655,0.11498,0.10384,0.092606,0.08182,0.072154,0.06384,0.057486,0.053033,0.050467,0.049586,0.051153,0.055102,0.061677,0.069811,0.079064,0.088861,0.098466,0.10694,0.11387,0.11994,0.1255,0.12963,0.13238,0.13405,0.13445,0.13281,0.12787,0.11816,0.10317
0.018632,0.017126,0.016645,0.016353,0.01621,0.016257,0.016657,0.017374,0.018572,0.020442,0.022778,0.025225,0.027833,0.030524,0.033102,0.036081,0.038984,0.041769,0.044094,0.04514,0.044914,0.043021,0.039859,0.035299,0.029795,0.0241,0.018584,0.013683,0.010695,0.0087125,0.0079172,0.0082686,0.0096868,0.012556,0.016708,0.022031,0.028417,0.036579,0.047103,0.060779,0.078156,0.096134,0.11366,0.13032,0.14614,0.1611,0.17503,0.18808,0.2011,0.21582,0.23297,0.25317,0.27537,0.29708,0.31639,0.33124,0.34069,0.34269,0.33644,0.32128,0.29871,0.2713,0.24502,0.22041,0.19763,0.17778,0.16027,0.14249,0.12478,0.10784,0.092352,0.079358,0.067992,0.05769,0.048606,0.041227,0.035363,0.031266,0.028635,0.027359,0.02717,0.028223,0.030325,0.033799,0.0383,0.043734,0.050133,0.057168,0.064302,0.070975,0.077587,0.084347,0.089799,0.093908,0.096783,0.098461,0.098362,0.095649,0.089404,0.079316
0.02433,0.023201,0.022746,0.022242,0.021714,0.021225,0.020808,0.020569,0.021049,0.022205,0.023748,0.025537,0.027802,0.03063,0.034304,0.039684,0.045427,0.051739,0.057787,0.062112,0.064707,0.064701,0.062273,0.05723,0.050071,0.041526,0.032657,0.024738,0.019893,0.016139,0.013475,0.011984,0.011947,0.013652,0.017259,0.02264,0.029876,0.039517,0.051916,0.0686,0.089027,0.10948,0.12928,0.14788,0.16585,0.18283,0.19881,0.21464,0.2321,0.25321,0.27824,0.30589,0.33302,0.35577,0.37257,0.38177,0.38178,0.37167,0.35208,0.32404,0.29022,0.25566,0.22623,0.1981,0.17073,0.14628,0.12517,0.10503,0.086231,0.06976,0.056527,0.046871,0.039433,0.033612,0.029155,0.026101,0.02406,0.022954,0.022568,0.022584,0.023162,0.024038,0.024877,0.025965,0.027232,0.028735,0.030663,0.033494,0.03736,0.042081,0.047889,0.054668,0.060719,0.065699,0.069543,0.072253,0.073466,0.072622,0.069099,0.06267
0.04003,0.041243,0.042114,0.041925,0.040708,0.038884,0.036721,0.034598,0.033106,0.032408,0.032487,0.03386,0.036332,0.040047,0.045225,0.053408,0.06315,0.074447,0.085908,0.095238,0.10182,0.10448,0.10305,0.097297,0.087843,0.075786,0.062591,0.049872,0.041151,0.0335,0.027573,0.023416,0.021419,0.02144,0.023652,0.02807,0.034528,0.043518,0.055311,0.072143,0.09252,0.11336,0.13418,0.15419,0.17428,0.19353,0.21243,0.23198,0.25383,0.27849,0.3049,0.33087,0.35349,0.3694,0.3771,0.37532,0.36307,0.34103,0.31087,0.2762,0.24027,0.20524,0.17492,0.1469,0.12109,0.099094,0.081006,0.064997,0.051747,0.041534,0.034503,0.030162,0.027614,0.026759,0.02688,0.028059,0.03018,0.032796,0.035191,0.036832,0.037543,0.036962,0.035187,0.032841,0.030158,0.027719,0.025467,0.023827,0.023205,0.024084,0.026204,0.029744,0.033526,0.037127,0.040193,0.042695,0.044372,0.044945,0.044283,0.042572
0.063564,0.068636,0.071053,0.070542,0.067835,0.063678,0.058758,0.053569,0.04913,0.045538,0.043014,0.04273,0.044266,0.047531,0.053156,0.062462,0.074674,0.090067,0.10681,0.12212,0.13467,0.14277,0.14568,0.1429,0.13483,0.12236,0.10677,0.089973,0.076964,0.064718,0.053848,0.044844,0.03869,0.034992,0.034455,0.036502,0.040751,0.047641,0.057416,0.072621,0.091471,0.1112,0.13164,0.15181,0.17293,0.19325,0.2125,0.23107,0.25001,0.26942,0.28841,0.30566,0.31896,0.32564,0.32481,0.31599,0.29933,0.27679,0.24894,0.21741,0.18409,0.15154,0.12403,0.099611,0.078248,0.061324,0.0487,0.039041,0.03166,0.026751,0.024177,0.023622,0.024759,0.028173,0.033225,0.039702,0.047488,0.055744,0.062806,0.067243,0.068506,0.066104,0.060559,0.053379,0.04539,0.038264,0.031173,0.02479,0.019877,0.017284,0.016195,0.016627,0.018013,0.019835,0.021629,0.023301,0.024764,0.025843,0.026661,0.027475
0.087198,0.096336,0.10052,0.09981,0.095368,0.088544,0.080404,0.071653,0.063345,0.056099,0.050606,0.04812,0.047876,0.049743,0.054374,0.062823,0.074573,0.090547,0.10889,0.12686,0.14301,0.15549,0.16321,0.16522,0.16165,0.15286,0.13972,0.12365,0.10902,0.093952,0.079295,0.066055,0.055741,0.047934,0.044085,0.042513,0.043138,0.046405,0.052017,0.062591,0.0767,0.092411,0.10997,0.12809,0.14724,0.16548,0.18216,0.19719,0.21068,0.22237,0.23182,0.23897,0.24355,0.24427,0.24088,0.23247,0.21886,0.20166,0.18028,0.15534,0.12843,0.10151,0.078753,0.059602,0.044998,0.035577,0.030107,0.027148,0.026473,0.027885,0.031411,0.036919,0.044206,0.054818,0.067701,0.082162,0.097938,0.11304,0.12513,0.13213,0.13331,0.12809,0.11757,0.10362,0.087627,0.072794,0.057674,0.043599,0.032348,0.024652,0.019247,0.015847,0.014149,0.013798,0.014133,0.014877,0.015732,0.016601,0.017694,0.019962
0.10452,0.1169,0.12265,0.12194,0.11632,0.10734,0.096144,0.083913,0.072024,0.061408,0.052888,0.048333,0.045986,0.045506,0.047686,0.052966,0.061027,0.072816,0.087609,0.10361,0.11933,0.13303,0.14349,0.14957,0.15089,0.14731,0.13889,0.12652,0.11354,0.099344,0.084444,0.070115,0.058323,0.048232,0.041736,0.037723,0.036071,0.036478,0.039125,0.045443,0.055053,0.066939,0.08123,0.096815,0.11422,0.13195,0.14886,0.16433,0.17804,0.18917,0.19717,0.20189,0.20332,0.20081,0.19433,0.18327,0.16814,0.15083,0.13031,0.10739,0.083514,0.061585,0.045052,0.03388,0.027114,0.024561,0.025261,0.028368,0.033845,0.042126,0.052938,0.065836,0.080512,0.09809,0.11666,0.13503,0.15325,0.16949,0.18159,0.18745,0.18643,0.17828,0.16454,0.14738,0.12813,0.11002,0.090944,0.071818,0.054939,0.041952,0.031491,0.023635,0.018406,0.01549,0.014052,0.013556,0.013576,0.013939,0.0149,0.017514
0.10969,0.12377,0.13011,0.12917,0.12266,0.11229,0.099349,0.08522,0.071227,0.058505,0.048144,0.042381,0.03892,0.037264,0.037819,0.040755,0.046068,0.054717,0.066401,0.079758,0.093491,0.10668,0.11825,0.12718,0.13296,0.1352,0.13329,0.12725,0.11891,0.10804,0.094976,0.080748,0.067636,0.055207,0.046171,0.040292,0.037098,0.035599,0.035692,0.037703,0.041421,0.046887,0.054534,0.063725,0.074741,0.086571,0.098521,0.1097,0.11939,0.12665,0.13081,0.13199,0.13026,0.12573,0.11844,0.10822,0.095969,0.083375,0.069455,0.055176,0.042309,0.03291,0.02744,0.024947,0.025394,0.029651,0.038385,0.05068,0.06593,0.084311,0.1048,0.12613,0.14767,0.17053,0.1929,0.21385,0.23298,0.24837,0.25794,0.26024,0.25487,0.24201,0.22402,0.20287,0.17981,0.15814,0.13563,0.11261,0.091132,0.072498,0.05586,0.042025,0.031688,0.024774,0.020481,0.017793,0.016242,0.015553,0.015811,0.017925
0.10792,0.1235,0.13121,0.13145,0.12603,0.11676,0.10492,0.091881,0.078606,0.066059,0.055407,0.04855,0.043529,0.039991,0.038117,0.037783,0.039134,0.04314,0.049195,0.056468,0.064186,0.071974,0.079531,0.085968,0.091231,0.094683,0.095359,0.092907,0.088557,0.081848,0.072739,0.062147,0.052072,0.042184,0.034357,0.028738,0.025173,0.022605,0.021025,0.020453,0.021054,0.023087,0.026947,0.032155,0.039059,0.047143,0.055743,0.064156,0.071771,0.077658,0.081405,0.082552,0.081178,0.077243,0.071032,0.062693,0.053578,0.045396,0.037535,0.031464,0.027409,0.026016,0.026908,0.030829,0.038428,0.051082,0.068066,0.08803,0.10971,0.13305,0.15742,0.18164,0.20504,0.22846,0.2509,0.27163,0.29063,0.306,0.31529,0.31624,0.30789,0.29036,0.26686,0.24053,0.21358,0.18874,0.16435,0.14019,0.11796,0.097851,0.078929,0.062106,0.048482,0.038739,0.032282,0.027823,0.024839,0.022879,0.021772,0.021914
0.095581,0.10792,0.11399,0.1143,0.11031,0.1034,0.094591,0.084867,0.0751,0.065593,0.056792,0.050542,0.045244,0.040646,0.037122,0.034734,0.033647,0.034142,0.035886,0.038807,0.042342,0.04624,0.050184,0.054023,0.057725,0.060905,0.062893,0.063223,0.062761,0.060856,0.057037,0.051532,0.04553,0.038857,0.03251,0.02721,0.023296,0.020006,0.017384,0.015319,0.014197,0.014471,0.015646,0.017508,0.020179,0.023597,0.027514,0.031659,0.035824,0.039276,0.041512,0.042138,0.041348,0.039225,0.03606,0.032088,0.028218,0.025798,0.024405,0.025463,0.028017,0.032736,0.040079,0.05083,0.064693,0.082325,0.10287,0.12527,0.14831,0.17224,0.19672,0.2208,0.24382,0.26664,0.28885,0.31031,0.32942,0.34317,0.34921,0.3462,0.33444,0.31448,0.28965,0.26244,0.23545,0.21118,0.18833,0.16599,0.14489,0.12482,0.10557,0.088246,0.073576,0.062738,0.054957,0.048997,0.044364,0.040564,0.037189,0.034391
0.07211,0.079279,0.082812,0.083034,0.080902,0.077214,0.072478,0.067414,0.062417,0.057258,0.052178,0.04813,0.043987,0.039618,0.035231,0.031019,0.027618,0.025396,0.024375,0.0244,0.02509,0.026598,0.028638,0.031009,0.033783,0.036868,0.039731,0.041758,0.043753,0.045001,0.045075,0.043929,0.041939,0.03883,0.03506,0.031503,0.028497,0.025259,0.02188,0.018544,0.015924,0.01438,0.013525,0.013368,0.013799,0.014629,0.015919,0.017572,0.019445,0.021167,0.022543,0.023308,0.02351,0.02311,0.022456,0.02173,0.021476,0.022556,0.025251,0.032161,0.042251,0.05561,0.071031,0.08774,0.10569,0.12572,0.14737,0.16987,0.19171,0.21311,0.23417,0.25434,0.27392,0.29291,0.31092,0.32585,0.33604,0.34023,0.33754,0.32806,0.31285,0.29333,0.27239,0.2508,0.22963,0.21024,0.19227,0.17476,0.15792,0.14085,0.12379,0.10779,0.093846,0.08304,0.074972,0.068572,0.063361,0.058614,0.05384,0.049137
0.05408,0.05749,0.059465,0.059796,0.058922,0.057348,0.055307,0.05325,0.051402,0.049369,0.047156,0.044935,0.041943,0.038244,0.033978,0.029294,0.024971,0.021365,0.018824,0.017292,0.016465,0.016315,0.01677,0.017534,0.019061,0.021389,0.023975,0.026333,0.028939,0.031441,0.033399,0.034736,0.035244,0.034895,0.033838,0.032522,0.030906,0.028627,0.025787,0.022361,0.018873,0.016194,0.014183,0.012945,0.01249,0.012727,0.013527,0.014746,0.01617,0.017576,0.018972,0.020127,0.021085,0.021929,0.023118,0.024932,0.027947,0.032941,0.040743,0.054804,0.072894,0.092545,0.11218,0.13147,0.15017,0.16878,0.18703,0.20513,0.22183,0.23742,0.25209,0.26518,0.27623,0.28469,0.29066,0.29329,0.29184,0.28648,0.27776,0.26607,0.25243,0.23866,0.22696,0.21706,0.20825,0.20054,0.19304,0.18456,0.17536,0.16456,0.15299,0.14146,0.13049,0.12132,0.11375,0.10709,0.10078,0.093947,0.086,0.076942
0.042507,0.043219,0.0444,0.045001,0.045174,0.045125,0.045064,0.045127,0.045466,0.04561,0.045392,0.044641,0.043101,0.040752,0.037571,0.033587,0.029646,0.026112,0.02323,0.021146,0.019892,0.018979,0.018363,0.01818,0.01849,0.019589,0.021188,0.022911,0.025024,0.027386,0.029378,0.030956,0.032254,0.033276,0.033803,0.033985,0.03377,0.032837,0.031085,0.028487,0.025527,0.022691,0.020297,0.018674,0.017807,0.017796,0.01864,0.020104,0.021995,0.023929,0.025982,0.02802,0.030261,0.032901,0.036843,0.042848,0.05117,0.062257,0.076334,0.096127,0.11752,0.13876,0.15828,0.17577,0.19083,0.20353,0.21416,0.22361,0.23082,0.23598,0.23929,0.24069,0.24024,0.23819,0.23503,0.2303,0.22403,0.21655,0.20845,0.19942,0.1902,0.18214,0.17665,0.17325,0.17207,0.17268,0.17409,0.17536,0.17583,0.17427,0.17148,0.16772,0.16305,0.15813,0.15291,0.14706,0.14019,0.13118,0.11902,0.10393
0.0413,0.041832,0.043039,0.043941,0.044547,0.045025,0.045526,0.046114,0.046968,0.047717,0.048283,0.04835,0.047782,0.046602,0.044769,0.042156,0.039174,0.03608,0.03346,0.031271,0.029817,0.029004,0.02852,0.028167,0.028324,0.028771,0.029733,0.030751,0.031985,0.033384,0.034833,0.036534,0.03862,0.040942,0.042925,0.044516,0.04538,0.045444,0.044622,0.042892,0.04067,0.038316,0.036298,0.03511,0.034651,0.035185,0.036697,0.039176,0.042257,0.04584,0.049957,0.054327,0.059079,0.064516,0.071815,0.081537,0.093269,0.10658,0.12124,0.13889,0.1555,0.17017,0.18162,0.18987,0.19476,0.19627,0.19503,0.19272,0.18887,0.18432,0.17932,0.17401,0.16875,0.16369,0.15948,0.15557,0.15172,0.14759,0.14396,0.14058,0.13753,0.13605,0.13703,0.13998,0.14433,0.15033,0.15714,0.1638,0.16983,0.17442,0.17782,0.18018,0.18091,0.18044,0.17855,0.17516,0.16966,0.16071,0.14712,0.12884
0.046672,0.046438,0.046978,0.04717,0.047057,0.04688,0.046849,0.047014,0.047591,0.048453,0.049499,0.050453,0.051229,0.051821,0.052055,0.051705,0.050847,0.049568,0.048227,0.046779,0.045653,0.044794,0.044061,0.043172,0.042244,0.041534,0.041095,0.040601,0.040333,0.040512,0.041023,0.042255,0.044333,0.046879,0.049561,0.052039,0.05416,0.055945,0.057379,0.058468,0.05952,0.060431,0.061471,0.063114,0.065333,0.06866,0.07293,0.078079,0.083646,0.089435,0.095278,0.10071,0.10586,0.11077,0.11663,0.12409,0.13252,0.14142,0.1502,0.15942,0.16676,0.172,0.1747,0.1753,0.17379,0.17019,0.16494,0.15925,0.15301,0.14654,0.14023,0.1342,0.12856,0.12349,0.11888,0.11447,0.11017,0.10621,0.10316,0.10034,0.097706,0.096391,0.097493,0.10077,0.10581,0.11281,0.12104,0.1298,0.13853,0.14654,0.15403,0.16046,0.16504,0.16791,0.16895,0.16795,0.16451,0.15729,0.145,0.12813
0.064698,0.065278,0.066115,0.066226,0.065856,0.065452,0.065239,0.065489,0.066457,0.067982,0.070162,0.072654,0.075383,0.078205,0.080935,0.083341,0.085367,0.08684,0.087624,0.087455,0.086702,0.085244,0.083103,0.080192,0.076717,0.072878,0.068982,0.064824,0.060627,0.056607,0.052992,0.050657,0.050174,0.051205,0.053259,0.056113,0.059509,0.063502,0.06805,0.07305,0.078509,0.08416,0.090363,0.096996,0.10396,0.11172,0.12032,0.12934,0.13789,0.1455,0.15192,0.15653,0.15919,0.15985,0.15942,0.15865,0.15727,0.15501,0.15232,0.14922,0.14576,0.14233,0.13887,0.13543,0.13143,0.12654,0.12062,0.11418,0.10741,0.10075,0.094375,0.088744,0.083893,0.079926,0.076984,0.074916,0.073561,0.072683,0.072753,0.073014,0.073392,0.074238,0.076466,0.080429,0.085962,0.093311,0.10196,0.11124,0.12082,0.1303,0.13947,0.1475,0.15389,0.15862,0.16141,0.16192,0.15952,0.15284,0.14082,0.12491
0.073028,0.083483,0.090622,0.09454,0.096139,0.096438,0.096032,0.095143,0.093667,0.092129,0.090585,0.088444,0.085747,0.082517,0.078642,0.074516,0.070673,0.067457,0.064948,0.063754,0.064305,0.067297,0.072392,0.078889,0.086151,0.092367,0.097001,0.099409,0.099581,0.097232,0.092569,0.086906,0.08184,0.077586,0.074517,0.07293,0.072859,0.07427,0.077421,0.081987,0.08714,0.092456,0.097721,0.10314,0.10887,0.11518,0.12201,0.12894,0.1358,0.14251,0.14883,0.15417,0.15865,0.16177,0.16361,0.16449,0.16494,0.16501,0.16329,0.16006,0.15513,0.14865,0.14073,0.13237,0.12394,0.11593,0.10925,0.10372,0.09927,0.09577,0.09292,0.090523,0.088606,0.087125,0.086208,0.085937,0.086272,0.087951,0.092228,0.097399,0.10293,0.10761,0.11021,0.11079,0.10959,0.1068,0.10231,0.097011,0.091228,0.086091,0.081988,0.078674,0.076553,0.07517,0.075186,0.075359,0.074873,0.07294,0.069297,0.064821
0.069763,0.078658,0.084005,0.085552,0.084244,0.081129,0.076939,0.072132,0.067046,0.062493,0.059297,0.056847,0.055138,0.05423,0.054007,0.054772,0.056399,0.058758,0.061431,0.064881,0.068509,0.07292,0.077987,0.083241,0.088508,0.092156,0.093708,0.092888,0.089733,0.083988,0.075912,0.067149,0.059297,0.052742,0.048231,0.045877,0.045898,0.048276,0.053148,0.060593,0.070032,0.081343,0.093793,0.10696,0.12038,0.13362,0.14647,0.15767,0.16677,0.17331,0.17675,0.17643,0.17289,0.1671,0.15971,0.15149,0.14347,0.13617,0.12819,0.12002,0.11192,0.10459,0.097818,0.092421,0.088016,0.084579,0.082191,0.080443,0.079154,0.078516,0.078484,0.078969,0.079967,0.081692,0.0847,0.090024,0.096754,0.1056,0.11779,0.1312,0.14487,0.15641,0.16406,0.16791,0.16774,0.16412,0.1567,0.1462,0.13292,0.11873,0.1044,0.090238,0.07788,0.067701,0.060675,0.055932,0.052179,0.048784,0.045428,0.043085
0.066296,0.074769,0.079514,0.080429,0.07831,0.074223,0.069053,0.063464,0.057798,0.052746,0.048834,0.045905,0.04414,0.043548,0.044149,0.046272,0.049992,0.055079,0.061201,0.067804,0.074083,0.080181,0.086015,0.091523,0.09632,0.098744,0.098429,0.095268,0.089457,0.080534,0.069076,0.05732,0.047214,0.039298,0.034093,0.030919,0.030062,0.031383,0.034877,0.040778,0.048817,0.059092,0.070893,0.083794,0.09682,0.10958,0.12218,0.13286,0.14094,0.14585,0.14709,0.14417,0.1381,0.13079,0.12223,0.11338,0.10507,0.097538,0.089875,0.082823,0.076713,0.071812,0.067944,0.065924,0.065313,0.065645,0.066915,0.068672,0.070772,0.073522,0.076848,0.080848,0.085692,0.091509,0.098941,0.10979,0.12288,0.13896,0.1589,0.18007,0.20198,0.22113,0.2345,0.24182,0.24297,0.23839,0.2274,0.21061,0.18872,0.16483,0.1405,0.11715,0.096619,0.079846,0.067843,0.059952,0.053991,0.049153,0.044901,0.041788
0.063056,0.070349,0.074182,0.074418,0.071811,0.0674,0.061932,0.055958,0.049856,0.04428,0.039603,0.036183,0.034069,0.033533,0.034254,0.036656,0.040928,0.0469,0.054713,0.063369,0.07198,0.079883,0.087188,0.093795,0.098876,0.10155,0.10152,0.098487,0.092476,0.083263,0.071324,0.058796,0.047107,0.03712,0.029658,0.024119,0.02085,0.019514,0.020116,0.0228,0.02764,0.034161,0.041947,0.050907,0.06019,0.069407,0.078743,0.086484,0.091954,0.094725,0.094316,0.090426,0.08428,0.078187,0.07188,0.065654,0.06036,0.056229,0.052529,0.049641,0.04762,0.046636,0.047003,0.049581,0.053671,0.058737,0.064245,0.069798,0.075,0.080415,0.085873,0.091536,0.097677,0.10459,0.11358,0.12713,0.14391,0.16451,0.19038,0.22031,0.25265,0.2816,0.30254,0.31496,0.3183,0.31354,0.29993,0.27866,0.2509,0.22058,0.18924,0.15937,0.13312,0.11124,0.095152,0.084679,0.076687,0.07008,0.063914,0.058028
0.05351,0.058543,0.06105,0.060952,0.058821,0.05534,0.051055,0.046266,0.041249,0.036628,0.032644,0.029608,0.027497,0.026499,0.026547,0.028112,0.031415,0.036403,0.043301,0.051073,0.058909,0.06629,0.072732,0.077796,0.081195,0.082398,0.081344,0.078248,0.073142,0.065836,0.056614,0.046998,0.037899,0.030015,0.023626,0.01848,0.015017,0.013095,0.012587,0.013488,0.01599,0.019577,0.023872,0.029236,0.034835,0.040487,0.04662,0.051652,0.055498,0.057752,0.05794,0.055635,0.052041,0.049057,0.046073,0.043338,0.041253,0.039623,0.0386,0.038623,0.039796,0.042312,0.046631,0.05363,0.062068,0.071446,0.080801,0.089551,0.097249,0.10417,0.11036,0.11603,0.1214,0.12685,0.13373,0.14456,0.15882,0.17778,0.20329,0.23434,0.26784,0.29808,0.32104,0.33669,0.34412,0.3435,0.33359,0.31487,0.28872,0.25887,0.22882,0.20106,0.17636,0.15537,0.13931,0.12844,0.11956,0.11123,0.10181,0.09073
0.041517,0.042847,0.043138,0.042086,0.040193,0.037822,0.03524,0.032552,0.029813,0.027386,0.025161,0.023427,0.022253,0.021602,0.021393,0.02208,0.023843,0.026653,0.030798,0.035705,0.040643,0.045371,0.049936,0.05418,0.057558,0.059705,0.060606,0.059586,0.056826,0.052475,0.046481,0.04009,0.033809,0.028224,0.023335,0.018829,0.015169,0.012546,0.010996,0.0106,0.011394,0.012798,0.014488,0.016651,0.019186,0.021885,0.025116,0.02825,0.031015,0.033235,0.034685,0.035076,0.035147,0.035892,0.037111,0.038789,0.040829,0.043078,0.045848,0.049837,0.055288,0.062496,0.072196,0.084688,0.098182,0.11208,0.12482,0.1359,0.14458,0.15094,0.15512,0.15741,0.1579,0.15724,0.15717,0.16052,0.16706,0.17867,0.19636,0.21749,0.24021,0.26115,0.27762,0.29004,0.29788,0.30123,0.29903,0.29067,0.27658,0.25853,0.23988,0.2224,0.20628,0.19218,0.18093,0.17277,0.16497,0.15576,0.14304,0.12578
0.033197,0.031856,0.030632,0.029229,0.027805,0.026425,0.025237,0.024251,0.023351,0.022729,0.022029,0.021279,0.020649,0.020233,0.019905,0.01998,0.020432,0.021275,0.022816,0.024741,0.026712,0.02877,0.030903,0.032945,0.034439,0.035308,0.035723,0.035254,0.034031,0.032291,0.029949,0.027692,0.025458,0.023419,0.021316,0.0191,0.017084,0.015336,0.014072,0.013347,0.01328,0.013535,0.014043,0.015022,0.016316,0.017992,0.020164,0.022479,0.024912,0.02742,0.029732,0.031521,0.033361,0.0359,0.039407,0.044399,0.050253,0.056734,0.063983,0.072754,0.08335,0.095827,0.11061,0.12777,0.14519,0.16213,0.1768,0.18848,0.19642,0.20029,0.20049,0.19733,0.19119,0.1831,0.17488,0.16786,0.16273,0.16175,0.16596,0.17471,0.18622,0.19805,0.20858,0.2183,0.22675,0.23405,0.24028,0.24455,0.24605,0.24461,0.242,0.23876,0.235,0.23103,0.22704,0.2229,0.21696,0.20707,0.1906,0.16638
0.026673,0.024607,0.023293,0.022057,0.020874,0.019744,0.018704,0.017888,0.017292,0.017294,0.017658,0.018112,0.018667,0.019168,0.019398,0.019795,0.020079,0.02026,0.020354,0.020544,0.020803,0.021417,0.022177,0.022951,0.023657,0.024298,0.025082,0.025754,0.026249,0.02666,0.02704,0.027529,0.027779,0.027744,0.027152,0.026117,0.024955,0.024037,0.023415,0.023241,0.023383,0.023477,0.023678,0.024356,0.025517,0.027142,0.029077,0.031365,0.033902,0.036585,0.039289,0.041981,0.04504,0.048789,0.054333,0.062478,0.072241,0.083326,0.095777,0.11,0.12589,0.14279,0.16054,0.17886,0.19571,0.21049,0.22205,0.23003,0.23356,0.23218,0.22671,0.21757,0.20506,0.19049,0.1754,0.16096,0.14835,0.14056,0.13896,0.14268,0.14926,0.15631,0.16266,0.16874,0.17416,0.17924,0.18494,0.19072,0.19683,0.20345,0.21166,0.21976,0.22649,0.23133,0.23422,0.23487,0.23203,0.22368,0.20725,0.18288
0.021613,0.019415,0.018012,0.016772,0.015571,0.014414,0.013402,0.012604,0.012074,0.012081,0.012548,0.013182,0.01449,0.016057,0.017314,0.018452,0.019119,0.019146,0.018476,0.017665,0.016522,0.015655,0.015165,0.014895,0.014796,0.015025,0.015726,0.016879,0.018243,0.019896,0.022234,0.024861,0.027521,0.02991,0.031628,0.033122,0.034864,0.036989,0.038949,0.040736,0.042378,0.043054,0.043053,0.043072,0.04368,0.044988,0.047298,0.050721,0.055078,0.06012,0.065724,0.07143,0.077478,0.083559,0.091274,0.10156,0.11319,0.12584,0.13934,0.15395,0.16945,0.18432,0.19807,0.21046,0.22029,0.22748,0.23126,0.23194,0.22879,0.22126,0.21018,0.19626,0.17959,0.16144,0.14289,0.12481,0.1089,0.097403,0.091188,0.089982,0.092254,0.09675,0.10227,0.10944,0.11754,0.12657,0.13789,0.15053,0.16424,0.17885,0.19459,0.20998,0.22359,0.23452,0.24214,0.24591,0.24502,0.23731,0.22024,0.19353
0.021847,0.018778,0.016905,0.015569,0.014438,0.013367,0.012388,0.01159,0.01093,0.010597,0.010783,0.011457,0.012543,0.013949,0.01532,0.016671,0.017636,0.017894,0.017615,0.016971,0.015949,0.014859,0.013787,0.012867,0.012186,0.012093,0.012866,0.014329,0.016241,0.018618,0.022077,0.026451,0.031503,0.036757,0.041647,0.046929,0.053407,0.06093,0.068739,0.075839,0.081693,0.085141,0.086861,0.087751,0.088437,0.089461,0.091694,0.095549,0.10058,0.10654,0.11314,0.11981,0.12662,0.13304,0.14051,0.15013,0.16062,0.17178,0.18357,0.19623,0.20915,0.22067,0.23029,0.23756,0.24136,0.24124,0.23746,0.2313,0.22184,0.20891,0.19317,0.1755,0.15615,0.13577,0.11518,0.094957,0.076685,0.062429,0.053695,0.050424,0.050734,0.053124,0.056923,0.062388,0.069177,0.077703,0.089411,0.10299,0.11802,0.13353,0.14949,0.16511,0.17913,0.19077,0.19945,0.20453,0.20521,0.19982,0.18634,0.16461
0.02675,0.024715,0.023216,0.021904,0.020621,0.019248,0.017805,0.016357,0.014828,0.013362,0.01217,0.01152,0.01147,0.011911,0.012636,0.013709,0.014902,0.015816,0.016189,0.016042,0.015146,0.013961,0.012715,0.011657,0.010989,0.01069,0.011143,0.012332,0.014226,0.016888,0.021315,0.027023,0.034075,0.042394,0.051299,0.061959,0.075325,0.090463,0.10527,0.11847,0.12968,0.13774,0.1433,0.1471,0.1499,0.15223,0.15531,0.15952,0.16458,0.17007,0.17551,0.18026,0.18397,0.1862,0.1883,0.19127,0.19459,0.19837,0.2025,0.2073,0.21241,0.21632,0.21855,0.21873,0.21645,0.21151,0.20405,0.19609,0.18584,0.17296,0.15771,0.14084,0.12303,0.10428,0.085559,0.06746,0.051634,0.040094,0.03352,0.031122,0.031243,0.032676,0.03487,0.038355,0.043006,0.049336,0.058961,0.071282,0.08568,0.10061,0.11563,0.12998,0.14281,0.15339,0.16148,0.16649,0.1677,0.16361,0.15228,0.13322
0.038627,0.039374,0.039418,0.038609,0.037085,0.034942,0.032278,0.029205,0.025636,0.021857,0.018289,0.015323,0.013133,0.011961,0.01176,0.012596,0.01403,0.015494,0.016616,0.017316,0.017326,0.016867,0.016033,0.015106,0.01429,0.013641,0.013477,0.013682,0.014473,0.016246,0.02005,0.025654,0.033441,0.043674,0.055814,0.07125,0.090937,0.11322,0.13508,0.15486,0.17198,0.18484,0.19381,0.19999,0.20418,0.20754,0.21171,0.217,0.22249,0.2276,0.23189,0.23422,0.23467,0.23257,0.22921,0.22516,0.22082,0.21629,0.21228,0.20997,0.20815,0.20591,0.20264,0.19757,0.19003,0.17993,0.16731,0.15506,0.14147,0.12641,0.11045,0.094488,0.079216,0.064197,0.050467,0.038351,0.028868,0.022997,0.020621,0.020531,0.02158,0.022967,0.024359,0.026073,0.028062,0.030785,0.03535,0.04195,0.050515,0.060808,0.072495,0.084782,0.096547,0.10685,0.11537,0.12139,0.12433,0.12301,0.11585,0.10215
0.055422,0.059738,0.061775,0.061669,0.059876,0.056719,0.052377,0.047039,0.04061,0.033577,0.026775,0.020857,0.015645,0.01199,0.01041,0.01037,0.011183,0.012342,0.013671,0.015102,0.016293,0.017156,0.017604,0.017692,0.01748,0.016892,0.016265,0.015799,0.015809,0.017199,0.020768,0.025753,0.032973,0.043099,0.056026,0.073426,0.09661,0.12426,0.15255,0.17934,0.20384,0.22423,0.24095,0.25483,0.26589,0.27534,0.28478,0.29347,0.30026,0.30443,0.30546,0.30245,0.29593,0.28491,0.27089,0.25508,0.23908,0.22365,0.21036,0.20065,0.19129,0.18147,0.17043,0.15752,0.14271,0.12609,0.10821,0.092325,0.077054,0.062436,0.049134,0.037886,0.029064,0.022357,0.017749,0.014938,0.014243,0.014885,0.016639,0.019007,0.021661,0.02403,0.025713,0.026845,0.027511,0.02812,0.029203,0.030895,0.033401,0.037192,0.042417,0.049228,0.057064,0.064628,0.071492,0.076864,0.080259,0.08081,0.077479,0.069767
0.084093,0.094689,0.10054,0.10216,0.10055,0.096435,0.090264,0.082256,0.072399,0.061303,0.050214,0.039921,0.030453,0.022942,0.018588,0.016728,0.016555,0.017424,0.018826,0.020639,0.022525,0.024234,0.025442,0.026151,0.026202,0.025673,0.024806,0.023734,0.0227,0.022671,0.02452,0.02786,0.033436,0.042285,0.054079,0.070489,0.092573,0.12058,0.15057,0.18047,0.20962,0.23628,0.26086,0.28347,0.30268,0.31865,0.3317,0.34107,0.34572,0.34517,0.33943,0.32795,0.31216,0.29149,0.26729,0.2419,0.21781,0.19591,0.17684,0.16219,0.14776,0.1332,0.11826,0.10317,0.087916,0.072962,0.058303,0.046318,0.03601,0.027507,0.020917,0.016675,0.014693,0.014105,0.014787,0.016901,0.020723,0.025722,0.031594,0.037407,0.042383,0.045729,0.04698,0.046209,0.043879,0.040633,0.036686,0.03322,0.030429,0.028689,0.028178,0.029397,0.031888,0.034655,0.037489,0.039881,0.041618,0.042368,0.041765,0.039649
0.10967,0.12572,0.13515,0.13867,0.13774,0.13338,0.12624,0.11649,0.10423,0.090237,0.075861,0.06213,0.049208,0.038735,0.031451,0.027063,0.024749,0.023966,0.024172,0.025515,0.027652,0.03013,0.032231,0.033808,0.034317,0.033561,0.031714,0.028971,0.026051,0.024256,0.024401,0.02624,0.030086,0.036793,0.045937,0.05891,0.07677,0.10083,0.12747,0.15497,0.18279,0.20891,0.23283,0.25532,0.27588,0.29397,0.30779,0.31648,0.31932,0.31603,0.30743,0.29367,0.27656,0.25688,0.23553,0.21348,0.19116,0.16831,0.14655,0.12905,0.11172,0.094805,0.078705,0.063548,0.049608,0.037419,0.02683,0.019321,0.013933,0.010487,0.0086057,0.0082228,0.0098004,0.013172,0.018598,0.027687,0.040179,0.054741,0.069811,0.083099,0.093353,0.099662,0.10174,0.099428,0.09345,0.084675,0.073113,0.060604,0.048431,0.038577,0.031352,0.027198,0.025463,0.024662,0.024444,0.024667,0.025018,0.025197,0.02506,0.024975
0.13655,0.15903,0.17286,0.17872,0.17862,0.17401,0.1658,0.15424,0.13955,0.12247,0.10431,0.086118,0.068241,0.053034,0.04167,0.033758,0.028802,0.025929,0.024477,0.024357,0.025207,0.026896,0.028668,0.030393,0.031418,0.031495,0.030611,0.028739,0.026281,0.024527,0.023997,0.024599,0.026374,0.030383,0.036794,0.046445,0.06019,0.080885,0.1055,0.13157,0.1579,0.18231,0.20348,0.2215,0.23671,0.24915,0.25726,0.26077,0.25952,0.25395,0.24534,0.23398,0.22087,0.20546,0.1875,0.16782,0.14664,0.1245,0.10382,0.087765,0.072634,0.058622,0.045963,0.035005,0.025569,0.018208,0.012638,0.0093302,0.0078514,0.0077678,0.0088888,0.011418,0.016416,0.024209,0.035562,0.053524,0.076094,0.099819,0.12239,0.14182,0.157,0.16677,0.17065,0.1684,0.16072,0.1483,0.1311,0.11049,0.087747,0.066648,0.048256,0.035811,0.028894,0.024656,0.022388,0.021251,0.020695,0.020449,0.02047,0.021416
0.14351,0.16846,0.18392,0.19066,0.19091,0.18629,0.17789,0.16617,0.1515,0.13463,0.11673,0.098406,0.080145,0.064559,0.051626,0.042406,0.036039,0.032455,0.030524,0.030131,0.03067,0.031888,0.033222,0.03462,0.035399,0.035263,0.034026,0.031578,0.028302,0.025031,0.02219,0.020446,0.019831,0.021104,0.023809,0.028416,0.035196,0.046346,0.061238,0.078621,0.097528,0.11596,0.13244,0.14657,0.15891,0.16868,0.17497,0.17801,0.178,0.17478,0.16959,0.16221,0.15286,0.14122,0.12742,0.11186,0.095075,0.077681,0.061477,0.049073,0.038015,0.028634,0.0212,0.015601,0.011686,0.0096862,0.009071,0.0096135,0.011483,0.014895,0.020112,0.027809,0.039456,0.055037,0.074512,0.10078,0.13012,0.15917,0.18587,0.20825,0.22532,0.23625,0.24102,0.23937,0.23203,0.21909,0.20013,0.17606,0.14826,0.1206,0.093792,0.072631,0.058162,0.047358,0.039639,0.034502,0.031206,0.029154,0.028078,0.02865
0.12751,0.14869,0.16165,0.16702,0.16678,0.16235,0.15484,0.14488,0.13271,0.11894,0.10427,0.089088,0.073982,0.06115,0.049442,0.040181,0.033762,0.030406,0.0288,0.028946,0.030042,0.031625,0.033145,0.03458,0.035472,0.035478,0.034479,0.0322,0.028862,0.025303,0.021736,0.018853,0.016903,0.016394,0.016655,0.017775,0.020297,0.024713,0.031028,0.038945,0.048369,0.058878,0.069334,0.078954,0.088288,0.096068,0.10134,0.10416,0.10466,0.10251,0.099259,0.094648,0.088971,0.082008,0.073901,0.064963,0.055574,0.046157,0.037756,0.031467,0.026159,0.021698,0.018534,0.016789,0.016536,0.017773,0.020255,0.023952,0.029327,0.036485,0.045808,0.057587,0.073824,0.094082,0.1182,0.14948,0.18415,0.21908,0.25282,0.28387,0.3096,0.3268,0.33433,0.33116,0.31855,0.29798,0.27113,0.23971,0.20527,0.17213,0.13989,0.11357,0.093913,0.077898,0.065291,0.056102,0.049615,0.045058,0.041708,0.039598
0.10163,0.11619,0.12486,0.12813,0.12756,0.12415,0.11882,0.11222,0.10447,0.09597,0.087123,0.077734,0.068149,0.059552,0.050798,0.043146,0.037495,0.034069,0.03207,0.031402,0.031388,0.03176,0.032283,0.032949,0.033569,0.033863,0.033484,0.032085,0.029763,0.02692,0.023569,0.020381,0.01755,0.015737,0.014464,0.013891,0.014042,0.015111,0.017079,0.019813,0.023355,0.027707,0.032401,0.037193,0.042352,0.046871,0.049965,0.051691,0.052151,0.051162,0.049689,0.047596,0.044983,0.041744,0.038021,0.034014,0.030226,0.026777,0.023883,0.022042,0.020892,0.020542,0.021129,0.023168,0.026704,0.031259,0.036916,0.043693,0.051939,0.061629,0.072851,0.085803,0.10197,0.12089,0.14362,0.17325,0.2072,0.24381,0.28142,0.31719,0.3477,0.36918,0.38081,0.38169,0.37244,0.35312,0.32444,0.28919,0.25052,0.21497,0.18221,0.15562,0.1349,0.11757,0.10335,0.092026,0.08324,0.075939,0.068986,0.061951
0.07029,0.077742,0.081917,0.083255,0.082711,0.080904,0.078457,0.075765,0.072918,0.069739,0.066327,0.062124,0.057271,0.052301,0.046224,0.039826,0.034128,0.029753,0.02645,0.024623,0.023689,0.023492,0.023734,0.024258,0.025095,0.025988,0.026572,0.0265,0.025542,0.023987,0.02162,0.018965,0.016426,0.014406,0.012667,0.011236,0.01023,0.0096897,0.0097475,0.010211,0.011433,0.013495,0.016224,0.019303,0.022848,0.026169,0.028804,0.030686,0.031712,0.031795,0.03157,0.031073,0.030212,0.029057,0.027857,0.02652,0.025717,0.025443,0.025909,0.027119,0.028916,0.031082,0.033922,0.03768,0.042616,0.049009,0.056441,0.064631,0.073856,0.083996,0.094989,0.10702,0.12091,0.13684,0.15664,0.18108,0.20916,0.24035,0.27312,0.30487,0.33328,0.35575,0.37155,0.37998,0.38106,0.37422,0.35825,0.33327,0.30088,0.26807,0.23661,0.20985,0.18769,0.1686,0.15258,0.13943,0.12857,0.11852,0.10758,0.09518
0.051757,0.055396,0.057445,0.058101,0.057927,0.057214,0.056356,0.055663,0.054864,0.053873,0.052738,0.051119,0.048946,0.046293,0.0424,0.037866,0.033532,0.02983,0.026781,0.024872,0.023515,0.022686,0.02224,0.022123,0.022551,0.023426,0.024427,0.02508,0.025015,0.024541,0.023209,0.021367,0.019245,0.017126,0.015045,0.013244,0.011868,0.010923,0.01033,0.0099844,0.010263,0.011097,0.012558,0.01473,0.017455,0.020132,0.022545,0.024553,0.02603,0.026924,0.02761,0.028291,0.028888,0.029609,0.030624,0.031971,0.034749,0.038675,0.043512,0.04843,0.05338,0.057776,0.061693,0.065416,0.069456,0.074787,0.0808,0.087199,0.094176,0.10163,0.10942,0.11787,0.12751,0.13902,0.15383,0.17132,0.19129,0.21331,0.23617,0.25842,0.27992,0.29966,0.31676,0.33092,0.34136,0.34733,0.34659,0.33773,0.32018,0.29775,0.27253,0.24875,0.22781,0.20963,0.19416,0.18114,0.16968,0.15778,0.1434,0.126
0.033475,0.03384,0.034091,0.03409,0.034002,0.033977,0.034252,0.035057,0.03608,0.037284,0.038495,0.039255,0.039513,0.038958,0.037128,0.034273,0.031075,0.028069,0.025229,0.023091,0.021463,0.020494,0.019808,0.019259,0.019162,0.019543,0.020398,0.021364,0.022057,0.022588,0.022528,0.02199,0.020996,0.019597,0.018114,0.016619,0.015374,0.014338,0.013979,0.01416,0.015295,0.017253,0.019891,0.023184,0.026698,0.029875,0.032726,0.03547,0.037973,0.040317,0.042753,0.045506,0.048543,0.052279,0.056988,0.062616,0.070653,0.080026,0.089466,0.097403,0.10362,0.1075,0.10939,0.10993,0.10997,0.11183,0.11431,0.11653,0.1188,0.1212,0.12374,0.12637,0.12935,0.13313,0.13884,0.14544,0.15324,0.16194,0.17137,0.18098,0.19124,0.20257,0.21421,0.22642,0.23905,0.25411,0.26951,0.28173,0.28755,0.28694,0.28115,0.2722,0.26197,0.25193,0.24241,0.23324,0.22315,0.20979,0.19056,0.16506
0.023302,0.020908,0.019243,0.017935,0.016998,0.016438,0.016378,0.016939,0.01786,0.019134,0.020697,0.022208,0.023658,0.024792,0.025191,0.024859,0.023961,0.022676,0.020974,0.019226,0.017622,0.016531,0.015725,0.015115,0.015094,0.016002,0.017828,0.020082,0.022122,0.024356,0.026104,0.027496,0.02835,0.028828,0.029008,0.028852,0.028697,0.028734,0.029512,0.031169,0.034677,0.039288,0.044607,0.050585,0.056385,0.061769,0.066689,0.07135,0.075867,0.080396,0.08499,0.090072,0.095463,0.1013,0.10758,0.11383,0.12152,0.12902,0.13472,0.1373,0.1369,0.13342,0.12821,0.12197,0.11557,0.11217,0.11046,0.10927,0.10874,0.10882,0.10933,0.1104,0.11176,0.11326,0.11571,0.1187,0.12253,0.12753,0.13344,0.13986,0.14709,0.15584,0.16566,0.17658,0.18754,0.19946,0.21172,0.22431,0.23561,0.24383,0.24921,0.25196,0.25205,0.25078,0.24828,0.24423,0.23757,0.22597,0.20671,0.17924
0.019312,0.015643,0.01334,0.011766,0.010661,0.0099193,0.0096493,0.0098828,0.01049,0.011502,0.012803,0.014216,0.015783,0.017252,0.018312,0.018933,0.019048,0.018812,0.018335,0.017659,0.016801,0.016043,0.015395,0.01467,0.014238,0.014218,0.014838,0.016061,0.017397,0.019039,0.020727,0.022806,0.025077,0.027603,0.030277,0.033334,0.037038,0.041926,0.048369,0.055917,0.065929,0.076648,0.087233,0.097761,0.10733,0.11582,0.12345,0.13052,0.13733,0.14458,0.15232,0.16071,0.16925,0.17714,0.18413,0.18959,0.19449,0.19718,0.19689,0.19291,0.18581,0.17595,0.16475,0.15239,0.13984,0.13077,0.1243,0.11845,0.11298,0.10806,0.10363,0.099837,0.096374,0.092869,0.08988,0.087355,0.085547,0.085078,0.086072,0.088361,0.092203,0.098556,0.10681,0.11665,0.1271,0.13836,0.14995,0.16102,0.17107,0.17938,0.18611,0.19217,0.19683,0.20022,0.20244,0.20286,0.20027,0.19254,0.17747,0.15484
0.019559,0.016403,0.01448,0.012991,0.011816,0.010897,0.010264,0.0099061,0.0098885,0.010316,0.011043,0.01186,0.01279,0.013858,0.014794,0.015683,0.016426,0.017093,0.01764,0.018012,0.01818,0.018142,0.01802,0.017384,0.016601,0.016023,0.015813,0.016098,0.016862,0.018306,0.020404,0.023696,0.028031,0.033322,0.039238,0.045889,0.053419,0.062422,0.073493,0.086164,0.10154,0.11658,0.13043,0.14306,0.15385,0.16311,0.17095,0.17793,0.18466,0.19189,0.19958,0.208,0.21636,0.22363,0.22977,0.23395,0.23636,0.23557,0.23082,0.2216,0.2089,0.19373,0.17877,0.16355,0.14796,0.13516,0.12514,0.11558,0.10623,0.09723,0.088688,0.08105,0.073834,0.066638,0.05996,0.054241,0.049564,0.04646,0.045047,0.045137,0.047017,0.051724,0.059117,0.06901,0.080616,0.093943,0.10831,0.12276,0.13636,0.14839,0.1592,0.16898,0.17672,0.18237,0.18611,0.1877,0.18608,0.17942,0.16568,0.14423
0.022981,0.020818,0.019213,0.017577,0.015902,0.014309,0.01288,0.011769,0.011229,0.011172,0.011539,0.012227,0.013281,0.01461,0.016122,0.018193,0.020265,0.022409,0.02449,0.026019,0.026985,0.027064,0.026568,0.025123,0.023171,0.021123,0.019128,0.017365,0.016844,0.017179,0.018608,0.021557,0.026146,0.032654,0.04023,0.048811,0.058497,0.070191,0.084474,0.1013,0.12094,0.13988,0.15723,0.1727,0.18629,0.19838,0.2093,0.21988,0.23109,0.24363,0.25735,0.27186,0.28586,0.29708,0.30474,0.3076,0.3047,0.2947,0.27824,0.25613,0.23121,0.20638,0.18422,0.16273,0.14156,0.1233,0.10871,0.094894,0.081887,0.070013,0.059596,0.051208,0.044219,0.038079,0.032801,0.028995,0.02651,0.025332,0.02516,0.025956,0.027656,0.030806,0.035172,0.040982,0.047995,0.056505,0.06654,0.077494,0.088956,0.099986,0.11088,0.12166,0.13073,0.13778,0.1429,0.14594,0.14612,0.14216,0.13253,0.11667
0.036294,0.035178,0.03397,0.032036,0.029579,0.026861,0.024238,0.02177,0.019941,0.018648,0.017743,0.017223,0.017129,0.017357,0.017946,0.019678,0.02186,0.024738,0.027902,0.03053,0.032561,0.033555,0.033583,0.032203,0.029808,0.026766,0.023348,0.019991,0.018082,0.016879,0.016711,0.018092,0.021582,0.028278,0.037431,0.048362,0.060878,0.075513,0.092416,0.11267,0.13573,0.15817,0.17917,0.19863,0.21697,0.23463,0.25221,0.27008,0.28795,0.30575,0.3228,0.33802,0.34971,0.35551,0.35544,0.34885,0.33432,0.31197,0.28355,0.25151,0.21938,0.18861,0.16237,0.13821,0.11586,0.096927,0.082004,0.068465,0.056303,0.045871,0.037676,0.03178,0.027348,0.023994,0.021629,0.020421,0.020143,0.020591,0.021527,0.022597,0.023936,0.025459,0.027022,0.028877,0.031342,0.034327,0.038088,0.043158,0.049526,0.056927,0.065344,0.074695,0.083099,0.090116,0.095558,0.099353,0.10095,0.099481,0.094007,0.084277
0.059895,0.062249,0.062415,0.060198,0.056174,0.051106,0.045652,0.040182,0.035566,0.031809,0.028851,0.026939,0.02585,0.025628,0.026415,0.028826,0.032124,0.036439,0.041431,0.045858,0.049448,0.051191,0.051082,0.048979,0.0453,0.040733,0.035667,0.030362,0.027136,0.024665,0.023474,0.02384,0.026385,0.031808,0.039543,0.049268,0.061051,0.075073,0.091224,0.11207,0.13617,0.16024,0.18405,0.20737,0.23171,0.25711,0.2828,0.30774,0.33106,0.35154,0.36811,0.37991,0.38571,0.38347,0.37363,0.35622,0.33002,0.29741,0.26138,0.22461,0.18799,0.15379,0.12577,0.10128,0.079961,0.062674,0.049518,0.03846,0.029638,0.023109,0.018473,0.015592,0.013986,0.013507,0.014085,0.015637,0.018298,0.02173,0.025369,0.028658,0.031257,0.032965,0.033494,0.033273,0.032435,0.031387,0.030541,0.030309,0.0311,0.033587,0.037656,0.043307,0.04899,0.054038,0.058154,0.061258,0.063026,0.062947,0.060539,0.055839
0.094765,0.10426,0.10783,0.10561,0.099114,0.089858,0.07943,0.069011,0.059634,0.051412,0.044414,0.03957,0.036065,0.033775,0.032919,0.034151,0.037225,0.042236,0.048376,0.054357,0.059637,0.063226,0.064807,0.063901,0.060636,0.055545,0.049359,0.043006,0.03866,0.035083,0.032607,0.031502,0.032522,0.036327,0.042675,0.051535,0.062727,0.076193,0.091797,0.11267,0.13678,0.16116,0.18586,0.20991,0.23414,0.25768,0.28021,0.30148,0.3206,0.33567,0.345,0.34808,0.34454,0.33366,0.31689,0.29551,0.26927,0.24037,0.20914,0.17657,0.14378,0.11266,0.087638,0.06658,0.049377,0.036264,0.027374,0.020959,0.016451,0.013716,0.012397,0.0126,0.014069,0.017297,0.02201,0.028145,0.03597,0.044621,0.052711,0.058776,0.062177,0.062298,0.059281,0.054419,0.0483,0.042104,0.035615,0.029775,0.025599,0.02434,0.025011,0.027424,0.030423,0.033462,0.036196,0.038452,0.040031,0.040645,0.040192,0.038745
0.13148,0.14852,0.15674,0.15642,0.14952,0.13807,0.12375,0.10812,0.092896,0.078874,0.066699,0.057858,0.05107,0.046329,0.043577,0.043531,0.045899,0.050762,0.057418,0.064379,0.071093,0.076533,0.080158,0.081325,0.079949,0.076124,0.070072,0.062883,0.056956,0.051278,0.046142,0.042043,0.040013,0.040309,0.042905,0.047443,0.054234,0.063467,0.075154,0.091928,0.11191,0.13242,0.154,0.17535,0.19698,0.21759,0.23623,0.25254,0.26582,0.27473,0.2786,0.27793,0.27344,0.26466,0.25179,0.23489,0.21339,0.1896,0.1629,0.13413,0.10476,0.077057,0.055349,0.038375,0.026287,0.018336,0.013932,0.011891,0.011584,0.01289,0.01567,0.020017,0.026309,0.035459,0.047228,0.061049,0.07697,0.093207,0.10734,0.11731,0.12225,0.12134,0.1152,0.10521,0.092603,0.079594,0.065842,0.052584,0.041778,0.034837,0.029994,0.02714,0.025732,0.025253,0.025452,0.02611,0.026933,0.027622,0.028152,0.028934
0.14293,0.16215,0.1716,0.17177,0.16485,0.15298,0.13757,0.12007,0.10207,0.084879,0.069784,0.059197,0.051291,0.045354,0.041595,0.039923,0.040515,0.043536,0.048137,0.053868,0.059907,0.065558,0.070562,0.07428,0.076224,0.07577,0.0725,0.066561,0.060426,0.053784,0.047136,0.04126,0.037269,0.034996,0.035359,0.037614,0.041704,0.047292,0.054839,0.066796,0.081955,0.098617,0.11729,0.13643,0.15642,0.17569,0.19304,0.20791,0.21948,0.22661,0.22871,0.22638,0.22006,0.20948,0.19506,0.17735,0.15657,0.13526,0.11224,0.088432,0.065519,0.045762,0.031881,0.023046,0.018295,0.016479,0.017023,0.019175,0.02304,0.029062,0.037621,0.048557,0.06171,0.077778,0.095769,0.11471,0.1348,0.15392,0.16977,0.1802,0.18431,0.18128,0.17231,0.15942,0.14375,0.12749,0.10955,0.090872,0.073299,0.059283,0.04729,0.038111,0.031574,0.027528,0.025221,0.02387,0.023124,0.022639,0.022597,0.023646
0.16369,0.18749,0.19942,0.20032,0.19293,0.17978,0.16259,0.1432,0.12296,0.10291,0.084358,0.070506,0.059329,0.050635,0.044353,0.040251,0.03816,0.03834,0.040281,0.043444,0.047003,0.050948,0.054752,0.057795,0.060064,0.061025,0.06015,0.057004,0.052889,0.047844,0.042062,0.03627,0.03154,0.027823,0.026339,0.026541,0.028407,0.03132,0.03545,0.042067,0.050943,0.061227,0.073807,0.087634,0.10274,0.11767,0.13146,0.14303,0.15162,0.15613,0.1563,0.15249,0.14522,0.13474,0.12181,0.10689,0.090752,0.075667,0.060526,0.045821,0.032569,0.023343,0.018033,0.015568,0.015578,0.018072,0.023049,0.03088,0.041926,0.056271,0.07362,0.092883,0.11323,0.13489,0.15695,0.17856,0.20012,0.21993,0.23557,0.24508,0.24812,0.24382,0.23355,0.21911,0.20165,0.18293,0.16215,0.13966,0.11735,0.097183,0.077944,0.061048,0.047661,0.038284,0.032376,0.028474,0.025974,0.024393,0.023565,0.024056
0.15447,0.1792,0.1925,0.19519,0.18997,0.17918,0.16453,0.1477,0.12977,0.11197,0.095416,0.082476,0.070875,0.06047,0.05169,0.044453,0.039391,0.036549,0.035441,0.035789,0.036698,0.038134,0.039488,0.040812,0.042099,0.042874,0.042555,0.040808,0.038514,0.035532,0.031751,0.027631,0.024059,0.020651,0.018459,0.017395,0.017745,0.01894,0.020949,0.024215,0.028588,0.033831,0.04095,0.049287,0.059028,0.06948,0.079691,0.088796,0.095807,0.099771,0.10034,0.097584,0.092041,0.083946,0.073945,0.062741,0.051394,0.041694,0.032664,0.025117,0.01986,0.017238,0.016937,0.018542,0.022778,0.030507,0.041304,0.05501,0.071164,0.090512,0.11249,0.1356,0.15887,0.18214,0.2046,0.22561,0.24521,0.26258,0.27622,0.28447,0.28703,0.28241,0.27184,0.2573,0.2399,0.22127,0.2007,0.17829,0.15569,0.13401,0.11239,0.092311,0.075438,0.062912,0.05409,0.04766,0.042933,0.03918,0.035972,0.033451
0.14075,0.1617,0.17295,0.17561,0.17224,0.16491,0.15477,0.14309,0.13054,0.11745,0.10431,0.09338,0.082407,0.071367,0.060618,0.050735,0.042909,0.037356,0.034025,0.032671,0.032115,0.032382,0.032881,0.033263,0.03372,0.034172,0.034009,0.032886,0.031437,0.029538,0.0268,0.023671,0.020384,0.016818,0.013847,0.011902,0.010967,0.010577,0.010788,0.011493,0.012864,0.014855,0.017922,0.021789,0.02655,0.032172,0.03815,0.044117,0.0492,0.05263,0.054074,0.053437,0.051039,0.046972,0.041624,0.03545,0.029412,0.024622,0.020669,0.018758,0.018652,0.02062,0.0247,0.031054,0.039882,0.051306,0.06494,0.080819,0.097995,0.11722,0.1382,0.15984,0.18134,0.20264,0.22322,0.24244,0.26065,0.27751,0.29199,0.30208,0.30765,0.30731,0.30077,0.28892,0.27272,0.25393,0.23296,0.21033,0.18717,0.16403,0.14092,0.11919,0.10054,0.086289,0.075828,0.067675,0.061165,0.055577,0.05033,0.045305
0.10341,0.11705,0.12466,0.12706,0.12593,0.1227,0.1181,0.11273,0.10711,0.10107,0.094649,0.088819,0.081818,0.073462,0.064151,0.054039,0.044683,0.037306,0.03215,0.029349,0.027641,0.026903,0.026568,0.026362,0.026546,0.026853,0.027111,0.027117,0.02714,0.027039,0.026324,0.024909,0.022934,0.0203,0.017624,0.01547,0.014038,0.012896,0.012013,0.011453,0.011456,0.011985,0.013247,0.015122,0.017397,0.020137,0.023222,0.026219,0.028707,0.030296,0.030935,0.030451,0.029032,0.026846,0.024198,0.02128,0.018834,0.01735,0.017158,0.019478,0.023953,0.030941,0.039972,0.050535,0.062519,0.076139,0.091254,0.10816,0.12569,0.14463,0.16463,0.18439,0.20326,0.22078,0.2367,0.25093,0.26385,0.27468,0.28316,0.28873,0.29178,0.29227,0.28958,0.28344,0.27398,0.26173,0.24688,0.22953,0.21036,0.18993,0.16903,0.14923,0.13195,0.11841,0.10796,0.099306,0.091725,0.084273,0.076145,0.067168
0.074427,0.082214,0.087214,0.089611,0.090409,0.090459,0.09,0.089299,0.088663,0.087623,0.08592,0.083558,0.07945,0.073509,0.065969,0.057041,0.048064,0.039778,0.032997,0.028425,0.025297,0.023298,0.022036,0.021121,0.020602,0.02056,0.020771,0.020833,0.020966,0.02121,0.0215,0.021637,0.02146,0.020937,0.020274,0.019543,0.018935,0.018256,0.017556,0.016788,0.016287,0.016083,0.016284,0.01697,0.017998,0.019273,0.020864,0.022621,0.024141,0.02522,0.025711,0.025329,0.024343,0.022874,0.021488,0.020445,0.020286,0.021426,0.024199,0.030805,0.040173,0.05192,0.064469,0.077623,0.091067,0.10469,0.11871,0.13373,0.14814,0.16268,0.17703,0.19048,0.20253,0.21274,0.22128,0.22792,0.23265,0.23573,0.23773,0.23869,0.23964,0.2417,0.24445,0.24696,0.24869,0.24907,0.24697,0.24135,0.23249,0.22025,0.20608,0.19155,0.17791,0.16624,0.15626,0.14725,0.13834,0.1282,0.11574,0.10065
0.055073,0.059015,0.06218,0.064397,0.066157,0.067873,0.069643,0.071479,0.073593,0.075539,0.076879,0.077122,0.075548,0.072042,0.066659,0.059633,0.052083,0.044687,0.0382,0.03331,0.029867,0.027332,0.025551,0.024301,0.023545,0.023287,0.023392,0.023435,0.023531,0.023626,0.023605,0.023651,0.023752,0.023902,0.024016,0.024039,0.023961,0.02375,0.023515,0.023013,0.022726,0.022587,0.02285,0.023655,0.024663,0.026001,0.027754,0.029704,0.031488,0.032885,0.033915,0.034349,0.034424,0.034291,0.034935,0.036844,0.040177,0.045007,0.051784,0.062174,0.07406,0.086719,0.098904,0.11026,0.12037,0.12911,0.13704,0.14555,0.15324,0.16057,0.16743,0.17335,0.1779,0.18118,0.18357,0.18514,0.18527,0.18408,0.18226,0.18015,0.1787,0.17991,0.18372,0.18985,0.19829,0.20874,0.21928,0.22775,0.23355,0.23553,0.23422,0.23031,0.22451,0.21811,0.21117,0.20324,0.19356,0.18049,0.16257,0.13968
0.04165,0.041964,0.042894,0.043808,0.044926,0.046392,0.048293,0.05059,0.053507,0.056621,0.059512,0.061732,0.062926,0.062976,0.061711,0.059059,0.055494,0.051545,0.047592,0.044007,0.041124,0.038648,0.036497,0.03445,0.032669,0.031147,0.03,0.029106,0.028554,0.028329,0.028169,0.028562,0.029522,0.031088,0.033153,0.035275,0.037228,0.039173,0.040777,0.04185,0.042785,0.043656,0.044608,0.045985,0.047765,0.050068,0.052869,0.056216,0.059579,0.06267,0.065519,0.067538,0.068919,0.06958,0.070613,0.07259,0.075422,0.078661,0.082924,0.089868,0.097672,0.10609,0.11372,0.12022,0.12537,0.12904,0.13214,0.13553,0.13851,0.14108,0.14302,0.14452,0.14513,0.14522,0.14454,0.14277,0.13977,0.13576,0.13187,0.12861,0.12692,0.12845,0.13298,0.13984,0.14863,0.16082,0.17532,0.19046,0.20483,0.21688,0.22635,0.23308,0.23655,0.23758,0.23619,0.2323,0.22511,0.21268,0.19311,0.16622
0.047388,0.047757,0.048984,0.049913,0.050436,0.050931,0.051542,0.052414,0.053844,0.055675,0.057864,0.059925,0.06183,0.063427,0.06444,0.064672,0.064268,0.063258,0.061874,0.060204,0.058657,0.05718,0.055658,0.053796,0.051796,0.0498,0.048074,0.046331,0.044648,0.043264,0.042401,0.042396,0.04335,0.045466,0.048241,0.051007,0.0536,0.056158,0.058726,0.061253,0.063948,0.066818,0.070276,0.074217,0.078358,0.082968,0.087947,0.093172,0.097939,0.10192,0.10502,0.10689,0.10761,0.10727,0.10699,0.10707,0.10744,0.10803,0.10918,0.1117,0.11429,0.11714,0.11919,0.1207,0.12119,0.1205,0.11911,0.11758,0.11536,0.11307,0.11061,0.10824,0.10589,0.10373,0.10208,0.10035,0.098397,0.096192,0.094578,0.093217,0.092564,0.093705,0.096958,0.10243,0.11012,0.12078,0.1333,0.14679,0.16045,0.17342,0.18578,0.19695,0.20589,0.21247,0.21635,0.21718,0.21408,0.20533,0.18909,0.16564
0.061293,0.060757,0.060984,0.061031,0.060855,0.060816,0.060976,0.061497,0.062561,0.064083,0.065909,0.067958,0.070199,0.072688,0.075245,0.077661,0.079855,0.08167,0.082949,0.083496,0.083554,0.083066,0.081995,0.080093,0.077604,0.074728,0.071743,0.068273,0.06458,0.060872,0.057133,0.05435,0.053175,0.053945,0.056235,0.059638,0.064057,0.069564,0.076114,0.083724,0.092849,0.10288,0.11361,0.12462,0.13518,0.14551,0.15536,0.16429,0.17165,0.17688,0.17973,0.17949,0.17625,0.17014,0.1625,0.154,0.14507,0.13604,0.12789,0.12168,0.11664,0.11375,0.11148,0.10989,0.10828,0.10574,0.10239,0.098626,0.094299,0.089665,0.084807,0.07992,0.075329,0.071263,0.068188,0.066054,0.064486,0.063406,0.063124,0.063369,0.064036,0.065793,0.068541,0.072825,0.07873,0.086827,0.096744,0.1077,0.11944,0.13154,0.14334,0.15403,0.16287,0.16978,0.17456,0.17679,0.17572,0.16995,0.15849,0.14297
0.082692,0.093652,0.10062,0.10341,0.10311,0.10074,0.097089,0.092457,0.087021,0.081629,0.076475,0.071365,0.066596,0.061794,0.056892,0.052272,0.048017,0.044192,0.040915,0.039081,0.038522,0.03999,0.043517,0.048894,0.055569,0.062491,0.068909,0.07452,0.078957,0.081717,0.082895,0.083446,0.084091,0.085019,0.086904,0.090383,0.095196,0.10114,0.1087,0.11733,0.12605,0.13448,0.14229,0.14943,0.156,0.16226,0.16813,0.17321,0.17738,0.1806,0.18247,0.18226,0.18002,0.17599,0.17075,0.1656,0.16103,0.15677,0.15168,0.14591,0.13974,0.13335,0.12657,0.1201,0.11389,0.1085,0.10474,0.10214,0.10068,0.10007,0.10008,0.10013,0.099978,0.09956,0.098833,0.098032,0.096778,0.095949,0.096716,0.09751,0.098375,0.098956,0.098331,0.096483,0.093473,0.089595,0.084935,0.080186,0.075637,0.072233,0.069762,0.067882,0.066571,0.066087,0.066672,0.067453,0.067859,0.067071,0.064861,0.062392
0.089706,0.10296,0.11062,0.11282,0.11073,0.10577,0.098991,0.091138,0.082755,0.074951,0.068192,0.062332,0.057283,0.052952,0.049311,0.046527,0.044628,0.043409,0.042696,0.042612,0.042726,0.043353,0.044756,0.046859,0.049612,0.052105,0.054098,0.055176,0.055225,0.053988,0.051568,0.048944,0.047241,0.046833,0.048275,0.051966,0.057965,0.065903,0.076346,0.089113,0.1031,0.11815,0.13384,0.15002,0.16558,0.17986,0.19231,0.20135,0.20664,0.20791,0.20494,0.19749,0.18653,0.17391,0.1602,0.14716,0.1354,0.12538,0.1155,0.10605,0.097088,0.089158,0.082036,0.076641,0.072211,0.06874,0.066644,0.06582,0.06621,0.067851,0.070612,0.074271,0.078444,0.082783,0.087365,0.093026,0.098958,0.10596,0.11511,0.12416,0.13311,0.14054,0.14491,0.14635,0.14502,0.14122,0.1349,0.12681,0.11693,0.10687,0.097152,0.087547,0.078875,0.071819,0.066964,0.063615,0.060486,0.056985,0.052918,0.049416
0.097337,0.11116,0.11857,0.11964,0.11582,0.10873,0.099714,0.089608,0.079256,0.0698,0.061949,0.056001,0.051508,0.048422,0.046362,0.045573,0.045638,0.046297,0.047194,0.048265,0.048764,0.049126,0.049569,0.05,0.05067,0.051089,0.051243,0.050815,0.049661,0.047269,0.043577,0.03997,0.037255,0.035699,0.035881,0.038054,0.042335,0.049051,0.058751,0.071279,0.085822,0.10195,0.11881,0.13631,0.15294,0.16778,0.18046,0.18892,0.1928,0.19178,0.18571,0.17459,0.15998,0.1448,0.12912,0.1144,0.10137,0.090522,0.080557,0.072007,0.064987,0.059699,0.055953,0.054275,0.053961,0.054856,0.056777,0.059341,0.062666,0.066996,0.072228,0.078226,0.084829,0.091943,0.099928,0.10976,0.12053,0.13264,0.1467,0.16017,0.17302,0.18334,0.18924,0.19145,0.19009,0.18587,0.17835,0.16805,0.15463,0.13939,0.12331,0.10693,0.091589,0.078845,0.069724,0.06391,0.059298,0.055068,0.050854,0.047257
0.095468,0.10889,0.11594,0.11672,0.11269,0.1055,0.096414,0.086305,0.075895,0.066346,0.058189,0.051949,0.047292,0.044241,0.042463,0.042474,0.044061,0.046798,0.050211,0.053688,0.056251,0.058012,0.058921,0.059175,0.058756,0.057255,0.05494,0.051887,0.048351,0.043852,0.038475,0.03339,0.028856,0.025387,0.023379,0.022801,0.0237,0.026089,0.030881,0.038171,0.047318,0.057629,0.069039,0.081995,0.09487,0.10678,0.11752,0.12473,0.1282,0.12759,0.12279,0.1138,0.10255,0.091811,0.081328,0.071735,0.063443,0.056736,0.051064,0.046632,0.043259,0.041179,0.040698,0.042405,0.045375,0.049354,0.054094,0.059381,0.065124,0.071552,0.078605,0.086081,0.093918,0.10228,0.11209,0.12488,0.13969,0.15723,0.17771,0.19914,0.22209,0.24346,0.25978,0.27093,0.27599,0.27502,0.26745,0.25389,0.2356,0.21403,0.19049,0.16644,0.14375,0.12441,0.10967,0.099703,0.091703,0.084535,0.077243,0.069699
0.0803,0.090107,0.095326,0.095964,0.093093,0.087949,0.081403,0.074066,0.066465,0.05944,0.053158,0.048405,0.044801,0.042337,0.040951,0.040904,0.042016,0.044033,0.04673,0.049313,0.051095,0.051964,0.05224,0.051686,0.050486,0.048373,0.045891,0.043128,0.039956,0.036178,0.031623,0.027134,0.022985,0.019814,0.01776,0.016426,0.016191,0.016926,0.019117,0.02283,0.027984,0.033838,0.040462,0.048512,0.056627,0.064373,0.071779,0.077019,0.079888,0.080116,0.077627,0.072411,0.06554,0.059534,0.053867,0.048651,0.044224,0.040576,0.037646,0.035912,0.035485,0.036323,0.03857,0.043028,0.049034,0.056358,0.064201,0.072177,0.080016,0.088058,0.096226,0.1043,0.11221,0.12008,0.12879,0.14041,0.15397,0.17013,0.18933,0.21054,0.2341,0.25735,0.27675,0.29195,0.30173,0.30549,0.30163,0.28964,0.27047,0.24763,0.22384,0.2019,0.18201,0.16523,0.1519,0.14239,0.13386,0.12486,0.11369,0.099657
0.06336,0.069624,0.072703,0.07269,0.070572,0.067156,0.063103,0.058859,0.054604,0.05076,0.047444,0.045352,0.044135,0.043585,0.04356,0.044615,0.045983,0.047381,0.048704,0.049819,0.050083,0.049698,0.048748,0.047443,0.045866,0.043739,0.041363,0.038705,0.03561,0.032328,0.028773,0.025527,0.022439,0.019617,0.017127,0.014907,0.013297,0.012299,0.012506,0.013948,0.016411,0.019003,0.022095,0.026288,0.031028,0.035836,0.040727,0.044489,0.046972,0.048027,0.047563,0.045443,0.042572,0.040491,0.038819,0.037386,0.036409,0.036081,0.036405,0.037774,0.040459,0.044517,0.050234,0.0584,0.067843,0.078278,0.088506,0.097998,0.10627,0.11318,0.11886,0.12333,0.12656,0.12887,0.1314,0.13597,0.14255,0.15217,0.16526,0.18206,0.20277,0.22472,0.24492,0.26318,0.27861,0.29037,0.29778,0.29947,0.29456,0.28361,0.26836,0.25218,0.23743,0.22495,0.21478,0.20707,0.1988,0.18778,0.17151,0.14931
0.044864,0.046234,0.046532,0.045594,0.043929,0.041936,0.03999,0.038236,0.036958,0.036442,0.036412,0.036879,0.037706,0.03871,0.03978,0.041439,0.043122,0.044487,0.045366,0.045505,0.044475,0.042759,0.040535,0.037939,0.03526,0.032459,0.030014,0.027427,0.02492,0.022885,0.021269,0.020295,0.01958,0.01892,0.018158,0.017117,0.016237,0.015873,0.016346,0.01747,0.019121,0.020602,0.021979,0.023867,0.026173,0.028651,0.031237,0.033364,0.03494,0.035855,0.036086,0.035426,0.034481,0.034018,0.034132,0.034917,0.036669,0.03907,0.042354,0.047011,0.053251,0.060906,0.069967,0.081255,0.093181,0.10526,0.11615,0.12535,0.1322,0.13648,0.13857,0.13861,0.13677,0.13364,0.13021,0.12775,0.12711,0.12959,0.13669,0.1483,0.16385,0.18129,0.19846,0.21587,0.23313,0.24969,0.26638,0.28121,0.29313,0.30008,0.30144,0.298,0.29129,0.28422,0.2778,0.27196,0.26399,0.25118,0.23032,0.20098
0.027559,0.026626,0.02597,0.024988,0.023821,0.022591,0.021551,0.020875,0.020671,0.021228,0.02251,0.024415,0.026811,0.029344,0.031535,0.033828,0.035773,0.037183,0.037893,0.03783,0.036841,0.035562,0.034023,0.032199,0.030276,0.028415,0.026715,0.025104,0.023574,0.022674,0.022619,0.023231,0.024089,0.024924,0.025321,0.02505,0.024658,0.024548,0.024812,0.025091,0.025335,0.025034,0.024612,0.024898,0.026042,0.027601,0.029438,0.031412,0.033242,0.034818,0.036197,0.037309,0.038588,0.040323,0.043389,0.047806,0.053442,0.060175,0.068055,0.077453,0.088666,0.10088,0.1138,0.12746,0.14001,0.15103,0.1594,0.16508,0.16744,0.16614,0.16186,0.15506,0.1461,0.13589,0.12558,0.11626,0.10906,0.10599,0.10802,0.11448,0.12465,0.13705,0.14994,0.1637,0.1779,0.19254,0.20937,0.22776,0.24798,0.26756,0.28411,0.29619,0.30353,0.30725,0.30815,0.30645,0.30089,0.28892,0.26721,0.23427
0.019487,0.018648,0.018207,0.017524,0.016676,0.015739,0.014806,0.014027,0.013447,0.013424,0.014252,0.015746,0.018132,0.020843,0.02322,0.025692,0.027614,0.028732,0.02903,0.028433,0.026875,0.025306,0.02378,0.022358,0.021508,0.021035,0.02116,0.021736,0.022901,0.024986,0.028269,0.032079,0.036084,0.039745,0.042623,0.04507,0.047808,0.050838,0.053471,0.055343,0.05626,0.055562,0.053798,0.052072,0.051182,0.050966,0.051208,0.052124,0.053605,0.055654,0.058182,0.06116,0.064493,0.067796,0.072629,0.078829,0.086307,0.094931,0.1049,0.11645,0.12957,0.14279,0.15539,0.16723,0.17688,0.18384,0.18738,0.18806,0.18493,0.17783,0.16758,0.15479,0.1399,0.12402,0.1083,0.093433,0.080928,0.072535,0.06935,0.070443,0.075171,0.082494,0.091299,0.10217,0.11436,0.12795,0.14543,0.16449,0.18579,0.20927,0.23377,0.25757,0.27777,0.29335,0.30399,0.30934,0.30874,0.29962,0.27851,0.24334
0.02313,0.02161,0.020868,0.020087,0.01906,0.017827,0.016482,0.015138,0.013795,0.012741,0.012398,0.012544,0.013532,0.015181,0.017164,0.019677,0.021957,0.023532,0.024277,0.024189,0.023042,0.021538,0.019956,0.018579,0.017881,0.01781,0.018684,0.020542,0.023594,0.027764,0.034138,0.041497,0.049361,0.056938,0.063704,0.070336,0.077807,0.08548,0.092277,0.097391,0.10077,0.10182,0.10121,0.099812,0.098506,0.097553,0.097388,0.098491,0.10059,0.10344,0.10687,0.11033,0.11386,0.11683,0.1207,0.12534,0.13055,0.13627,0.14269,0.15023,0.15834,0.1655,0.17112,0.17513,0.17674,0.1756,0.17164,0.16615,0.15823,0.14771,0.13509,0.12106,0.10601,0.090681,0.07594,0.062095,0.050274,0.041947,0.03804,0.03783,0.040787,0.046439,0.053684,0.062785,0.07355,0.086401,0.10394,0.12388,0.14578,0.16894,0.19225,0.21519,0.23654,0.2546,0.26828,0.27657,0.27852,0.2717,0.25306,0.22107
0.032606,0.032254,0.03165,0.030616,0.029125,0.027167,0.024803,0.022227,0.019293,0.016401,0.014102,0.012262,0.01155,0.011703,0.01263,0.014486,0.016668,0.018546,0.019903,0.020471,0.01994,0.018789,0.017342,0.015994,0.015261,0.015509,0.017151,0.020064,0.024372,0.030065,0.038952,0.049486,0.061283,0.073491,0.085084,0.097065,0.11016,0.1234,0.13473,0.14332,0.14935,0.15276,0.15403,0.15397,0.15347,0.15279,0.15229,0.15265,0.15375,0.15548,0.15746,0.15881,0.15927,0.1579,0.15609,0.15407,0.15236,0.15146,0.15182,0.15374,0.15663,0.1594,0.16181,0.16309,0.16215,0.15863,0.15259,0.14587,0.13727,0.12657,0.11451,0.10143,0.087511,0.073234,0.059284,0.04598,0.034874,0.027168,0.023491,0.022727,0.024548,0.028039,0.032678,0.038833,0.046504,0.056269,0.070758,0.089174,0.11085,0.1338,0.15677,0.17895,0.19871,0.21488,0.22698,0.2343,0.23593,0.22961,0.21262,0.18425
0.055761,0.059841,0.061839,0.061742,0.059955,0.056762,0.052349,0.046986,0.040519,0.033462,0.026733,0.020685,0.015867,0.012511,0.010463,0.0098455,0.010167,0.01091,0.011742,0.012345,0.012473,0.01227,0.011911,0.011629,0.011694,0.012552,0.014611,0.017987,0.022955,0.030009,0.041592,0.055796,0.072043,0.08939,0.10665,0.12503,0.14541,0.16646,0.18549,0.20145,0.21424,0.22316,0.22823,0.2299,0.22924,0.22702,0.22455,0.22246,0.22081,0.21931,0.21764,0.21476,0.2114,0.20607,0.19975,0.19246,0.1849,0.17752,0.1711,0.16656,0.16264,0.1585,0.15349,0.14694,0.13824,0.12739,0.11492,0.10361,0.092078,0.080196,0.068442,0.057243,0.046565,0.036312,0.027276,0.020029,0.01523,0.012815,0.012456,0.013467,0.015219,0.01757,0.02018,0.023275,0.02701,0.031577,0.038527,0.047589,0.059123,0.072752,0.088077,0.10435,0.1199,0.13361,0.1448,0.1527,0.15643,0.15436,0.14455,0.12625
0.077544,0.086431,0.091433,0.092973,0.09185,0.088594,0.083487,0.076776,0.068169,0.058187,0.047838,0.037491,0.027987,0.020144,0.015162,0.01272,0.012165,0.012551,0.013466,0.014789,0.016059,0.017219,0.018315,0.019222,0.020141,0.021391,0.023312,0.026191,0.030208,0.036087,0.046315,0.059534,0.075733,0.094331,0.11389,0.13582,0.1607,0.18759,0.21318,0.23583,0.25622,0.27232,0.28288,0.28815,0.28868,0.28573,0.28051,0.27371,0.26545,0.25609,0.24634,0.23575,0.22584,0.21536,0.20434,0.19212,0.1793,0.16639,0.15432,0.1447,0.13548,0.12635,0.11673,0.10614,0.094394,0.081578,0.068401,0.057741,0.047944,0.038871,0.030845,0.023876,0.017714,0.012652,0.0091203,0.0071381,0.006602,0.00735,0.0092931,0.011877,0.014561,0.017078,0.019316,0.021231,0.022878,0.024751,0.02734,0.030806,0.035733,0.042096,0.050336,0.060906,0.072344,0.083044,0.092335,0.099506,0.10394,0.10441,0.099559,0.088706
0.10996,0.1242,0.13263,0.13565,0.13458,0.13034,0.1234,0.11399,0.10189,0.087691,0.072607,0.057537,0.043001,0.030483,0.021645,0.01658,0.013932,0.013164,0.013562,0.014688,0.016106,0.017652,0.019252,0.020783,0.022185,0.023538,0.025068,0.02716,0.029983,0.034274,0.041963,0.051946,0.064546,0.080112,0.097461,0.11764,0.14115,0.16865,0.19723,0.22532,0.25296,0.27787,0.29796,0.31202,0.31991,0.32245,0.32011,0.31345,0.30292,0.28937,0.27411,0.2577,0.24226,0.22642,0.20971,0.19162,0.17275,0.15357,0.13589,0.12199,0.1087,0.095784,0.083331,0.071147,0.059279,0.04795,0.037576,0.029811,0.023447,0.018379,0.014391,0.011533,0.0096721,0.0085308,0.0083879,0.0098428,0.012914,0.017487,0.023051,0.02863,0.033515,0.03726,0.039496,0.039974,0.039154,0.03767,0.035796,0.03444,0.034008,0.034269,0.035411,0.038373,0.042606,0.047102,0.051463,0.055025,0.057463,0.058161,0.05648,0.052179
0.14594,0.16676,0.17949,0.18487,0.18483,0.18059,0.17285,0.16173,0.14705,0.1293,0.1097,0.089211,0.068503,0.049793,0.035358,0.025439,0.018987,0.015516,0.013689,0.013092,0.013452,0.014513,0.015878,0.01743,0.018996,0.020413,0.021931,0.023687,0.025655,0.02867,0.033857,0.040995,0.050458,0.063468,0.079144,0.098263,0.12073,0.14761,0.176,0.20399,0.23089,0.25493,0.27522,0.29091,0.30097,0.30512,0.30269,0.29465,0.28209,0.26653,0.25022,0.23325,0.21707,0.20028,0.1819,0.16227,0.14195,0.12163,0.10324,0.089303,0.076265,0.063949,0.05268,0.042503,0.03344,0.025614,0.018981,0.014662,0.011729,0.00985,0.0086382,0.0080883,0.0083773,0.0097917,0.01264,0.018729,0.027886,0.039155,0.051308,0.062744,0.072306,0.079082,0.082775,0.082861,0.079935,0.074699,0.067085,0.058424,0.049891,0.042519,0.036844,0.034116,0.033449,0.033621,0.034427,0.035224,0.035743,0.035702,0.034814,0.033206
0.16949,0.1947,0.2106,0.21794,0.21895,0.2152,0.20753,0.19614,0.18104,0.16279,0.14253,0.12096,0.09822,0.076739,0.057999,0.042972,0.031638,0.024334,0.019775,0.017446,0.016405,0.016039,0.01605,0.01637,0.016675,0.016812,0.016815,0.016809,0.016987,0.017967,0.020295,0.024132,0.029795,0.038472,0.049781,0.06456,0.082937,0.10625,0.13159,0.15686,0.18112,0.20255,0.21981,0.23277,0.24185,0.24644,0.24581,0.24103,0.23319,0.22263,0.2105,0.19671,0.18217,0.16608,0.14829,0.12908,0.10907,0.089142,0.071331,0.058451,0.047204,0.037623,0.029761,0.023282,0.017901,0.013473,0.0099968,0.0080387,0.0071704,0.0072001,0.0080384,0.0094746,0.01207,0.016746,0.024106,0.03642,0.052634,0.071009,0.089874,0.1075,0.12259,0.13373,0.14047,0.14191,0.13864,0.13137,0.11987,0.10517,0.088231,0.071245,0.056197,0.046592,0.041532,0.038356,0.036523,0.035437,0.034652,0.03378,0.032504,0.031043
0.1724,0.19865,0.2157,0.22399,0.22582,0.22282,0.21602,0.20575,0.19206,0.17534,0.15647,0.13623,0.11511,0.095303,0.076885,0.060756,0.047712,0.038925,0.033045,0.029391,0.027011,0.025448,0.024357,0.023552,0.022654,0.021568,0.020368,0.019028,0.017847,0.017181,0.0173,0.018535,0.021169,0.025984,0.032914,0.042241,0.054008,0.069695,0.087291,0.10527,0.12276,0.13851,0.15149,0.16141,0.16891,0.17348,0.17478,0.17329,0.1691,0.16228,0.15394,0.14403,0.13306,0.12078,0.10684,0.091573,0.075486,0.059387,0.04514,0.034988,0.026532,0.020115,0.015325,0.012075,0.010145,0.00911,0.0089624,0.0097695,0.011356,0.013796,0.017281,0.022125,0.028997,0.038213,0.050252,0.068541,0.090965,0.11531,0.13966,0.16227,0.18155,0.19579,0.20485,0.20781,0.20541,0.19789,0.18496,0.16737,0.14576,0.12247,0.099037,0.080478,0.067663,0.057928,0.05091,0.04617,0.042962,0.040487,0.038392,0.037124
0.15861,0.18439,0.20118,0.20954,0.21181,0.20975,0.20451,0.1966,0.18617,0.17347,0.15888,0.1425,0.12477,0.10787,0.091086,0.075153,0.061009,0.050885,0.043339,0.038047,0.034232,0.031393,0.029165,0.027375,0.025785,0.024275,0.022693,0.020874,0.018951,0.017182,0.015545,0.014641,0.014562,0.01589,0.01821,0.021666,0.026578,0.033845,0.042896,0.052873,0.063095,0.072877,0.08123,0.087732,0.093063,0.096488,0.097304,0.095818,0.092429,0.087123,0.081192,0.074518,0.067538,0.060074,0.052158,0.044072,0.035905,0.028239,0.021994,0.017785,0.014562,0.012364,0.011279,0.011254,0.012116,0.013676,0.016136,0.019312,0.023277,0.028083,0.033864,0.041039,0.050836,0.064072,0.081267,0.10582,0.13447,0.16441,0.19367,0.2205,0.24362,0.26082,0.2721,0.27623,0.2742,0.26609,0.25216,0.23355,0.21041,0.18469,0.15748,0.13422,0.11614,0.10066,0.087999,0.078238,0.070978,0.065257,0.060165,0.05567
0.1229,0.14186,0.15398,0.15988,0.16138,0.15989,0.15636,0.15152,0.14535,0.13808,0.13021,0.12126,0.11124,0.10115,0.089768,0.077729,0.065935,0.05608,0.047754,0.041824,0.037335,0.033823,0.031047,0.028831,0.026931,0.025236,0.02361,0.021748,0.019664,0.017546,0.015293,0.013472,0.012238,0.011782,0.011861,0.012717,0.014183,0.016705,0.020006,0.024197,0.029038,0.03424,0.039015,0.042924,0.046486,0.048925,0.049721,0.049228,0.047687,0.045033,0.042285,0.039387,0.036346,0.033067,0.029674,0.026228,0.023005,0.020218,0.018176,0.017187,0.016965,0.017459,0.018827,0.020836,0.023223,0.025888,0.029148,0.032895,0.037547,0.043196,0.050014,0.058419,0.069343,0.083591,0.10193,0.12659,0.15514,0.18535,0.21495,0.24316,0.26972,0.29237,0.31019,0.32139,0.32601,0.32301,0.31142,0.29209,0.26669,0.23891,0.21079,0.18683,0.16736,0.15021,0.13559,0.12349,0.11346,0.10451,0.095206,0.084729
0.090644,0.10214,0.10904,0.11202,0.1125,0.11139,0.10944,0.10737,0.10504,0.10247,0.099723,0.096366,0.092276,0.087714,0.081544,0.074173,0.066291,0.058993,0.051965,0.046464,0.041763,0.03776,0.034418,0.031695,0.029724,0.028268,0.026794,0.024999,0.02276,0.020243,0.017284,0.014559,0.012413,0.010956,0.010034,0.0097173,0.009991,0.010817,0.012441,0.014429,0.017072,0.020273,0.023379,0.026173,0.028769,0.030525,0.031213,0.031089,0.030275,0.028733,0.02705,0.025346,0.023632,0.021864,0.020136,0.018489,0.017521,0.017243,0.017915,0.019272,0.021206,0.023429,0.025977,0.028853,0.031929,0.035465,0.039352,0.0435,0.048286,0.053872,0.060507,0.068282,0.077964,0.09017,0.10626,0.12726,0.15182,0.17887,0.2071,0.23545,0.2639,0.29021,0.31346,0.33225,0.34645,0.35471,0.35464,0.34501,0.32529,0.29858,0.26906,0.24296,0.221,0.20159,0.18524,0.1715,0.15959,0.14786,0.13436,0.11832
0.055127,0.059892,0.062781,0.064095,0.064492,0.064455,0.064428,0.065027,0.065935,0.066901,0.067816,0.068186,0.067941,0.067184,0.064863,0.061303,0.057063,0.052709,0.048009,0.044095,0.040484,0.037409,0.03469,0.032363,0.030653,0.029538,0.028711,0.027735,0.02637,0.02476,0.02251,0.020032,0.01772,0.015634,0.0137,0.011953,0.010817,0.010231,0.010502,0.011291,0.012843,0.014971,0.017221,0.019642,0.02199,0.023851,0.02511,0.025834,0.026111,0.026056,0.025887,0.025739,0.025549,0.025326,0.02524,0.025446,0.026799,0.02898,0.031923,0.034906,0.037841,0.040193,0.042039,0.043537,0.045137,0.047834,0.050916,0.054235,0.058143,0.062644,0.067888,0.074026,0.081363,0.090586,0.10304,0.11846,0.13674,0.15723,0.17875,0.20011,0.22166,0.24257,0.26304,0.28332,0.30408,0.32551,0.34326,0.35395,0.35461,0.34509,0.32715,0.3058,0.28577,0.26811,0.25317,0.23998,0.22732,0.21257,0.19295,0.16783
0.034288,0.035474,0.036192,0.036349,0.036271,0.036177,0.03636,0.037327,0.038832,0.040715,0.042892,0.045018,0.047025,0.048436,0.048482,0.047105,0.044929,0.042324,0.039242,0.036455,0.033883,0.031924,0.030375,0.02927,0.029214,0.030012,0.03153,0.032984,0.033674,0.033886,0.033016,0.031503,0.029519,0.027261,0.024775,0.022313,0.020214,0.018569,0.017732,0.017785,0.019127,0.021226,0.023669,0.026466,0.028996,0.030888,0.03219,0.033146,0.033699,0.033984,0.034265,0.034844,0.035646,0.036844,0.03865,0.041233,0.04581,0.051035,0.056211,0.059951,0.062141,0.062308,0.060979,0.058573,0.055714,0.054643,0.054509,0.054974,0.056437,0.058808,0.061986,0.066028,0.071023,0.077405,0.08614,0.096361,0.10841,0.12248,0.1382,0.15457,0.1719,0.19013,0.2089,0.2284,0.2496,0.27525,0.30383,0.33122,0.35211,0.36325,0.36486,0.35881,0.34775,0.33505,0.32307,0.31167,0.29917,0.28229,0.25731,0.22354
0.01832,0.016403,0.015116,0.014031,0.013213,0.012705,0.012663,0.01337,0.014706,0.016531,0.018751,0.021113,0.023594,0.025902,0.027658,0.028656,0.029196,0.029336,0.028828,0.028102,0.027204,0.02687,0.026798,0.026867,0.027582,0.02911,0.031204,0.033385,0.034968,0.036247,0.036886,0.037205,0.037303,0.037144,0.036817,0.036614,0.03673,0.037351,0.038851,0.041245,0.045591,0.050562,0.055559,0.06051,0.064735,0.067902,0.070129,0.071785,0.073155,0.07452,0.076272,0.078696,0.081679,0.085148,0.08938,0.09403,0.099937,0.10531,0.10892,0.10952,0.10714,0.10143,0.093546,0.084531,0.075485,0.06963,0.065965,0.063387,0.061881,0.061568,0.06205,0.063195,0.064702,0.066644,0.06993,0.074314,0.080652,0.088934,0.098846,0.11022,0.12314,0.13775,0.15362,0.17074,0.18844,0.20862,0.23009,0.25421,0.28013,0.30308,0.32097,0.33276,0.33836,0.33974,0.33852,0.33479,0.32703,0.31209,0.28639,0.2487
0.015975,0.012918,0.01099,0.009547,0.0085207,0.0078627,0.0076478,0.0079542,0.008795,0.010079,0.011835,0.013723,0.015771,0.017619,0.019198,0.020203,0.020726,0.021038,0.021196,0.021277,0.021539,0.022305,0.023467,0.02458,0.026069,0.027899,0.030239,0.032778,0.035011,0.037415,0.039701,0.042329,0.045347,0.048921,0.052805,0.057316,0.062537,0.068877,0.076719,0.085299,0.095659,0.10553,0.11408,0.12172,0.12784,0.13271,0.13669,0.14026,0.14354,0.14686,0.15019,0.15368,0.15681,0.15915,0.16093,0.16161,0.1617,0.15965,0.15491,0.14683,0.13616,0.12311,0.10922,0.095133,0.081696,0.072199,0.065778,0.060723,0.056747,0.053884,0.051841,0.050633,0.049775,0.049006,0.048717,0.048984,0.050195,0.052776,0.057034,0.062906,0.07079,0.081478,0.094317,0.10902,0.1247,0.14267,0.16159,0.18064,0.19871,0.2152,0.23076,0.24559,0.25789,0.2676,0.27447,0.27798,0.27671,0.26809,0.24925,0.21959
0.021825,0.017993,0.015363,0.013323,0.011596,0.01012,0.0090372,0.0083322,0.0079785,0.0080051,0.0084168,0.0089256,0.0096862,0.010599,0.011566,0.01261,0.013696,0.014823,0.01604,0.017287,0.018569,0.020006,0.021478,0.022626,0.023932,0.025629,0.028065,0.031213,0.034476,0.038293,0.042548,0.048008,0.054651,0.06259,0.071107,0.080177,0.089951,0.10085,0.11296,0.12558,0.13965,0.15242,0.16329,0.17239,0.1795,0.18476,0.18851,0.19132,0.19364,0.19563,0.19764,0.19982,0.20163,0.20203,0.2015,0.19953,0.19588,0.1896,0.18095,0.1695,0.15563,0.13941,0.12277,0.10597,0.089724,0.077022,0.068051,0.06057,0.054476,0.049761,0.046071,0.043268,0.040845,0.038434,0.036411,0.034791,0.033703,0.03363,0.034826,0.03745,0.041867,0.049165,0.05925,0.071914,0.086136,0.10269,0.12069,0.13919,0.15717,0.17333,0.18781,0.20062,0.2107,0.21837,0.22398,0.22705,0.22629,0.21958,0.20451,0.18073
0.03412,0.031258,0.028267,0.024881,0.021322,0.017794,0.014719,0.012232,0.0105,0.0092274,0.0083431,0.0078017,0.0075777,0.00758,0.0077278,0.0082325,0.0090574,0.01022,0.011478,0.012682,0.013898,0.015204,0.016723,0.017938,0.019096,0.020316,0.021945,0.024026,0.026652,0.030342,0.035146,0.042027,0.051348,0.063234,0.076108,0.089783,0.10434,0.12001,0.13671,0.1543,0.17319,0.1901,0.2046,0.21719,0.2275,0.23577,0.24199,0.24653,0.24966,0.25162,0.25261,0.25253,0.25089,0.24711,0.24216,0.23572,0.22665,0.21457,0.19989,0.18257,0.16345,0.14274,0.12296,0.10381,0.085957,0.071657,0.061444,0.052831,0.045669,0.039749,0.034896,0.031197,0.028357,0.025786,0.023608,0.022,0.020934,0.020609,0.021187,0.022608,0.025114,0.029249,0.034874,0.042247,0.051168,0.062184,0.07551,0.090887,0.10758,0.12435,0.14122,0.15733,0.17091,0.18152,0.18912,0.19346,0.19354,0.18754,0.17334,0.1504
0.050178,0.050307,0.048774,0.045406,0.040773,0.035552,0.030384,0.025661,0.021889,0.018688,0.016062,0.01398,0.012399,0.011191,0.010293,0.010055,0.010326,0.011068,0.012268,0.013443,0.014614,0.015804,0.017268,0.018431,0.019339,0.020246,0.021315,0.022456,0.02444,0.027457,0.031964,0.038868,0.048795,0.062633,0.077883,0.093957,0.11055,0.1278,0.1457,0.16577,0.18792,0.20915,0.22928,0.2481,0.26516,0.27982,0.29166,0.30084,0.30735,0.31115,0.31213,0.31025,0.30523,0.29605,0.28461,0.27092,0.25318,0.23193,0.20845,0.18292,0.15627,0.13019,0.1081,0.088281,0.070865,0.057029,0.047428,0.039383,0.032656,0.027155,0.022716,0.019519,0.017162,0.015384,0.01426,0.013833,0.014142,0.014996,0.016379,0.01811,0.020227,0.022899,0.025891,0.029346,0.033127,0.037948,0.044483,0.052959,0.063478,0.075562,0.088774,0.10219,0.11393,0.12347,0.13059,0.13513,0.13643,0.13326,0.1243,0.10922
0.082421,0.088428,0.089787,0.086615,0.080093,0.071562,0.062335,0.053486,0.04607,0.039418,0.033744,0.029214,0.025468,0.02239,0.02,0.018759,0.018404,0.018767,0.019609,0.020391,0.021001,0.021559,0.022235,0.023035,0.02415,0.025343,0.026483,0.027461,0.029402,0.03209,0.035928,0.041588,0.050072,0.062783,0.077205,0.092615,0.10867,0.1254,0.1429,0.16386,0.18729,0.21052,0.23418,0.25821,0.28193,0.30336,0.32105,0.33466,0.34386,0.34804,0.34676,0.34035,0.32918,0.31286,0.29407,0.27359,0.24932,0.22268,0.19443,0.1648,0.13501,0.10677,0.084243,0.065234,0.04974,0.037878,0.029698,0.02351,0.018868,0.015292,0.012666,0.01097,0.0098877,0.0094152,0.0097287,0.010804,0.012779,0.015435,0.018544,0.021703,0.02477,0.02744,0.029401,0.030744,0.031621,0.032264,0.033162,0.034819,0.038077,0.043644,0.051253,0.060329,0.068811,0.07589,0.081373,0.085172,0.086885,0.085813,0.081295,0.073185
0.12447,0.13868,0.14468,0.14283,0.135,0.12316,0.1091,0.094313,0.080501,0.067759,0.056613,0.047618,0.040028,0.033625,0.028644,0.025506,0.024065,0.024016,0.024804,0.025625,0.026429,0.027026,0.027759,0.028466,0.029349,0.030282,0.031067,0.0316,0.032867,0.034829,0.037628,0.041875,0.048409,0.058833,0.071644,0.086197,0.1019,0.11857,0.13603,0.15767,0.18165,0.20528,0.22888,0.25193,0.27532,0.29689,0.31497,0.32852,0.33663,0.33817,0.33253,0.32063,0.30412,0.28342,0.26161,0.23908,0.21386,0.18729,0.15959,0.13092,0.10276,0.07696,0.057986,0.043226,0.032064,0.023916,0.018794,0.015385,0.013081,0.011514,0.010734,0.010658,0.011326,0.012949,0.015882,0.020193,0.026138,0.033263,0.040449,0.046511,0.050869,0.052807,0.05234,0.050131,0.046602,0.042439,0.038164,0.034403,0.031934,0.031973,0.034107,0.038303,0.043176,0.047769,0.051593,0.054587,0.056452,0.056764,0.055096,0.051368
0.16958,0.19099,0.20124,0.20086,0.19237,0.17836,0.16077,0.14126,0.12152,0.10226,0.084744,0.071039,0.059499,0.04988,0.042436,0.037158,0.034115,0.032635,0.032226,0.032378,0.032707,0.032904,0.03305,0.033291,0.033512,0.033664,0.033581,0.033024,0.033049,0.033647,0.034868,0.037098,0.041385,0.048787,0.058734,0.070658,0.08422,0.099027,0.11481,0.1347,0.1566,0.17806,0.19949,0.21951,0.23863,0.25584,0.27008,0.28047,0.28609,0.28583,0.27993,0.26972,0.25652,0.24008,0.22136,0.20087,0.17718,0.15259,0.12695,0.10087,0.076121,0.054571,0.039202,0.027908,0.020265,0.015319,0.012547,0.011135,0.010699,0.011136,0.012603,0.015159,0.019097,0.024588,0.032062,0.041348,0.053128,0.066127,0.078499,0.088548,0.095514,0.098388,0.097082,0.09242,0.085109,0.076368,0.066629,0.056787,0.048402,0.043107,0.039682,0.037956,0.037651,0.038394,0.039539,0.04072,0.041613,0.041863,0.041271,0.039846
0.19821,0.22331,0.23584,0.23658,0.22848,0.21427,0.19592,0.17514,0.15334,0.13165,0.111,0.094187,0.079344,0.066487,0.056115,0.048184,0.043051,0.039805,0.038079,0.037429,0.036866,0.036258,0.035271,0.034208,0.033035,0.031656,0.03006,0.028241,0.027048,0.026406,0.02651,0.027488,0.029798,0.033924,0.039991,0.047488,0.056219,0.066232,0.077697,0.093146,0.11105,0.12896,0.14749,0.16518,0.1824,0.19803,0.21115,0.22115,0.22716,0.22825,0.22424,0.2161,0.20463,0.18943,0.17155,0.1519,0.13014,0.10908,0.088158,0.067946,0.04952,0.034625,0.024666,0.018508,0.015308,0.013817,0.013733,0.014726,0.016706,0.020025,0.0248,0.031093,0.039189,0.049526,0.06219,0.07657,0.093106,0.11021,0.12588,0.13844,0.14712,0.15074,0.14931,0.14362,0.13456,0.12339,0.10992,0.094906,0.080109,0.068206,0.057848,0.049935,0.04422,0.040667,0.038515,0.037124,0.036123,0.035191,0.034213,0.033546
0.21035,0.23709,0.25085,0.25269,0.24599,0.23352,0.21722,0.19855,0.17846,0.15772,0.13722,0.11978,0.10295,0.086695,0.07198,0.059413,0.050048,0.043485,0.039017,0.036467,0.034529,0.033235,0.032021,0.030761,0.029342,0.027542,0.025514,0.023175,0.021046,0.01931,0.017814,0.016658,0.016358,0.016876,0.018696,0.021781,0.026111,0.031773,0.038977,0.049171,0.061716,0.075114,0.089913,0.10472,0.11965,0.13357,0.14538,0.15429,0.15955,0.16043,0.15663,0.14891,0.13823,0.12477,0.10954,0.093768,0.077549,0.063236,0.049692,0.036868,0.02561,0.017658,0.013381,0.011917,0.012674,0.014947,0.018755,0.023963,0.030481,0.039231,0.050453,0.063656,0.078538,0.095211,0.11331,0.13204,0.15176,0.17106,0.18809,0.20142,0.21088,0.21521,0.21424,0.20889,0.19952,0.18689,0.17084,0.15176,0.13134,0.11204,0.092949,0.075768,0.062271,0.053026,0.046916,0.042598,0.039405,0.036855,0.034687,0.033277
0.20116,0.22838,0.24356,0.2476,0.24362,0.23463,0.22219,0.20754,0.1915,0.17449,0.15717,0.14185,0.12596,0.10938,0.092739,0.076692,0.063027,0.051855,0.043353,0.038198,0.034477,0.031907,0.029599,0.027422,0.025589,0.023927,0.022281,0.020502,0.018843,0.017359,0.015846,0.014431,0.013546,0.013172,0.013735,0.015112,0.017501,0.020622,0.024567,0.030245,0.03782,0.046209,0.055891,0.065796,0.07585,0.085417,0.093764,0.10006,0.10351,0.1035,0.10003,0.093529,0.084918,0.074423,0.063131,0.051997,0.04151,0.032904,0.025076,0.018254,0.013092,0.010712,0.010233,0.011515,0.014544,0.01908,0.025017,0.032806,0.042374,0.054877,0.070206,0.087128,0.10526,0.12418,0.14366,0.16286,0.18213,0.20015,0.21558,0.22808,0.23828,0.24519,0.24763,0.24577,0.23955,0.229,0.2141,0.19516,0.17382,0.15201,0.12963,0.10848,0.090476,0.077162,0.067796,0.060768,0.055317,0.050697,0.04634,0.04221
0.1642,0.18775,0.20114,0.20549,0.20376,0.19852,0.19123,0.18305,0.17427,0.16493,0.15477,0.14484,0.13309,0.11966,0.10479,0.088763,0.073325,0.059681,0.048882,0.042021,0.036924,0.033395,0.030447,0.027672,0.025214,0.023058,0.021015,0.018978,0.017033,0.015163,0.013299,0.011583,0.010248,0.0092878,0.0089616,0.0091714,0.010088,0.011524,0.013451,0.016065,0.019639,0.023896,0.029182,0.034772,0.040558,0.046277,0.051484,0.055657,0.058274,0.058804,0.057157,0.053508,0.048494,0.04225,0.035436,0.028664,0.022544,0.017773,0.013736,0.011016,0.0099679,0.010816,0.013344,0.01765,0.023526,0.030609,0.039086,0.049506,0.061313,0.075516,0.092091,0.10982,0.12801,0.1464,0.16475,0.18249,0.19954,0.2152,0.22878,0.24058,0.25191,0.26225,0.26914,0.2716,0.26878,0.26031,0.24613,0.22681,0.20444,0.18086,0.15673,0.13383,0.11437,0.099498,0.088449,0.079773,0.072768,0.066539,0.060385,0.054042
0.12565,0.14354,0.15468,0.16034,0.16275,0.16357,0.16357,0.16309,0.16264,0.16169,0.15927,0.15539,0.148,0.13696,0.12265,0.10564,0.087833,0.070632,0.055956,0.046041,0.038738,0.033611,0.029759,0.02664,0.024124,0.022202,0.02067,0.019391,0.01831,0.017269,0.01611,0.014937,0.013782,0.012586,0.01166,0.011144,0.011013,0.011054,0.011276,0.011786,0.013001,0.014674,0.016898,0.019371,0.022109,0.025217,0.028388,0.03123,0.033265,0.03418,0.034066,0.032737,0.030578,0.027584,0.024276,0.020826,0.017767,0.015308,0.013318,0.012495,0.013375,0.016579,0.021666,0.028161,0.035349,0.043001,0.051368,0.06123,0.071679,0.083705,0.097322,0.11167,0.12637,0.14087,0.15495,0.168,0.17953,0.18954,0.1982,0.20668,0.21777,0.23234,0.24783,0.26176,0.27149,0.27547,0.27291,0.26324,0.24772,0.22804,0.20597,0.18415,0.16487,0.14951,0.13742,0.12719,0.1179,0.10835,0.097398,0.084645
0.090019,0.1006,0.10752,0.1118,0.11483,0.11753,0.12034,0.12332,0.12677,0.1299,0.13159,0.13128,0.1277,0.12078,0.11054,0.097361,0.082849,0.068162,0.054367,0.0437,0.035933,0.030413,0.026086,0.022652,0.020116,0.018572,0.017735,0.017336,0.017111,0.017021,0.016988,0.017027,0.016929,0.016738,0.016601,0.016545,0.016714,0.016968,0.017381,0.017758,0.018393,0.019168,0.020291,0.021668,0.023325,0.025191,0.02718,0.028967,0.030178,0.030583,0.030259,0.028993,0.027225,0.025027,0.022695,0.020464,0.018842,0.017772,0.018052,0.020283,0.024216,0.03027,0.037207,0.044956,0.053179,0.061386,0.06985,0.07969,0.089717,0.1006,0.11244,0.12452,0.13622,0.1471,0.15754,0.16689,0.17493,0.18145,0.18693,0.1922,0.1994,0.21023,0.22306,0.238,0.25268,0.26454,0.27176,0.27254,0.26687,0.25535,0.24046,0.22385,0.20769,0.19402,0.18243,0.17182,0.16122,0.14912,0.13408,0.11567
0.060216,0.064995,0.068811,0.071828,0.074784,0.078308,0.082607,0.087601,0.09372,0.10016,0.10574,0.10926,0.10971,0.10687,0.10102,0.092415,0.08236,0.071798,0.061472,0.053076,0.047049,0.042941,0.040079,0.037931,0.03657,0.03564,0.034829,0.033819,0.032651,0.031574,0.0305,0.029685,0.029081,0.028677,0.028607,0.02881,0.029448,0.030481,0.031681,0.03277,0.034094,0.035588,0.037315,0.038891,0.040051,0.041273,0.042427,0.043309,0.043566,0.04304,0.041877,0.0399,0.037513,0.034666,0.03227,0.030555,0.02972,0.029997,0.031794,0.035929,0.041382,0.047795,0.054258,0.060703,0.066918,0.072511,0.078193,0.084794,0.091191,0.097999,0.10502,0.11187,0.11829,0.12415,0.12955,0.13412,0.13773,0.14032,0.14284,0.14576,0.15066,0.15934,0.17015,0.18324,0.19865,0.21739,0.23654,0.25262,0.26403,0.26918,0.26901,0.26493,0.25819,0.2505,0.2422,0.23299,0.22204,0.20721,0.18652,0.15953
0.046227,0.047961,0.050209,0.052456,0.054993,0.058078,0.061878,0.066173,0.071249,0.076869,0.082371,0.086611,0.089,0.089303,0.08743,0.083569,0.078403,0.072641,0.066705,0.061336,0.057131,0.053848,0.051455,0.049378,0.047665,0.046272,0.045192,0.043954,0.042454,0.040749,0.03916,0.038055,0.03758,0.038141,0.039616,0.041418,0.043192,0.045281,0.047651,0.05049,0.053915,0.057785,0.062103,0.0662,0.069681,0.072779,0.075442,0.077518,0.078608,0.078441,0.077319,0.074898,0.07148,0.067325,0.063693,0.060411,0.057887,0.055767,0.054447,0.05443,0.055914,0.058847,0.062228,0.065781,0.068972,0.071569,0.074069,0.077243,0.080189,0.083269,0.086315,0.089011,0.091633,0.094022,0.096323,0.098254,0.099584,0.10031,0.10151,0.10328,0.10668,0.11328,0.12191,0.13291,0.14556,0.16149,0.17986,0.19958,0.21979,0.23758,0.25189,0.2624,0.26878,0.2718,0.27164,0.26825,0.26057,0.24621,0.22283,0.18998
0.044639,0.045515,0.04713,0.048808,0.050627,0.052868,0.05564,0.058907,0.062718,0.066708,0.07059,0.074024,0.076546,0.078006,0.078637,0.07836,0.077424,0.075891,0.073919,0.071859,0.070165,0.068607,0.067202,0.065774,0.064454,0.063456,0.062675,0.061584,0.060084,0.058369,0.056541,0.054987,0.054153,0.054232,0.055204,0.056927,0.059266,0.06225,0.066143,0.070852,0.076718,0.0833,0.090482,0.097625,0.1042,0.11022,0.11546,0.11971,0.12251,0.12358,0.12299,0.12028,0.11557,0.10912,0.10235,0.095378,0.088409,0.081406,0.075301,0.070822,0.06838,0.068264,0.069253,0.071069,0.07309,0.074797,0.076284,0.077805,0.078679,0.079122,0.07906,0.078484,0.077598,0.076655,0.076052,0.075608,0.075201,0.074873,0.07505,0.07577,0.077499,0.081329,0.087136,0.095087,0.10487,0.11779,0.13317,0.1497,0.16683,0.1841,0.20109,0.21639,0.2286,0.23744,0.24289,0.24479,0.24226,0.23297,0.21482,0.18731
0.06288,0.064145,0.065535,0.066316,0.066499,0.066396,0.066268,0.066285,0.066648,0.067223,0.068033,0.068973,0.070074,0.071352,0.07283,0.074645,0.076693,0.078858,0.080955,0.082832,0.08471,0.086549,0.088041,0.088748,0.08864,0.088028,0.087077,0.085398,0.083068,0.080339,0.077529,0.075362,0.074279,0.07465,0.076835,0.080422,0.08571,0.092723,0.10131,0.11113,0.1222,0.13371,0.14525,0.15603,0.16541,0.17335,0.17968,0.18416,0.18646,0.1864,0.18392,0.17872,0.17116,0.16128,0.15056,0.13924,0.12789,0.1169,0.10729,0.10006,0.094912,0.092132,0.090733,0.090204,0.089783,0.088655,0.08675,0.084243,0.080772,0.076635,0.072149,0.067649,0.063284,0.059163,0.055633,0.052899,0.050989,0.049798,0.049564,0.049996,0.051195,0.053455,0.057026,0.06196,0.068107,0.076289,0.086258,0.097319,0.10914,0.12097,0.13241,0.14308,0.15221,0.15941,0.16451,0.16733,0.16741,0.16338,0.15479,0.14281
0.095725,0.10796,0.11552,0.11815,0.11699,0.11341,0.1082,0.10186,0.094695,0.087688,0.081177,0.07471,0.068547,0.062531,0.056641,0.051099,0.045857,0.040915,0.036333,0.032562,0.029915,0.029184,0.03059,0.033831,0.039149,0.045546,0.052573,0.059725,0.066574,0.072627,0.077732,0.082908,0.088597,0.095105,0.10335,0.1147,0.12749,0.1405,0.15354,0.16608,0.17729,0.18662,0.19422,0.19996,0.20376,0.20585,0.20596,0.20409,0.20029,0.19482,0.18802,0.17955,0.17017,0.16008,0.14955,0.14046,0.13309,0.12703,0.1213,0.11591,0.11099,0.10652,0.10251,0.098912,0.095614,0.092968,0.091442,0.091058,0.091878,0.093526,0.095983,0.098474,0.1006,0.10201,0.10213,0.10102,0.098543,0.095464,0.093146,0.090329,0.087586,0.085153,0.082095,0.078644,0.074837,0.070823,0.066585,0.062822,0.059733,0.057882,0.057226,0.057103,0.057471,0.058372,0.059849,0.061312,0.062149,0.061851,0.060416,0.058977
0.11314,0.12823,0.13682,0.1389,0.13577,0.12909,0.12008,0.1097,0.098483,0.087739,0.078021,0.069236,0.061413,0.054511,0.048272,0.043029,0.038531,0.034924,0.031897,0.029664,0.028086,0.027816,0.0285,0.02991,0.032618,0.03564,0.039093,0.042797,0.046677,0.049989,0.05243,0.054802,0.057488,0.061328,0.067766,0.077785,0.0905,0.10516,0.12176,0.13918,0.1566,0.17372,0.19006,0.20532,0.21827,0.22808,0.23427,0.23588,0.23299,0.22588,0.21488,0.19998,0.18255,0.16431,0.14596,0.12998,0.1167,0.10579,0.095911,0.087096,0.079505,0.073426,0.068519,0.064906,0.062008,0.060064,0.059458,0.060026,0.061772,0.064759,0.068683,0.072878,0.077028,0.08082,0.084147,0.087594,0.090536,0.093713,0.098102,0.10219,0.10646,0.11006,0.11169,0.11136,0.109,0.10485,0.098868,0.091822,0.083992,0.07641,0.069491,0.063517,0.058645,0.055388,0.053668,0.053047,0.052384,0.051201,0.049284,0.047527
0.13435,0.15554,0.16754,0.17044,0.16628,0.15734,0.14532,0.13139,0.11653,0.10272,0.090647,0.080691,0.072214,0.065055,0.058968,0.054447,0.050987,0.048127,0.045457,0.043018,0.040447,0.038234,0.036407,0.034747,0.033699,0.033064,0.033101,0.033767,0.034759,0.035426,0.03551,0.035757,0.036843,0.039525,0.044497,0.052597,0.063002,0.075672,0.090604,0.10733,0.12474,0.14205,0.15875,0.17524,0.18947,0.20028,0.20729,0.20897,0.20548,0.19724,0.1847,0.16804,0.14922,0.13088,0.11302,0.097758,0.085376,0.075544,0.067021,0.059936,0.054121,0.049758,0.046491,0.044779,0.044225,0.044689,0.045999,0.048278,0.051541,0.056143,0.061911,0.068324,0.074805,0.081111,0.087158,0.093684,0.10009,0.10695,0.11485,0.12247,0.1305,0.13754,0.14221,0.14475,0.14504,0.14324,0.13892,0.13219,0.12325,0.11306,0.10219,0.091013,0.080544,0.072444,0.066955,0.063808,0.061146,0.058291,0.054906,0.051758
0.13332,0.15327,0.16447,0.16699,0.16294,0.1546,0.14359,0.13106,0.11806,0.10596,0.095462,0.087593,0.08135,0.076566,0.072873,0.07067,0.069361,0.068312,0.066865,0.065015,0.061915,0.058081,0.053735,0.04907,0.044514,0.040118,0.036422,0.033417,0.031014,0.029054,0.027189,0.025946,0.025405,0.025902,0.02791,0.03164,0.037236,0.044772,0.054937,0.067169,0.080927,0.095303,0.10992,0.12557,0.13991,0.15171,0.16049,0.16444,0.16341,0.15773,0.14756,0.13322,0.11659,0.10102,0.086121,0.073055,0.062249,0.053346,0.045589,0.039372,0.034706,0.03161,0.029895,0.029855,0.030981,0.033135,0.036101,0.039948,0.044509,0.050119,0.056782,0.064099,0.07167,0.079401,0.087413,0.096632,0.1066,0.11786,0.1307,0.14388,0.15799,0.17099,0.1811,0.18843,0.19266,0.1942,0.19228,0.18719,0.17909,0.1686,0.15602,0.14232,0.12819,0.11606,0.10649,0.10005,0.094355,0.088456,0.081483,0.073428
0.11328,0.12961,0.13889,0.14117,0.13831,0.13227,0.12433,0.11546,0.10647,0.098418,0.091551,0.087107,0.084143,0.082561,0.081832,0.082391,0.083278,0.083804,0.083363,0.081495,0.077645,0.072498,0.066455,0.059842,0.053235,0.046776,0.041048,0.036093,0.031813,0.02811,0.024677,0.021976,0.02002,0.019122,0.019309,0.020679,0.023229,0.026856,0.032073,0.038462,0.045866,0.053621,0.062048,0.072058,0.081433,0.089102,0.094956,0.097564,0.096938,0.093183,0.086459,0.077188,0.066785,0.057859,0.049977,0.043449,0.038247,0.034187,0.030712,0.02815,0.026438,0.025634,0.025837,0.027573,0.030456,0.034489,0.03923,0.044485,0.050118,0.0564,0.063527,0.071185,0.078762,0.086148,0.09406,0.10339,0.11379,0.12588,0.14033,0.15634,0.17471,0.19299,0.20912,0.22334,0.23508,0.24391,0.24824,0.24701,0.24037,0.22997,0.21727,0.20341,0.18959,0.17758,0.16743,0.15954,0.15146,0.14176,0.12869,0.11143
0.082917,0.092197,0.097307,0.098465,0.096967,0.093958,0.090155,0.086181,0.082454,0.079741,0.07834,0.079158,0.080869,0.083124,0.085497,0.088347,0.090812,0.092149,0.091717,0.089233,0.084368,0.077935,0.070411,0.062562,0.05503,0.047862,0.04162,0.036238,0.031619,0.028085,0.025351,0.023507,0.022323,0.021553,0.020965,0.020601,0.020664,0.021271,0.022639,0.024765,0.02754,0.030252,0.033309,0.037553,0.042188,0.046399,0.049812,0.05158,0.051635,0.050047,0.046937,0.04235,0.037143,0.033058,0.029868,0.027218,0.025387,0.024307,0.023813,0.024267,0.025774,0.028147,0.031485,0.036468,0.042349,0.048907,0.055527,0.061932,0.067853,0.073521,0.079046,0.084211,0.088766,0.093075,0.097771,0.1039,0.11149,0.12144,0.13411,0.14913,0.16731,0.18685,0.20593,0.22477,0.24252,0.25862,0.27221,0.28198,0.28653,0.28447,0.27656,0.26523,0.25256,0.24159,0.23245,0.22488,0.21596,0.20356,0.18503,0.1596
0.054972,0.05892,0.061083,0.06114,0.059908,0.058077,0.05622,0.054883,0.054369,0.055152,0.05718,0.06042,0.064239,0.068247,0.072027,0.076069,0.079418,0.081523,0.081866,0.080276,0.076462,0.071039,0.064657,0.057713,0.050806,0.044393,0.038969,0.034557,0.030766,0.028136,0.026365,0.025432,0.024951,0.024421,0.023759,0.023046,0.022596,0.022725,0.023577,0.024951,0.02654,0.027773,0.028839,0.030414,0.032157,0.033692,0.034949,0.0355,0.035265,0.034285,0.032596,0.030282,0.027879,0.026185,0.025278,0.024871,0.025232,0.026292,0.027945,0.030591,0.034476,0.039585,0.045791,0.05354,0.061806,0.070398,0.078316,0.085077,0.090158,0.093489,0.095567,0.096545,0.096341,0.095339,0.094509,0.094743,0.096858,0.10238,0.11181,0.12489,0.14192,0.16153,0.18163,0.20218,0.22315,0.24406,0.26641,0.28724,0.30518,0.31784,0.32328,0.32174,0.31486,0.30624,0.29708,0.28845,0.27834,0.26397,0.24212,0.21193
0.033269,0.034041,0.034588,0.034275,0.033473,0.032589,0.03191,0.031939,0.032807,0.035055,0.038975,0.044079,0.049832,0.055508,0.060571,0.065511,0.069616,0.072384,0.073382,0.072401,0.069233,0.064794,0.059646,0.054134,0.048833,0.043875,0.039683,0.036014,0.032994,0.031312,0.031143,0.03198,0.033092,0.033898,0.034162,0.034102,0.034056,0.034336,0.034811,0.034995,0.034835,0.034434,0.033826,0.033682,0.034135,0.034687,0.035002,0.035049,0.034858,0.034424,0.033809,0.033065,0.032558,0.032435,0.033211,0.034392,0.036562,0.039685,0.043596,0.048537,0.054839,0.062172,0.070114,0.078624,0.08647,0.093462,0.098677,0.10201,0.10314,0.10201,0.09935,0.095435,0.090498,0.085241,0.080323,0.076376,0.074298,0.075033,0.079372,0.087119,0.098849,0.11336,0.12939,0.14697,0.1662,0.18708,0.21245,0.24054,0.27061,0.29967,0.32426,0.34226,0.35308,0.35823,0.35881,0.35565,0.34769,0.33225,0.30522,0.26409
0.02357,0.023926,0.024456,0.024507,0.024242,0.023918,0.023713,0.023904,0.024674,0.02641,0.029434,0.033501,0.038776,0.044274,0.04911,0.053793,0.057644,0.060253,0.06137,0.060919,0.058765,0.055797,0.052447,0.049117,0.046249,0.044305,0.043463,0.04319,0.04346,0.044918,0.048653,0.053515,0.058607,0.06324,0.066941,0.070239,0.073453,0.07654,0.078818,0.079233,0.077642,0.074266,0.069468,0.064537,0.060364,0.056642,0.053302,0.05059,0.048436,0.046796,0.045802,0.045459,0.045634,0.046004,0.047516,0.049667,0.052798,0.05665,0.061443,0.067421,0.074507,0.081845,0.089052,0.095823,0.10111,0.10453,0.10574,0.10527,0.10269,0.097844,0.091568,0.084466,0.07675,0.068958,0.061739,0.055387,0.050742,0.048707,0.05014,0.05484,0.062951,0.07388,0.086749,0.10185,0.11898,0.13801,0.16278,0.19061,0.22149,0.2542,0.28659,0.31617,0.34031,0.35845,0.37015,0.37532,0.37295,0.35988,0.33145,0.28483
0.027144,0.02766,0.028299,0.028371,0.027943,0.027231,0.026338,0.025536,0.024793,0.024426,0.02501,0.026257,0.028533,0.031678,0.035024,0.038737,0.042066,0.044477,0.04561,0.045384,0.043625,0.041204,0.038535,0.036038,0.034331,0.033863,0.035424,0.038496,0.04286,0.049084,0.058366,0.068862,0.079478,0.089645,0.098777,0.10741,0.11563,0.12317,0.12887,0.1318,0.13148,0.12834,0.12273,0.11631,0.11011,0.1043,0.099009,0.094704,0.091303,0.088803,0.087251,0.085972,0.085091,0.083864,0.083372,0.083142,0.083859,0.085411,0.087856,0.09143,0.09617,0.10118,0.10576,0.1094,0.11089,0.11031,0.10757,0.10384,0.09855,0.091488,0.083298,0.074571,0.065463,0.056416,0.047797,0.039742,0.032858,0.028035,0.025913,0.026156,0.029077,0.034696,0.042789,0.05391,0.067973,0.084911,0.10831,0.13511,0.16494,0.19596,0.22706,0.25782,0.28615,0.30948,0.32686,0.33744,0.33975,0.33059,0.30573,0.26294
0.039947,0.041598,0.042638,0.042681,0.041748,0.039923,0.037332,0.034314,0.030819,0.027423,0.024771,0.022512,0.020975,0.020394,0.020865,0.022595,0.0251,0.027539,0.029416,0.030434,0.030378,0.029752,0.029042,0.02853,0.029076,0.0309,0.034597,0.040431,0.04853,0.058804,0.073547,0.089695,0.10626,0.12187,0.13591,0.1491,0.16162,0.17272,0.18035,0.18381,0.1838,0.18089,0.17555,0.16901,0.16244,0.15535,0.14822,0.14183,0.13637,0.13162,0.1275,0.1232,0.11922,0.11476,0.11102,0.10748,0.10484,0.103,0.10207,0.10207,0.1028,0.10322,0.10307,0.10193,0.099261,0.095051,0.089759,0.085006,0.079797,0.073879,0.067553,0.060801,0.053273,0.04534,0.037298,0.029316,0.022526,0.017903,0.015728,0.015335,0.016745,0.019845,0.02443,0.030956,0.039692,0.051308,0.069301,0.091714,0.11793,0.14593,0.17385,0.20099,0.22531,0.24554,0.2609,0.27051,0.27324,0.26623,0.24622,0.21185
0.064459,0.070391,0.073409,0.073812,0.072148,0.06877,0.063925,0.057989,0.050785,0.042844,0.035381,0.028605,0.023135,0.019069,0.016632,0.015911,0.01646,0.017625,0.018936,0.020287,0.021432,0.022414,0.023541,0.024935,0.027079,0.030454,0.035569,0.042826,0.052361,0.064176,0.08114,0.0997,0.11878,0.13753,0.1549,0.17195,0.18949,0.20673,0.22143,0.23211,0.23786,0.23824,0.23367,0.22625,0.21776,0.20922,0.20076,0.193,0.18588,0.17939,0.17345,0.16717,0.16108,0.1541,0.14674,0.13883,0.13131,0.12422,0.1178,0.11256,0.10771,0.10256,0.097053,0.090687,0.083237,0.074726,0.065783,0.058631,0.052039,0.045779,0.039957,0.034318,0.028351,0.022331,0.016854,0.012508,0.0097854,0.0087303,0.0088863,0.0095978,0.010957,0.012952,0.015424,0.018679,0.022846,0.028657,0.038576,0.05209,0.069142,0.089033,0.11056,0.13322,0.15444,0.17273,0.18718,0.19693,0.20093,0.19712,0.18312,0.15794
0.097285,0.10877,0.11544,0.11771,0.11662,0.11287,0.10681,0.098833,0.088615,0.076566,0.063729,0.050703,0.038834,0.028632,0.021622,0.017319,0.015145,0.014399,0.014731,0.01574,0.017037,0.018529,0.02048,0.022719,0.02557,0.029445,0.034561,0.041191,0.049713,0.060449,0.076435,0.094718,0.1144,0.13528,0.15592,0.17727,0.20011,0.22434,0.24735,0.26672,0.28041,0.28697,0.28658,0.28062,0.27075,0.25853,0.24515,0.23216,0.22043,0.20985,0.20016,0.19034,0.18105,0.1705,0.15879,0.14583,0.13256,0.11947,0.10747,0.097685,0.088697,0.080069,0.071998,0.064173,0.056502,0.048941,0.042026,0.037024,0.032585,0.028454,0.024524,0.020681,0.01638,0.012171,0.0089076,0.0066852,0.0057195,0.0057764,0.0065321,0.007533,0.0087246,0.01007,0.011626,0.013475,0.015774,0.01892,0.023865,0.03089,0.039956,0.050279,0.061672,0.074723,0.087849,0.099582,0.10937,0.11659,0.12049,0.11976,0.11295,0.099519
0.13458,0.15258,0.16383,0.16866,0.16865,0.16487,0.15783,0.14781,0.13445,0.1182,0.10008,0.080739,0.061722,0.044476,0.031445,0.022716,0.017037,0.013773,0.012456,0.012487,0.013266,0.014527,0.016522,0.019268,0.022806,0.027464,0.033427,0.040884,0.049958,0.060982,0.076422,0.094071,0.11368,0.13552,0.15795,0.18155,0.20624,0.23254,0.25797,0.2806,0.29848,0.30946,0.31281,0.30926,0.30022,0.28671,0.26982,0.25157,0.2341,0.21826,0.20389,0.18965,0.17665,0.16313,0.14848,0.13268,0.11658,0.10073,0.086416,0.075459,0.065699,0.05701,0.049498,0.042637,0.036478,0.030871,0.025736,0.02217,0.019165,0.016493,0.014214,0.012137,0.0099947,0.0082108,0.007085,0.0070429,0.0081275,0.010584,0.013812,0.017114,0.020088,0.022705,0.024728,0.025773,0.026182,0.026364,0.027021,0.028567,0.030732,0.033651,0.037708,0.043516,0.05001,0.056313,0.062061,0.066637,0.069603,0.070241,0.067846,0.062175
0.18231,0.20586,0.22047,0.22686,0.22716,0.22297,0.21504,0.20347,0.1879,0.16859,0.14645,0.12233,0.097192,0.072809,0.05222,0.036314,0.024701,0.017471,0.013226,0.011102,0.010254,0.010253,0.011022,0.012483,0.014645,0.017733,0.021876,0.027081,0.033227,0.040696,0.051216,0.064256,0.08002,0.099164,0.11997,0.14231,0.16572,0.19087,0.21528,0.23781,0.25803,0.27404,0.2842,0.28783,0.28545,0.27723,0.26409,0.24822,0.23153,0.21463,0.1979,0.1809,0.16534,0.14976,0.13333,0.11617,0.098801,0.081949,0.067031,0.056298,0.047068,0.039204,0.032691,0.027337,0.022944,0.019173,0.016074,0.014152,0.012814,0.011844,0.011097,0.010322,0.0093082,0.0086896,0.0089947,0.011265,0.015663,0.022054,0.0293,0.036615,0.043405,0.04895,0.05286,0.054353,0.053814,0.051744,0.048074,0.043807,0.039569,0.035907,0.033346,0.033358,0.034958,0.036754,0.038527,0.040017,0.040946,0.040897,0.039585,0.037504
0.2179,0.24754,0.2652,0.27273,0.27318,0.26847,0.25958,0.24665,0.22951,0.20854,0.18468,0.15885,0.13219,0.10623,0.082956,0.062838,0.046248,0.034462,0.026082,0.020771,0.017497,0.015646,0.014732,0.014513,0.014948,0.015899,0.017506,0.020179,0.023921,0.028735,0.035508,0.04425,0.05529,0.069659,0.086194,0.1042,0.12304,0.14389,0.16473,0.18395,0.20084,0.21406,0.22298,0.22792,0.22946,0.22723,0.22113,0.21216,0.20064,0.18703,0.17233,0.1566,0.14144,0.12593,0.10947,0.092387,0.075335,0.05908,0.045295,0.035927,0.028649,0.023297,0.019457,0.016641,0.01454,0.012844,0.011639,0.011037,0.010784,0.010843,0.011297,0.012114,0.013155,0.015394,0.019373,0.026818,0.036731,0.048082,0.059961,0.071952,0.083266,0.092747,0.099894,0.10335,0.10352,0.10057,0.093848,0.084184,0.072401,0.059957,0.048701,0.04215,0.039165,0.037557,0.03668,0.036153,0.035667,0.034788,0.033237,0.031469
0.2176,0.24805,0.26727,0.27674,0.27947,0.27741,0.27159,0.2621,0.24882,0.23184,0.21167,0.18894,0.16436,0.13964,0.11577,0.093625,0.073263,0.057663,0.045693,0.037486,0.031849,0.027864,0.025039,0.023058,0.021622,0.020728,0.020345,0.020483,0.020989,0.021874,0.023249,0.02574,0.030218,0.037781,0.047777,0.059847,0.073378,0.088917,0.1048,0.11991,0.13347,0.14483,0.1533,0.15837,0.16084,0.16013,0.15608,0.14947,0.14096,0.13067,0.1195,0.10761,0.09615,0.084397,0.072062,0.059517,0.047208,0.035746,0.026376,0.020224,0.015776,0.012979,0.011498,0.010895,0.010693,0.010658,0.011104,0.012057,0.013541,0.015493,0.018127,0.021365,0.025261,0.031052,0.039054,0.051519,0.06669,0.083495,0.10106,0.11907,0.13592,0.14969,0.15993,0.16523,0.16612,0.16261,0.15413,0.14122,0.12449,0.10565,0.08605,0.070832,0.060528,0.053043,0.047878,0.044373,0.041954,0.039889,0.037688,0.036154
0.18726,0.21403,0.23186,0.24149,0.24545,0.24571,0.24342,0.23899,0.23211,0.22263,0.21054,0.19572,0.17858,0.16048,0.14122,0.12135,0.10187,0.085697,0.07158,0.060444,0.051431,0.044369,0.038714,0.034034,0.030161,0.026922,0.024262,0.022086,0.02041,0.019235,0.018602,0.018929,0.020656,0.024258,0.02933,0.035529,0.042743,0.051222,0.060076,0.068591,0.076308,0.082893,0.087711,0.090822,0.092597,0.092326,0.089761,0.085457,0.079706,0.072654,0.065375,0.058037,0.051073,0.044258,0.037473,0.030932,0.024825,0.019305,0.014767,0.011838,0.01017,0.0097709,0.010138,0.011116,0.012369,0.013525,0.015103,0.016903,0.019012,0.021503,0.024429,0.028037,0.032603,0.039616,0.049773,0.06506,0.084119,0.10558,0.12795,0.1504,0.1716,0.18937,0.20351,0.21239,0.21667,0.21652,0.21143,0.20157,0.18685,0.16825,0.14748,0.12948,0.1151,0.10269,0.092581,0.084776,0.078591,0.073015,0.06724,0.061553
0.14615,0.1688,0.18383,0.1919,0.19524,0.19561,0.19419,0.19189,0.1886,0.18422,0.17865,0.17133,0.16232,0.15265,0.14092,0.12741,0.11297,0.099928,0.087066,0.075743,0.065595,0.056608,0.048995,0.042556,0.037075,0.032262,0.027965,0.024041,0.02078,0.018155,0.015992,0.014718,0.014407,0.015012,0.016351,0.018223,0.020694,0.024242,0.028584,0.033121,0.037585,0.041633,0.044898,0.047065,0.048674,0.049166,0.048265,0.046388,0.043753,0.040351,0.036909,0.03344,0.030105,0.026736,0.023378,0.020071,0.017013,0.014363,0.012651,0.011947,0.012317,0.013671,0.015761,0.018347,0.020922,0.023173,0.025563,0.028039,0.030897,0.034134,0.038011,0.042672,0.04868,0.057081,0.068876,0.086207,0.10741,0.13097,0.15498,0.17885,0.20192,0.22186,0.23853,0.25065,0.25906,0.26378,0.26378,0.25816,0.2469,0.2312,0.21267,0.19603,0.18165,0.16786,0.15531,0.1443,0.13447,0.12462,0.11335,0.10007
0.10559,0.12024,0.12988,0.13523,0.13786,0.13899,0.13955,0.14038,0.14127,0.1419,0.14225,0.14159,0.13947,0.13597,0.13008,0.12208,0.11262,0.10305,0.092589,0.082751,0.073225,0.064499,0.056845,0.050419,0.045286,0.04108,0.037427,0.033844,0.030409,0.027127,0.023637,0.020584,0.018296,0.01675,0.015874,0.015783,0.016442,0.017755,0.019545,0.021665,0.024011,0.026263,0.027999,0.029054,0.029564,0.029284,0.028299,0.026947,0.025363,0.023575,0.021908,0.020357,0.0189,0.01744,0.01604,0.0148,0.013993,0.013665,0.014135,0.015282,0.017087,0.019239,0.021734,0.024362,0.026676,0.028749,0.030614,0.032275,0.034119,0.03632,0.03912,0.042853,0.04786,0.055251,0.06597,0.080745,0.098622,0.11868,0.13981,0.1616,0.18447,0.20611,0.22637,0.24473,0.26241,0.27969,0.29445,0.30405,0.30566,0.29775,0.28313,0.2671,0.25193,0.23762,0.22457,0.21271,0.20118,0.18786,0.17041,0.14841
0.065022,0.071765,0.076615,0.079861,0.082269,0.084419,0.086783,0.090232,0.094416,0.099061,0.10382,0.10776,0.11052,0.11136,0.10968,0.10557,0.10004,0.093941,0.086565,0.079189,0.071441,0.064058,0.057404,0.051527,0.046914,0.043302,0.040429,0.037714,0.034936,0.032219,0.029089,0.025925,0.023167,0.020805,0.018831,0.017524,0.016717,0.016565,0.016922,0.017743,0.0192,0.020777,0.022118,0.02314,0.02369,0.023653,0.023141,0.022314,0.021219,0.02004,0.019073,0.018319,0.017722,0.017272,0.017179,0.017335,0.018392,0.020102,0.02236,0.024684,0.026878,0.028689,0.029975,0.030794,0.03121,0.031858,0.032502,0.033149,0.034171,0.035718,0.037958,0.040954,0.045143,0.051455,0.060993,0.073663,0.08888,0.10611,0.12469,0.14482,0.16693,0.18901,0.21098,0.23226,0.25365,0.27714,0.30232,0.32459,0.33906,0.34251,0.33604,0.32345,0.30866,0.29409,0.28106,0.26911,0.25689,0.2417,0.22035,0.19218
0.03296,0.034554,0.035962,0.036942,0.037843,0.038993,0.040733,0.043757,0.047663,0.052136,0.057079,0.062108,0.066852,0.070549,0.072817,0.073222,0.072164,0.070322,0.06755,0.064769,0.061406,0.058141,0.054883,0.051769,0.049555,0.048208,0.047475,0.04666,0.045311,0.043671,0.04129,0.038553,0.035801,0.033337,0.031168,0.029324,0.027856,0.026973,0.026785,0.027312,0.02906,0.031249,0.033316,0.035089,0.036201,0.036598,0.036492,0.036111,0.035496,0.034753,0.034075,0.033708,0.03354,0.033343,0.03366,0.034379,0.036356,0.038663,0.040797,0.041833,0.041793,0.040572,0.03846,0.035702,0.032845,0.031289,0.030367,0.029918,0.030118,0.030971,0.032545,0.034868,0.038116,0.04266,0.049581,0.058578,0.069687,0.083081,0.09828,0.11521,0.13433,0.15479,0.17625,0.19853,0.22167,0.24864,0.27921,0.31254,0.34308,0.36562,0.37893,0.38332,0.38056,0.37349,0.36447,0.35449,0.34249,0.32517,0.29853,0.26062
0.018672,0.017506,0.016828,0.016306,0.015901,0.015796,0.016295,0.01779,0.020104,0.023118,0.026786,0.030689,0.03478,0.038608,0.042173,0.044955,0.047159,0.048984,0.05009,0.050986,0.051658,0.052865,0.054157,0.055329,0.056693,0.05821,0.060081,0.06157,0.061752,0.061221,0.059776,0.058,0.056166,0.054596,0.05325,0.052376,0.051962,0.051895,0.05252,0.053704,0.056206,0.058673,0.060689,0.062449,0.063466,0.063751,0.063412,0.062866,0.062145,0.061433,0.060844,0.060483,0.06024,0.060045,0.060556,0.061297,0.062845,0.064015,0.064133,0.062263,0.058596,0.053166,0.046799,0.040025,0.033516,0.029099,0.026203,0.024244,0.023425,0.023787,0.025123,0.027312,0.030424,0.034062,0.038869,0.04469,0.051833,0.060402,0.070638,0.082544,0.096871,0.11364,0.13256,0.15354,0.17596,0.20257,0.23132,0.26113,0.29215,0.3217,0.34714,0.36612,0.37807,0.38425,0.38598,0.38382,0.37661,0.3611,0.3329,0.28922
0.016132,0.014343,0.013256,0.012291,0.011386,0.010614,0.010105,0.010069,0.010427,0.011264,0.012634,0.014484,0.016857,0.019525,0.022513,0.025386,0.028228,0.031118,0.033844,0.036329,0.038613,0.041291,0.044111,0.04669,0.049608,0.052908,0.056905,0.061025,0.064213,0.06717,0.069418,0.07212,0.075479,0.079374,0.083586,0.088222,0.093213,0.098364,0.10363,0.10848,0.11363,0.11759,0.1202,0.12189,0.12211,0.12099,0.1193,0.11737,0.11533,0.11336,0.11148,0.10998,0.10849,0.10685,0.10555,0.10404,0.10242,0.099977,0.09633,0.090501,0.082831,0.073099,0.062609,0.052039,0.042129,0.035295,0.030871,0.027559,0.02544,0.024679,0.024881,0.025783,0.027082,0.028437,0.030091,0.032033,0.034376,0.037519,0.041854,0.04767,0.055652,0.066723,0.080629,0.097485,0.11653,0.14003,0.16584,0.19287,0.2202,0.24655,0.27344,0.29906,0.32077,0.33781,0.34987,0.35649,0.35601,0.34535,0.3205,0.27915
0.025536,0.021967,0.019229,0.016696,0.014213,0.012004,0.01021,0.0090665,0.0085517,0.0084885,0.0088153,0.0092692,0.0099344,0.010966,0.012434,0.014231,0.016183,0.018349,0.020561,0.02301,0.025684,0.028871,0.032598,0.036095,0.039759,0.043664,0.048231,0.053376,0.058193,0.063368,0.068549,0.07494,0.082894,0.092479,0.10263,0.11368,0.12568,0.13832,0.15117,0.16323,0.17505,0.18424,0.19078,0.19543,0.19806,0.19878,0.19809,0.19638,0.1935,0.18959,0.18488,0.17971,0.17387,0.16705,0.16034,0.153,0.14448,0.13453,0.12321,0.11006,0.095711,0.080461,0.06602,0.052519,0.040501,0.032073,0.026998,0.023456,0.021235,0.019996,0.019473,0.019495,0.01973,0.019681,0.019696,0.019814,0.020053,0.020864,0.022514,0.025196,0.029376,0.036189,0.046091,0.059287,0.074866,0.09432,0.11631,0.14013,0.16495,0.18926,0.21276,0.23403,0.25185,0.26604,0.27658,0.28288,0.28361,0.27634,0.25816,0.22784
0.04052,0.038946,0.036404,0.032706,0.028227,0.023462,0.01897,0.015223,0.012536,0.010538,0.0092555,0.0083293,0.0077274,0.0073555,0.0073034,0.0075876,0.0082422,0.0093054,0.01086,0.012713,0.015062,0.018226,0.022474,0.027076,0.032251,0.037894,0.04421,0.050936,0.057522,0.064656,0.072274,0.081566,0.09291,0.1064,0.12035,0.13475,0.14948,0.16431,0.1792,0.1939,0.20878,0.22111,0.23038,0.23678,0.23987,0.23996,0.23769,0.23365,0.22827,0.22197,0.21511,0.20806,0.20085,0.19258,0.18451,0.17597,0.16547,0.15328,0.13974,0.1244,0.10787,0.090873,0.075336,0.06085,0.048047,0.038604,0.032867,0.02888,0.025947,0.023731,0.021895,0.020422,0.01923,0.017844,0.016407,0.015193,0.014339,0.013996,0.014269,0.015139,0.016768,0.019937,0.024998,0.032381,0.041986,0.055163,0.071302,0.090294,0.11139,0.13327,0.15567,0.177,0.19523,0.20978,0.22043,0.22672,0.22744,0.22059,0.20371,0.17643
0.065471,0.068321,0.067977,0.064377,0.058385,0.051002,0.043306,0.036289,0.030493,0.02539,0.02107,0.01747,0.014449,0.011906,0.0099085,0.0085433,0.007784,0.0075802,0.007875,0.008525,0.0096902,0.011527,0.014297,0.018015,0.022937,0.028661,0.035082,0.042199,0.049886,0.058578,0.068265,0.080125,0.094441,0.11199,0.12988,0.14766,0.16518,0.18264,0.20008,0.21857,0.23814,0.25572,0.26997,0.28028,0.28583,0.28682,0.28411,0.27853,0.27047,0.26075,0.24956,0.23796,0.22654,0.21437,0.20306,0.19141,0.17701,0.16033,0.14237,0.12289,0.10288,0.083469,0.067517,0.053879,0.042818,0.034784,0.029773,0.02598,0.023068,0.020819,0.018886,0.017153,0.015717,0.014372,0.013159,0.012219,0.011749,0.011747,0.012179,0.012919,0.014147,0.016107,0.018838,0.022514,0.027157,0.03339,0.041733,0.052848,0.06746,0.084551,0.10332,0.12182,0.13799,0.15107,0.16069,0.16664,0.16811,0.16365,0.15159,0.13124
0.098375,0.10744,0.1108,0.10837,0.10161,0.09206,0.08115,0.070094,0.060115,0.050924,0.042908,0.03593,0.029786,0.024431,0.019964,0.016697,0.014532,0.012985,0.01215,0.01169,0.011771,0.012414,0.013899,0.01618,0.019724,0.024106,0.029039,0.034711,0.041301,0.049218,0.058395,0.069808,0.083967,0.10229,0.12125,0.1404,0.15922,0.1775,0.19531,0.21544,0.23778,0.25943,0.27875,0.29464,0.30602,0.31239,0.31395,0.31115,0.30412,0.29346,0.27966,0.26404,0.24789,0.23081,0.21454,0.1986,0.17978,0.15893,0.13728,0.11484,0.092859,0.07293,0.057725,0.045488,0.03619,0.029369,0.024733,0.02119,0.018452,0.016073,0.013836,0.0119,0.010372,0.0091751,0.0086595,0.0088293,0.0098397,0.011468,0.013525,0.015873,0.01828,0.020744,0.023118,0.025359,0.027634,0.030031,0.033215,0.037758,0.044407,0.053815,0.065471,0.078228,0.089926,0.09969,0.10718,0.11223,0.11431,0.1125,0.10572,0.093698
0.14998,0.16797,0.17642,0.17543,0.16743,0.15493,0.13985,0.12382,0.10824,0.092982,0.078823,0.066289,0.054822,0.044552,0.035915,0.029387,0.025084,0.022027,0.019951,0.018458,0.017345,0.016631,0.016613,0.017605,0.020064,0.023723,0.028146,0.03294,0.038538,0.045236,0.05292,0.062329,0.074198,0.090684,0.10851,0.12686,0.14521,0.16312,0.18032,0.19954,0.21994,0.23932,0.25826,0.27517,0.28883,0.29805,0.30223,0.30131,0.29522,0.28435,0.26946,0.2526,0.23485,0.21527,0.19559,0.17612,0.15436,0.13187,0.10981,0.088459,0.069085,0.052486,0.04095,0.032341,0.026257,0.021775,0.018598,0.01644,0.015137,0.014289,0.013714,0.013427,0.013298,0.013548,0.014257,0.015831,0.018786,0.022735,0.027161,0.031295,0.034665,0.036753,0.037491,0.037085,0.035829,0.034279,0.033132,0.032857,0.033798,0.036634,0.041646,0.048358,0.055367,0.061756,0.066992,0.070885,0.072986,0.072726,0.069455,0.063076
0.20637,0.23123,0.24362,0.24401,0.23568,0.22177,0.20448,0.18535,0.16573,0.14581,0.12602,0.10769,0.090422,0.074508,0.060683,0.049401,0.041112,0.034361,0.029148,0.025492,0.022511,0.020234,0.018492,0.017851,0.018453,0.020364,0.02327,0.026829,0.031241,0.036579,0.042967,0.050949,0.060819,0.074662,0.089941,0.10576,0.12171,0.13725,0.15216,0.16912,0.18682,0.2029,0.21762,0.23062,0.24199,0.25086,0.25663,0.25886,0.25698,0.2506,0.23926,0.22418,0.20625,0.18531,0.16345,0.14219,0.11974,0.09844,0.078983,0.061777,0.047447,0.035898,0.028243,0.022966,0.019527,0.017192,0.015595,0.014967,0.015217,0.015893,0.016981,0.018459,0.020414,0.023438,0.027612,0.032982,0.04015,0.048449,0.056954,0.06465,0.070732,0.074255,0.07495,0.072943,0.068574,0.062559,0.055716,0.048955,0.043307,0.040157,0.038417,0.038536,0.039927,0.042162,0.04456,0.046673,0.04807,0.048421,0.047325,0.044812
0.25616,0.28783,0.30303,0.3036,0.29395,0.27793,0.25831,0.23705,0.21509,0.19283,0.17042,0.14934,0.12832,0.10773,0.088749,0.072085,0.059099,0.04849,0.040149,0.034132,0.0289,0.024564,0.020615,0.017825,0.016044,0.015088,0.014853,0.015219,0.01619,0.018127,0.02104,0.02523,0.031421,0.040327,0.051012,0.06292,0.075736,0.08929,0.10318,0.11939,0.13642,0.15202,0.16673,0.17945,0.19026,0.19846,0.20366,0.20569,0.20388,0.19771,0.18707,0.17302,0.15666,0.13795,0.11877,0.10073,0.082887,0.067391,0.053955,0.042311,0.032635,0.025165,0.02036,0.017418,0.016203,0.015799,0.015744,0.016399,0.01763,0.019533,0.022229,0.025781,0.030386,0.036254,0.043526,0.052177,0.063099,0.075302,0.08749,0.098622,0.108,0.11432,0.11717,0.11663,0.11274,0.10582,0.096405,0.085006,0.073134,0.063319,0.054755,0.04842,0.044157,0.041747,0.040558,0.039873,0.039369,0.038643,0.037568,0.036438
0.27701,0.31523,0.33489,0.33831,0.3299,0.31364,0.29195,0.26745,0.24235,0.21825,0.19542,0.17486,0.15419,0.13346,0.11347,0.094771,0.07879,0.064701,0.053452,0.045578,0.038881,0.033379,0.02819,0.023812,0.020036,0.016756,0.014288,0.012719,0.011558,0.011156,0.011372,0.012552,0.014873,0.018866,0.024207,0.030738,0.038767,0.047992,0.058376,0.071338,0.085809,0.099771,0.11359,0.12607,0.13711,0.14607,0.15231,0.15521,0.15414,0.14868,0.13888,0.12601,0.11133,0.095259,0.079477,0.065442,0.052508,0.042233,0.033582,0.025838,0.019165,0.014848,0.012794,0.012784,0.014228,0.016218,0.018254,0.020807,0.02388,0.028052,0.033381,0.039606,0.046963,0.055559,0.065504,0.076798,0.090011,0.10408,0.11773,0.13018,0.14145,0.15004,0.15507,0.15634,0.15399,0.14797,0.13832,0.12529,0.11031,0.095514,0.080651,0.067503,0.057279,0.050402,0.045923,0.042893,0.040674,0.03871,0.036739,0.035181
0.24237,0.27526,0.29392,0.30029,0.29805,0.29003,0.27767,0.2622,0.24463,0.2264,0.20888,0.19351,0.17725,0.15966,0.14114,0.12215,0.10418,0.08684,0.071419,0.060367,0.051236,0.044201,0.037892,0.032186,0.02698,0.022272,0.018452,0.015695,0.013573,0.012106,0.011076,0.010681,0.011037,0.012201,0.01414,0.016943,0.020484,0.024876,0.030161,0.037484,0.046165,0.054746,0.063514,0.071513,0.078765,0.084756,0.089209,0.091612,0.091412,0.088266,0.082405,0.074508,0.065703,0.056083,0.046703,0.038664,0.031348,0.025534,0.020453,0.015853,0.011926,0.010003,0.0098201,0.010896,0.012906,0.015168,0.017885,0.021716,0.026613,0.033095,0.041505,0.05175,0.063635,0.076968,0.091868,0.10776,0.12452,0.14117,0.15678,0.17117,0.18519,0.19749,0.206,0.21029,0.21004,0.20462,0.1942,0.17897,0.1602,0.14025,0.11938,0.099843,0.08387,0.07239,0.064623,0.058954,0.054636,0.050906,0.047156,0.043596
0.19025,0.21705,0.23363,0.24129,0.243,0.24132,0.23751,0.23226,0.22581,0.21808,0.20966,0.2014,0.19045,0.1766,0.15999,0.14108,0.12171,0.10229,0.084152,0.070639,0.059623,0.05124,0.043792,0.037102,0.031186,0.026027,0.021802,0.018776,0.016236,0.014154,0.01248,0.011469,0.01098,0.010931,0.011367,0.012297,0.013747,0.015695,0.018268,0.021885,0.026312,0.030593,0.035025,0.039096,0.042744,0.045797,0.048079,0.049256,0.04907,0.04735,0.044267,0.040209,0.035911,0.031416,0.027318,0.023609,0.020162,0.017214,0.014438,0.011816,0.010124,0.010151,0.011574,0.014008,0.017189,0.020531,0.024402,0.029666,0.036041,0.044372,0.054864,0.06708,0.080638,0.095226,0.11077,0.12666,0.14271,0.15827,0.17291,0.187,0.20226,0.21781,0.23087,0.2405,0.24542,0.24448,0.23732,0.22385,0.20509,0.18307,0.15939,0.13651,0.11682,0.10193,0.09099,0.082576,0.075794,0.0697,0.06343,0.056904
0.14313,0.16424,0.1782,0.18664,0.19205,0.19642,0.20059,0.20494,0.20914,0.21266,0.21462,0.21452,0.21003,0.20052,0.18626,0.16774,0.14693,0.12526,0.10416,0.087149,0.072716,0.061553,0.052587,0.045117,0.038805,0.033525,0.029174,0.02571,0.022578,0.019724,0.017273,0.015194,0.013439,0.012306,0.011871,0.01205,0.012702,0.013804,0.01525,0.01735,0.020037,0.02268,0.025438,0.02794,0.03008,0.032019,0.033715,0.034875,0.035258,0.034761,0.033558,0.031578,0.029231,0.02662,0.023962,0.021408,0.019082,0.016969,0.014995,0.013337,0.012865,0.014552,0.017508,0.021175,0.025177,0.029183,0.03352,0.038873,0.044907,0.052437,0.06164,0.071874,0.082797,0.094031,0.10579,0.11773,0.12947,0.14081,0.15168,0.1628,0.17602,0.19168,0.2068,0.22101,0.23273,0.23978,0.24058,0.23446,0.22208,0.20539,0.18599,0.16619,0.14845,0.13437,0.12338,0.11435,0.10638,0.098248,0.088961,0.078328
0.10182,0.11444,0.12359,0.13053,0.13715,0.14454,0.15338,0.16346,0.17414,0.18464,0.19338,0.19895,0.19947,0.1947,0.18446,0.16939,0.15156,0.13265,0.11358,0.097319,0.083487,0.072361,0.063126,0.055582,0.049422,0.044546,0.040903,0.038045,0.035292,0.032711,0.03024,0.027993,0.025862,0.024333,0.023381,0.022869,0.022756,0.022992,0.023568,0.0245,0.025935,0.027567,0.029361,0.030812,0.031716,0.032398,0.032801,0.032683,0.032042,0.030845,0.029346,0.027311,0.02509,0.022728,0.02067,0.01894,0.017644,0.016703,0.016032,0.015883,0.01671,0.019138,0.022454,0.026193,0.030079,0.033974,0.038261,0.043641,0.049319,0.05582,0.063017,0.070693,0.078653,0.086719,0.095207,0.10395,0.11297,0.12201,0.1313,0.14122,0.15367,0.17004,0.18712,0.2041,0.22013,0.23414,0.2439,0.2471,0.24326,0.23338,0.2195,0.2041,0.18969,0.17748,0.16719,0.15788,0.14862,0.13796,0.12454,0.10836
0.069546,0.07605,0.081242,0.085678,0.090225,0.095627,0.10262,0.11137,0.12174,0.13338,0.14449,0.15333,0.15823,0.15861,0.15443,0.14601,0.13504,0.12294,0.11038,0.099146,0.089467,0.081295,0.074696,0.068987,0.06445,0.060432,0.05683,0.053708,0.050552,0.047461,0.044474,0.041757,0.039458,0.037738,0.036766,0.036201,0.035958,0.036233,0.037234,0.038727,0.040536,0.042495,0.044482,0.04596,0.046741,0.047166,0.047355,0.047197,0.046413,0.045057,0.043271,0.040785,0.037969,0.034823,0.032303,0.030367,0.028959,0.027766,0.027081,0.027414,0.028738,0.030936,0.033181,0.035852,0.038577,0.041131,0.043887,0.047512,0.051219,0.05549,0.060174,0.065218,0.070579,0.076213,0.082241,0.088366,0.094521,0.10062,0.1072,0.11462,0.1243,0.13761,0.15188,0.16653,0.18189,0.19872,0.21584,0.23065,0.24095,0.24575,0.24581,0.24243,0.23689,0.23051,0.22338,0.21531,0.20536,0.19162,0.17238,0.1476
0.052983,0.05757,0.062408,0.067152,0.072273,0.078112,0.085164,0.093118,0.10195,0.11121,0.1202,0.12731,0.13151,0.1327,0.13089,0.12643,0.12037,0.11361,0.10633,0.099563,0.093976,0.08944,0.086166,0.083316,0.080797,0.078748,0.076825,0.074553,0.071762,0.068678,0.065376,0.06222,0.059502,0.057732,0.056954,0.056711,0.05711,0.058143,0.059745,0.062287,0.065675,0.069494,0.073646,0.077328,0.079981,0.082036,0.083334,0.083801,0.083216,0.081631,0.079138,0.075355,0.070589,0.065075,0.059873,0.054994,0.050533,0.046181,0.042725,0.040635,0.040055,0.04072,0.041415,0.042631,0.044091,0.045289,0.046587,0.048307,0.050011,0.051749,0.053629,0.055415,0.057239,0.059195,0.061312,0.063485,0.065546,0.067732,0.070756,0.074907,0.081399,0.091599,0.10329,0.11595,0.12908,0.14366,0.15953,0.17593,0.19194,0.20618,0.21824,0.22749,0.23344,0.23663,0.23693,0.23463,0.22876,0.21726,0.19813,0.17149
0.050077,0.053423,0.056895,0.059948,0.062728,0.065684,0.069137,0.072832,0.076807,0.080997,0.084968,0.088249,0.090462,0.09163,0.092155,0.092032,0.09177,0.09139,0.090708,0.089865,0.089239,0.088646,0.088603,0.08851,0.088541,0.088463,0.088226,0.087528,0.086218,0.084477,0.082342,0.080254,0.078482,0.077549,0.07762,0.0783,0.079664,0.081823,0.084873,0.088593,0.093064,0.097877,0.10314,0.10794,0.11166,0.11451,0.11628,0.11694,0.11634,0.1144,0.11126,0.1066,0.10072,0.093697,0.086988,0.080474,0.073801,0.067151,0.061306,0.056735,0.053851,0.053261,0.053776,0.055253,0.0572,0.058924,0.060497,0.0621,0.063137,0.063462,0.063136,0.062307,0.061111,0.059957,0.059161,0.058727,0.058632,0.058783,0.05985,0.062059,0.065997,0.072306,0.079932,0.088748,0.098699,0.11098,0.12443,0.13809,0.1514,0.16471,0.17795,0.19063,0.20193,0.21119,0.2176,0.22077,0.21962,0.21221,0.19676,0.17346
0.0641,0.066618,0.069077,0.070774,0.071705,0.072186,0.072622,0.073122,0.073817,0.074807,0.076127,0.077629,0.079208,0.080983,0.082997,0.085286,0.087814,0.090539,0.093508,0.096389,0.099465,0.10239,0.10535,0.10754,0.10886,0.10942,0.1091,0.10751,0.10481,0.10137,0.097522,0.094032,0.091401,0.090173,0.090868,0.093125,0.097314,0.10337,0.11128,0.12091,0.1319,0.14299,0.15389,0.16325,0.17045,0.17546,0.17805,0.17835,0.17632,0.1721,0.16607,0.15795,0.14837,0.1376,0.12704,0.11655,0.1063,0.096371,0.087223,0.079435,0.073569,0.070454,0.069178,0.069478,0.070362,0.070788,0.070496,0.069585,0.067845,0.065557,0.062762,0.059795,0.056854,0.054147,0.051962,0.050405,0.049688,0.049456,0.049939,0.051186,0.053327,0.056604,0.060702,0.065687,0.071735,0.079852,0.089316,0.099199,0.10931,0.11904,0.12828,0.1367,0.14353,0.14872,0.15235,0.15435,0.15431,0.1511,0.14382,0.13363
0.10648,0.11891,0.12661,0.12899,0.12721,0.12288,0.1169,0.10968,0.10165,0.09373,0.086071,0.078586,0.071654,0.065215,0.059065,0.053567,0.048134,0.042826,0.037684,0.033429,0.030472,0.029642,0.031184,0.034875,0.040867,0.048304,0.057043,0.066451,0.075898,0.084555,0.09232,0.10025,0.1087,0.11823,0.1297,0.14356,0.15753,0.1704,0.18192,0.19159,0.19933,0.20481,0.2085,0.21032,0.21032,0.20854,0.20481,0.19917,0.19166,0.18278,0.17298,0.16211,0.15083,0.13927,0.12783,0.11866,0.11168,0.10601,0.10095,0.096521,0.092583,0.089357,0.086433,0.083784,0.081243,0.079293,0.078253,0.078396,0.079971,0.082708,0.086303,0.090149,0.093769,0.096748,0.098311,0.098335,0.096555,0.093409,0.089711,0.085346,0.081384,0.078264,0.075169,0.071791,0.068178,0.064382,0.060526,0.057237,0.054726,0.053401,0.053476,0.054543,0.056228,0.058447,0.060991,0.063018,0.064083,0.063609,0.061461,0.059451
0.14402,0.1613,0.17037,0.17118,0.1655,0.15576,0.14348,0.13003,0.11616,0.10313,0.091218,0.080466,0.070825,0.06226,0.054612,0.048303,0.042804,0.038017,0.033636,0.030235,0.027744,0.026792,0.027452,0.029441,0.032354,0.0358,0.03989,0.04452,0.049596,0.054701,0.059656,0.065067,0.07145,0.080162,0.092003,0.10762,0.12469,0.14198,0.15947,0.17616,0.19126,0.2046,0.21596,0.2253,0.23155,0.23417,0.23261,0.22642,0.21592,0.20197,0.18523,0.1663,0.14688,0.12863,0.11191,0.098942,0.089606,0.082925,0.077452,0.072944,0.069077,0.065795,0.062804,0.060151,0.057912,0.056381,0.055863,0.056269,0.057903,0.060855,0.065062,0.069904,0.074603,0.078672,0.081614,0.083616,0.084316,0.084601,0.085491,0.086356,0.088162,0.090367,0.091805,0.092128,0.091067,0.088705,0.084839,0.079771,0.074,0.068046,0.06231,0.057087,0.052575,0.049685,0.048224,0.047654,0.047186,0.046345,0.045126,0.044721
0.17265,0.19672,0.20947,0.21073,0.20327,0.19023,0.17431,0.15722,0.14027,0.1249,0.11141,0.1001,0.090379,0.081978,0.074532,0.068601,0.063404,0.05852,0.053514,0.048597,0.043495,0.039215,0.036304,0.034387,0.033064,0.032258,0.032452,0.033444,0.034923,0.036537,0.038289,0.04083,0.044796,0.051405,0.061095,0.074388,0.08949,0.10558,0.12277,0.13985,0.15596,0.17063,0.184,0.19626,0.20536,0.21044,0.21113,0.20662,0.1973,0.18406,0.16764,0.14866,0.12891,0.11056,0.09394,0.08069,0.070762,0.063124,0.056788,0.051297,0.046665,0.043217,0.040391,0.038492,0.037476,0.037308,0.038296,0.040529,0.043776,0.048164,0.053641,0.059881,0.066134,0.071765,0.07647,0.080774,0.084414,0.088075,0.092436,0.09696,0.10283,0.10883,0.11381,0.11768,0.12009,0.12091,0.11962,0.11595,0.11002,0.10251,0.093815,0.084733,0.076421,0.070447,0.066377,0.06387,0.061496,0.058678,0.055252,0.052052
0.17491,0.20125,0.21569,0.21858,0.21289,0.20172,0.18753,0.17224,0.15728,0.14409,0.13305,0.12465,0.11758,0.11168,0.10658,0.10269,0.099306,0.095617,0.090897,0.085104,0.077914,0.069895,0.061809,0.054316,0.047919,0.04218,0.037633,0.034172,0.031772,0.030061,0.02893,0.028796,0.029875,0.032722,0.037499,0.044895,0.054114,0.064524,0.076564,0.089305,0.10216,0.11432,0.12587,0.13748,0.14682,0.15301,0.15579,0.15419,0.14831,0.13896,0.12657,0.11167,0.096032,0.082041,0.069625,0.059666,0.052007,0.045855,0.040655,0.036315,0.032845,0.030485,0.028884,0.02829,0.028642,0.02989,0.031892,0.034558,0.037994,0.042497,0.048032,0.05405,0.060132,0.065948,0.071326,0.076807,0.082405,0.088541,0.09555,0.10319,0.11257,0.12218,0.13052,0.13744,0.14264,0.14604,0.147,0.14532,0.14115,0.13475,0.12653,0.1173,0.108,0.10067,0.095006,0.091176,0.087433,0.082939,0.077003,0.069901
0.14648,0.16898,0.18213,0.18627,0.18389,0.17772,0.16945,0.16021,0.15128,0.1436,0.13753,0.13395,0.13137,0.12935,0.12754,0.12644,0.12529,0.12315,0.11932,0.11357,0.1054,0.09563,0.085097,0.074612,0.064438,0.055132,0.047224,0.040695,0.035453,0.03144,0.028383,0.026608,0.026065,0.026851,0.028969,0.032361,0.036831,0.042198,0.04903,0.056412,0.064193,0.071717,0.079111,0.087275,0.094268,0.099188,0.10176,0.1012,0.09758,0.091456,0.083117,0.072974,0.062295,0.053373,0.045789,0.039606,0.034705,0.030873,0.027593,0.024968,0.0231,0.022083,0.021696,0.022155,0.023285,0.025017,0.027371,0.030101,0.033309,0.037468,0.042746,0.048736,0.054897,0.061014,0.066964,0.073518,0.080781,0.089454,0.099866,0.11192,0.12664,0.14222,0.1571,0.17098,0.18295,0.19238,0.198,0.19917,0.1965,0.19101,0.18347,0.17464,0.16499,0.15657,0.14917,0.14317,0.1368,0.12887,0.11791,0.10347
0.10695,0.12172,0.13063,0.13411,0.13428,0.133,0.13113,0.1293,0.12804,0.12765,0.12816,0.13077,0.13425,0.13801,0.14136,0.14452,0.14665,0.14685,0.14449,0.13927,0.13103,0.12051,0.10841,0.09558,0.082657,0.070249,0.059423,0.050246,0.042604,0.036887,0.032873,0.030273,0.028584,0.027551,0.027199,0.02725,0.027701,0.028769,0.030968,0.03379,0.036806,0.039692,0.042567,0.046182,0.049666,0.052201,0.053571,0.053358,0.051616,0.048631,0.044602,0.039683,0.034712,0.030904,0.027929,0.025628,0.024065,0.023011,0.022256,0.021787,0.0217,0.022012,0.022636,0.023873,0.025456,0.027396,0.029558,0.032046,0.034818,0.038126,0.042349,0.047123,0.051865,0.056551,0.061276,0.06665,0.072926,0.080911,0.091078,0.10378,0.11998,0.13794,0.15577,0.17338,0.19023,0.20549,0.21872,0.22827,0.23378,0.23493,0.23234,0.22713,0.22058,0.21492,0.20938,0.20393,0.19679,0.18609,0.1695,0.14647
0.074033,0.082197,0.087501,0.090031,0.091214,0.092414,0.094254,0.097198,0.10157,0.10737,0.11458,0.12299,0.13135,0.13881,0.14487,0.15002,0.15341,0.1543,0.15218,0.14684,0.13811,0.127,0.11441,0.10108,0.087848,0.075245,0.064164,0.054858,0.047253,0.041829,0.038517,0.036734,0.035801,0.03528,0.034774,0.034296,0.033981,0.033963,0.034438,0.03495,0.035386,0.035478,0.0354,0.035767,0.036204,0.036351,0.036005,0.035138,0.033688,0.0318,0.029604,0.027119,0.024754,0.023101,0.022262,0.021729,0.021629,0.021807,0.022191,0.022678,0.023456,0.024643,0.026203,0.028328,0.030746,0.033475,0.036094,0.038617,0.040815,0.042663,0.044565,0.04648,0.04821,0.04991,0.051938,0.054436,0.057871,0.063033,0.070424,0.08055,0.094839,0.11212,0.13073,0.15053,0.17111,0.19182,0.21363,0.23468,0.25422,0.27076,0.28184,0.28742,0.28778,0.28567,0.28204,0.27713,0.26907,0.25555,0.23368,0.20307
0.041005,0.043914,0.0461,0.04716,0.047689,0.048518,0.050119,0.053,0.057713,0.064543,0.073538,0.083924,0.094511,0.10484,0.11427,0.12317,0.13041,0.13529,0.13736,0.13636,0.1321,0.12539,0.11669,0.10663,0.096052,0.085553,0.076393,0.068834,0.062962,0.059596,0.059288,0.060684,0.062683,0.064383,0.065209,0.065227,0.064547,0.063506,0.061991,0.059347,0.055669,0.051387,0.046839,0.042997,0.040041,0.037308,0.034663,0.032122,0.029822,0.027834,0.026153,0.024783,0.023957,0.023815,0.024524,0.025561,0.026982,0.028471,0.030031,0.03186,0.03422,0.036912,0.039749,0.042761,0.045487,0.047884,0.049654,0.050878,0.051332,0.050951,0.050319,0.049492,0.04844,0.047374,0.046464,0.045893,0.046141,0.048201,0.052423,0.058668,0.068157,0.080718,0.095275,0.11183,0.13045,0.15072,0.17535,0.20159,0.22922,0.25729,0.28306,0.30471,0.3205,0.33078,0.33616,0.33696,0.33197,0.31854,0.29292,0.253
0.030536,0.032221,0.033691,0.0345,0.03492,0.035412,0.036233,0.037704,0.040235,0.044326,0.050722,0.058728,0.067969,0.077344,0.086005,0.094156,0.10094,0.10582,0.10837,0.10844,0.10603,0.10178,0.096219,0.08968,0.083149,0.077159,0.072667,0.069502,0.068019,0.069243,0.074027,0.080692,0.088099,0.094842,0.10025,0.10414,0.10631,0.10702,0.10583,0.10214,0.095985,0.088451,0.079778,0.071171,0.063748,0.057162,0.051139,0.045933,0.041586,0.038153,0.035821,0.034345,0.033567,0.032989,0.033211,0.033687,0.034707,0.036186,0.038123,0.04041,0.043268,0.046283,0.049247,0.052131,0.054303,0.055767,0.056464,0.056661,0.056132,0.054681,0.052848,0.050581,0.047722,0.044426,0.040822,0.037188,0.034329,0.033082,0.033779,0.036039,0.04052,0.047703,0.057392,0.070226,0.086241,0.10531,0.13082,0.15968,0.19174,0.22605,0.2608,0.29373,0.32206,0.3442,0.35947,0.36738,0.36661,0.354,0.32503,0.27752
0.028959,0.030166,0.031396,0.032053,0.032176,0.032022,0.031761,0.03169,0.031871,0.032701,0.035198,0.039125,0.044794,0.051669,0.059042,0.066861,0.074092,0.080119,0.084597,0.087296,0.088062,0.087463,0.085969,0.08382,0.081974,0.081089,0.081688,0.083987,0.087967,0.094553,0.10603,0.11922,0.13267,0.14498,0.15519,0.16312,0.16859,0.17127,0.17022,0.16492,0.15615,0.14508,0.13176,0.11802,0.10514,0.093037,0.081932,0.072479,0.064627,0.058382,0.053794,0.050456,0.048314,0.046665,0.046021,0.045671,0.045832,0.04626,0.046874,0.047549,0.04859,0.049592,0.05054,0.051261,0.051476,0.05126,0.050448,0.049717,0.048574,0.046783,0.04448,0.041672,0.038319,0.034719,0.030997,0.027254,0.023913,0.021393,0.020379,0.020726,0.022852,0.027245,0.033966,0.043388,0.055998,0.072187,0.096072,0.12415,0.15567,0.18886,0.22174,0.25357,0.28205,0.30589,0.32382,0.33491,0.33731,0.32775,0.30204,0.25818
0.048484,0.051269,0.052989,0.053358,0.052547,0.050771,0.048228,0.045345,0.041979,0.038474,0.03584,0.033842,0.033156,0.03368,0.035665,0.039469,0.04421,0.049135,0.053754,0.0576,0.060314,0.062268,0.064116,0.065843,0.068473,0.072784,0.079355,0.087949,0.098414,0.11089,0.12823,0.14697,0.16574,0.18393,0.20029,0.21425,0.22509,0.23171,0.23258,0.22755,0.21798,0.20604,0.19217,0.17731,0.16258,0.14816,0.1344,0.12188,0.11065,0.10096,0.092884,0.085781,0.079986,0.074507,0.069746,0.064902,0.06056,0.056814,0.053625,0.050951,0.048889,0.047278,0.045833,0.044301,0.042321,0.04003,0.037731,0.036103,0.034506,0.032705,0.030708,0.028448,0.025676,0.022554,0.019315,0.016071,0.013247,0.011336,0.010455,0.010303,0.011222,0.013381,0.016836,0.021913,0.02937,0.040109,0.05813,0.081613,0.10966,0.14017,0.17118,0.2016,0.22877,0.25107,0.26778,0.27811,0.28063,0.27257,0.25061,0.21374
0.073657,0.081026,0.085095,0.086067,0.08463,0.08126,0.07626,0.070135,0.062757,0.054601,0.046715,0.039359,0.033981,0.029839,0.027669,0.027617,0.028988,0.031335,0.034171,0.037289,0.040332,0.043421,0.047255,0.051598,0.057362,0.065155,0.074937,0.086927,0.10052,0.11579,0.13597,0.15741,0.17932,0.20095,0.22132,0.24049,0.25769,0.2713,0.27813,0.2773,0.26924,0.25621,0.24062,0.22474,0.20953,0.19504,0.18097,0.16742,0.15453,0.14263,0.13204,0.12191,0.11317,0.1044,0.09592,0.087104,0.078687,0.070904,0.063975,0.058335,0.053579,0.049422,0.045871,0.042571,0.039149,0.035783,0.032713,0.030474,0.028493,0.026519,0.024554,0.022288,0.019395,0.016207,0.013088,0.010297,0.0084514,0.0075095,0.0071028,0.0068035,0.0067506,0.0069969,0.0078108,0.00946,0.012567,0.017731,0.026738,0.039831,0.057654,0.078671,0.10129,0.12502,0.14716,0.16607,0.18082,0.19084,0.19505,0.19147,0.17779,0.15311
0.11056,0.1249,0.13338,0.13652,0.13559,0.1315,0.12475,0.11578,0.10438,0.090972,0.076542,0.06183,0.048908,0.037824,0.029857,0.024613,0.021727,0.020533,0.020756,0.021932,0.023972,0.026792,0.030807,0.036044,0.043222,0.05256,0.063704,0.076974,0.091803,0.1081,0.12906,0.15152,0.1748,0.19844,0.22135,0.24403,0.26606,0.28551,0.29853,0.30355,0.30044,0.29036,0.27474,0.2568,0.23875,0.22158,0.20581,0.1908,0.1766,0.16312,0.15036,0.13767,0.12659,0.11566,0.10482,0.093589,0.082719,0.072601,0.06374,0.056668,0.050569,0.045337,0.041038,0.037226,0.033715,0.030463,0.027636,0.025806,0.024208,0.022648,0.020999,0.019114,0.016541,0.013716,0.011172,0.0091882,0.0084676,0.0084989,0.0086976,0.0087102,0.0086399,0.008705,0.0089471,0.0094845,0.010561,0.012389,0.015887,0.021291,0.029057,0.039139,0.050988,0.064929,0.078873,0.091453,0.10191,0.1097,0.11414,0.11403,0.10812,0.095797
0.16236,0.18384,0.1974,0.20371,0.20452,0.20111,0.1941,0.18377,0.16967,0.15207,0.13172,0.10935,0.087072,0.066032,0.049091,0.036595,0.027836,0.022403,0.019477,0.018471,0.01894,0.020582,0.023704,0.028073,0.034356,0.042739,0.052946,0.065803,0.080618,0.097121,0.11787,0.14024,0.1636,0.18769,0.21085,0.2331,0.25418,0.2739,0.28914,0.29759,0.29832,0.29131,0.27774,0.26042,0.24179,0.2233,0.20605,0.18963,0.17395,0.15871,0.14407,0.12978,0.11748,0.1057,0.094039,0.082189,0.070858,0.060488,0.051649,0.045114,0.039812,0.035588,0.032285,0.029641,0.027545,0.025693,0.024058,0.022961,0.021984,0.020943,0.019666,0.017957,0.015378,0.01274,0.010757,0.0099742,0.010259,0.011387,0.01262,0.013484,0.014173,0.014744,0.01528,0.015534,0.015788,0.016312,0.017431,0.019348,0.022493,0.027102,0.033343,0.041646,0.050178,0.058041,0.064702,0.069797,0.072981,0.073589,0.070997,0.065035
0.20955,0.23639,0.25222,0.25874,0.25858,0.25363,0.24464,0.23195,0.21526,0.19477,0.17115,0.14507,0.11835,0.092194,0.069455,0.050915,0.036616,0.02668,0.020254,0.016546,0.014803,0.014499,0.015539,0.017845,0.021711,0.027501,0.03529,0.045631,0.057995,0.071927,0.089079,0.10792,0.12788,0.14955,0.17121,0.19212,0.21141,0.22964,0.24504,0.25639,0.26276,0.2636,0.25928,0.25121,0.24078,0.22796,0.21326,0.19717,0.18026,0.16288,0.14574,0.12888,0.11428,0.10064,0.087415,0.074425,0.062205,0.051338,0.042284,0.035796,0.030623,0.026882,0.0244,0.022789,0.021744,0.020939,0.020575,0.020661,0.020793,0.020678,0.020095,0.01878,0.016409,0.01429,0.013146,0.013509,0.015454,0.018093,0.020721,0.02338,0.025969,0.028342,0.030497,0.031729,0.031987,0.031449,0.02991,0.028259,0.026997,0.026424,0.026916,0.02945,0.032848,0.036082,0.038809,0.040895,0.042243,0.042567,0.041657,0.039809
0.24832,0.28394,0.30531,0.31499,0.31666,0.31275,0.30429,0.29133,0.2736,0.2514,0.22546,0.19678,0.16736,0.13829,0.11188,0.088117,0.067142,0.05068,0.03781,0.028873,0.023054,0.019274,0.016913,0.015819,0.016049,0.017868,0.021072,0.026351,0.0335,0.042237,0.053578,0.066994,0.08243,0.10038,0.11926,0.13816,0.15601,0.17321,0.18829,0.20019,0.20853,0.2131,0.21366,0.21033,0.20398,0.19426,0.18195,0.1676,0.15182,0.13512,0.11833,0.10199,0.088046,0.075544,0.063721,0.052629,0.042638,0.034158,0.027508,0.02306,0.019968,0.018417,0.018019,0.018513,0.019335,0.020159,0.021043,0.021866,0.022513,0.022782,0.022651,0.021977,0.020463,0.019771,0.020473,0.02325,0.027342,0.032163,0.037674,0.043576,0.049754,0.055487,0.060429,0.063478,0.064639,0.064021,0.061053,0.056116,0.049758,0.042753,0.036524,0.033478,0.032659,0.032622,0.032838,0.033115,0.033171,0.032771,0.031835,0.03092
0.25643,0.29556,0.32026,0.33305,0.33781,0.3372,0.33232,0.32325,0.30933,0.29022,0.26593,0.23749,0.20708,0.17685,0.14828,0.12144,0.096847,0.076816,0.059812,0.046685,0.037116,0.03018,0.024975,0.021188,0.018535,0.016998,0.01642,0.017445,0.019877,0.023391,0.028185,0.034518,0.04286,0.053997,0.067026,0.08117,0.095455,0.11007,0.12375,0.13545,0.14442,0.15022,0.15227,0.15107,0.14768,0.14161,0.13314,0.12297,0.11141,0.098811,0.086139,0.073871,0.063432,0.054245,0.045774,0.038032,0.031045,0.024896,0.020101,0.017343,0.016008,0.016279,0.017431,0.019133,0.020955,0.022436,0.024021,0.025363,0.026537,0.027607,0.028476,0.029061,0.029199,0.030672,0.033549,0.038711,0.045058,0.052143,0.059672,0.068,0.077299,0.086431,0.09488,0.10073,0.10426,0.10551,0.10349,0.098143,0.089537,0.07831,0.066137,0.057114,0.050897,0.046245,0.042871,0.040503,0.038671,0.036871,0.034963,0.033443
0.21334,0.24372,0.26449,0.27699,0.28428,0.28872,0.29138,0.29232,0.29063,0.28509,0.27476,0.25926,0.23935,0.21681,0.1927,0.16778,0.14282,0.12119,0.10115,0.083584,0.068448,0.055897,0.04539,0.036857,0.03013,0.025243,0.021764,0.019637,0.018816,0.0188,0.01941,0.021089,0.024006,0.028793,0.034955,0.042245,0.050075,0.058367,0.066341,0.07317,0.078566,0.082233,0.083917,0.083786,0.082254,0.078915,0.073786,0.067588,0.060725,0.053439,0.046545,0.040198,0.034961,0.030386,0.026137,0.022124,0.018532,0.015331,0.012994,0.011772,0.011581,0.01306,0.015434,0.018452,0.021521,0.024187,0.026627,0.02852,0.030098,0.031451,0.032562,0.0333,0.03369,0.035964,0.040274,0.047301,0.055939,0.065873,0.076916,0.089888,0.10489,0.11995,0.13435,0.14582,0.15504,0.16149,0.16428,0.16284,0.15655,0.14544,0.13129,0.11867,0.10777,0.097621,0.088999,0.082161,0.076688,0.07177,0.066521,0.061108
0.16243,0.18747,0.20521,0.21619,0.22282,0.22718,0.23036,0.23327,0.23567,0.23695,0.23641,0.23282,0.22543,0.21474,0.20075,0.18461,0.16724,0.15066,0.13377,0.11801,0.10303,0.088871,0.075861,0.064392,0.054676,0.046536,0.039864,0.034487,0.030774,0.028328,0.026808,0.02634,0.026732,0.02786,0.029589,0.03159,0.034019,0.03674,0.039767,0.042551,0.044712,0.046171,0.046577,0.045998,0.044633,0.042352,0.039177,0.035599,0.031853,0.028018,0.024709,0.022033,0.020007,0.01842,0.01709,0.015904,0.014778,0.013827,0.013432,0.013753,0.015069,0.017681,0.021141,0.024791,0.028044,0.030426,0.032216,0.033362,0.034125,0.034456,0.034492,0.034394,0.034568,0.036812,0.041361,0.048576,0.058168,0.069944,0.083675,0.099661,0.11742,0.13447,0.15052,0.16385,0.17522,0.1846,0.19133,0.19508,0.1948,0.18959,0.18055,0.17151,0.16277,0.15398,0.14553,0.1378,0.13041,0.12227,0.11207,0.099413
0.11803,0.13641,0.1496,0.15819,0.16401,0.16862,0.17283,0.1775,0.18215,0.18612,0.18907,0.19079,0.19061,0.18825,0.18273,0.17419,0.16355,0.15256,0.14026,0.12814,0.11567,0.10326,0.091198,0.080069,0.070282,0.061864,0.054736,0.048412,0.043272,0.038954,0.035045,0.031764,0.029136,0.027218,0.025977,0.02536,0.025571,0.026321,0.027411,0.028604,0.029562,0.030135,0.030063,0.029388,0.028277,0.026571,0.02439,0.022133,0.019902,0.017728,0.015904,0.014454,0.01337,0.012536,0.012073,0.011869,0.01209,0.01282,0.014047,0.015762,0.018054,0.020861,0.023803,0.026698,0.029139,0.030849,0.031927,0.032477,0.032694,0.032754,0.032823,0.03296,0.033572,0.03605,0.040876,0.04839,0.058662,0.071414,0.086084,0.10278,0.12175,0.14064,0.15918,0.1762,0.19233,0.20788,0.22144,0.23204,0.23817,0.23829,0.23362,0.22727,0.22027,0.21272,0.20491,0.19697,0.18838,0.17754,0.16231,0.14207
0.07053,0.078911,0.085415,0.090452,0.094977,0.099769,0.1053,0.11231,0.12009,0.12796,0.13544,0.14201,0.14711,0.15021,0.15092,0.14944,0.14637,0.14201,0.13577,0.12877,0.12029,0.11117,0.10177,0.092575,0.084335,0.077299,0.071191,0.065373,0.059974,0.054716,0.049039,0.043542,0.038575,0.034471,0.031289,0.029,0.027838,0.02749,0.027579,0.028023,0.02859,0.028843,0.02849,0.027515,0.025928,0.023971,0.021814,0.01979,0.017826,0.016021,0.01443,0.013123,0.012084,0.01134,0.011118,0.01137,0.012398,0.014047,0.016076,0.018029,0.019971,0.021744,0.023166,0.024189,0.02467,0.024948,0.024877,0.024554,0.024354,0.02439,0.024861,0.025761,0.027405,0.030476,0.035713,0.043312,0.053355,0.065693,0.079909,0.096243,0.11534,0.13545,0.15632,0.17735,0.19883,0.22231,0.24557,0.26732,0.28571,0.29687,0.30089,0.29903,0.29346,0.28632,0.27883,0.27101,0.26158,0.24808,0.22764,0.19985
0.034252,0.036193,0.038156,0.040126,0.042512,0.045662,0.049931,0.056032,0.063542,0.072169,0.081766,0.091548,0.1009,0.10887,0.11564,0.12022,0.12287,0.1241,0.12338,0.12175,0.1187,0.11509,0.11093,0.1064,0.10194,0.097567,0.093373,0.088844,0.084009,0.078848,0.072825,0.066624,0.060339,0.054444,0.0492,0.044743,0.041284,0.038433,0.036503,0.035442,0.035106,0.034765,0.034179,0.033302,0.031973,0.030224,0.028401,0.026679,0.025126,0.023932,0.023063,0.022651,0.022473,0.022387,0.022611,0.023056,0.024172,0.025639,0.026957,0.027402,0.027257,0.026382,0.024991,0.023248,0.021356,0.019857,0.018559,0.017378,0.016578,0.016222,0.016288,0.016943,0.018277,0.020526,0.024207,0.029263,0.03587,0.044253,0.054302,0.066367,0.081219,0.097979,0.11645,0.13649,0.15824,0.18412,0.2128,0.24378,0.27643,0.30751,0.33389,0.35248,0.36333,0.36832,0.3689,0.36568,0.35771,0.34203,0.31468,0.27353
0.02004,0.018761,0.018313,0.018163,0.018391,0.019138,0.020744,0.023522,0.027251,0.031791,0.037287,0.043353,0.049874,0.056051,0.06241,0.06826,0.073689,0.078956,0.083418,0.087506,0.090759,0.094028,0.096965,0.099034,0.10083,0.10232,0.10337,0.10333,0.10183,0.099363,0.095584,0.091414,0.087342,0.083663,0.080388,0.077723,0.075651,0.073864,0.072541,0.071741,0.071418,0.070711,0.069308,0.067273,0.064362,0.060751,0.057146,0.053722,0.050607,0.047812,0.045385,0.043429,0.041938,0.040571,0.039776,0.039329,0.039315,0.039406,0.039075,0.037619,0.03534,0.032299,0.028832,0.025076,0.021566,0.01911,0.017424,0.016284,0.015717,0.015691,0.016291,0.017525,0.019334,0.021813,0.025165,0.029235,0.033978,0.039572,0.046255,0.054401,0.0651,0.078436,0.094288,0.11281,0.13361,0.15989,0.18937,0.22082,0.25366,0.28695,0.32047,0.34936,0.37148,0.38721,0.39689,0.40059,0.39706,0.38274,0.35299,0.3051
0.018943,0.016973,0.015914,0.01505,0.014245,0.013632,0.013393,0.0138,0.014839,0.01657,0.018946,0.021793,0.025406,0.029487,0.034586,0.039701,0.044884,0.050441,0.055917,0.061343,0.066537,0.072341,0.078692,0.084548,0.090175,0.09553,0.10058,0.10474,0.10712,0.10845,0.10852,0.10838,0.10853,0.10909,0.11011,0.11165,0.11349,0.11522,0.11671,0.11775,0.11857,0.1182,0.11653,0.11393,0.11033,0.10588,0.10138,0.09697,0.092671,0.088334,0.08411,0.080042,0.076114,0.07195,0.068245,0.064501,0.060663,0.056584,0.052241,0.047175,0.041616,0.035713,0.029906,0.024435,0.019628,0.016474,0.01455,0.01333,0.012852,0.013085,0.013956,0.015294,0.016925,0.018509,0.020316,0.022364,0.024625,0.027371,0.030949,0.035628,0.042118,0.051325,0.063976,0.08017,0.099306,0.1241,0.15214,0.18217,0.2134,0.24399,0.27451,0.30298,0.32723,0.34661,0.36064,0.36862,0.36892,0.35809,0.33188,0.28784
0.025361,0.022767,0.020454,0.018038,0.015557,0.013173,0.011243,0.0099089,0.0093622,0.0093722,0.01002,0.011015,0.012482,0.014508,0.017534,0.020991,0.024887,0.029304,0.034146,0.039649,0.046084,0.053978,0.063489,0.072761,0.081967,0.090911,0.099664,0.10756,0.11371,0.11898,0.12337,0.12831,0.13431,0.1413,0.14859,0.15614,0.16344,0.16985,0.17503,0.17865,0.18146,0.18237,0.18151,0.17899,0.17474,0.16889,0.16266,0.15592,0.14849,0.1404,0.13182,0.12302,0.11403,0.10462,0.096062,0.087842,0.079389,0.071098,0.063196,0.055052,0.046909,0.038886,0.031683,0.025341,0.020373,0.017198,0.015565,0.014828,0.014773,0.01515,0.015784,0.016511,0.017193,0.017389,0.017329,0.017191,0.01712,0.01742,0.018299,0.01975,0.022285,0.026773,0.03417,0.0453,0.060135,0.08054,0.10466,0.13182,0.16128,0.19137,0.22144,0.24884,0.2721,0.29084,0.30476,0.31316,0.31458,0.30621,0.28461,0.24814
0.043487,0.042978,0.040941,0.037364,0.032738,0.027731,0.023025,0.01909,0.016306,0.014226,0.012878,0.01199,0.011613,0.0116,0.012126,0.013008,0.014168,0.015673,0.017706,0.020445,0.024559,0.030862,0.040262,0.050786,0.062286,0.074439,0.087064,0.09938,0.11042,0.12093,0.13063,0.14112,0.15283,0.16572,0.17856,0.19201,0.20546,0.21795,0.22848,0.23632,0.24099,0.24075,0.2362,0.22885,0.21954,0.2093,0.19961,0.19049,0.18116,0.17134,0.16078,0.1497,0.13815,0.12578,0.11441,0.10366,0.092168,0.080762,0.069951,0.059519,0.04993,0.04119,0.034034,0.028118,0.023422,0.020378,0.018963,0.018547,0.018827,0.019282,0.019515,0.019483,0.019082,0.018038,0.016749,0.015359,0.014098,0.013016,0.012284,0.011939,0.012261,0.0139,0.017313,0.023083,0.031607,0.044885,0.062832,0.085028,0.11058,0.13781,0.16615,0.19282,0.21585,0.23439,0.24803,0.25624,0.25767,0.25013,0.23078,0.19881
0.075427,0.080008,0.08044,0.076841,0.070327,0.062234,0.053684,0.045773,0.039191,0.033599,0.028946,0.024915,0.021531,0.018551,0.016107,0.014244,0.013102,0.012603,0.012805,0.013587,0.015378,0.018716,0.024719,0.032593,0.042589,0.054018,0.066647,0.080044,0.093257,0.10706,0.12101,0.13625,0.15325,0.17287,0.19242,0.21226,0.23249,0.25243,0.27061,0.28606,0.29737,0.30198,0.30004,0.29264,0.28026,0.26425,0.2472,0.23054,0.21498,0.20068,0.1863,0.17182,0.157,0.14116,0.12652,0.11299,0.098663,0.084603,0.07191,0.060281,0.049951,0.041253,0.035019,0.030305,0.026815,0.024311,0.022924,0.022199,0.021958,0.021756,0.021284,0.020479,0.019304,0.017727,0.015848,0.013887,0.012246,0.010957,0.010063,0.0094362,0.0092123,0.0095743,0.010844,0.013134,0.016774,0.022635,0.031599,0.044684,0.061789,0.08157,0.10335,0.12472,0.14368,0.15933,0.17118,0.17876,0.18115,0.1768,0.16384,0.14173
0.12551,0.1393,0.14503,0.14306,0.13542,0.12439,0.11168,0.09893,0.087047,0.075557,0.065008,0.055381,0.046547,0.038415,0.031093,0.024992,0.020387,0.016649,0.014036,0.012597,0.012466,0.01358,0.016321,0.020814,0.027579,0.036344,0.046791,0.058242,0.070455,0.084275,0.099269,0.11589,0.13445,0.15668,0.1788,0.20073,0.22232,0.24318,0.26269,0.28133,0.29685,0.30632,0.30963,0.30707,0.29881,0.28578,0.27013,0.25334,0.23615,0.2197,0.20292,0.18576,0.16797,0.14926,0.1321,0.11667,0.10052,0.084815,0.070885,0.058393,0.047763,0.039104,0.033476,0.029699,0.027406,0.025871,0.024956,0.024557,0.024554,0.024285,0.02341,0.022043,0.020254,0.018119,0.01586,0.013705,0.012361,0.011509,0.0112,0.011254,0.011511,0.012075,0.012883,0.013925,0.015297,0.017619,0.021477,0.027434,0.035769,0.046786,0.060414,0.074618,0.087697,0.098689,0.10718,0.1129,0.11524,0.1133,0.10595,0.092811
0.17098,0.19245,0.20379,0.20474,0.19806,0.18664,0.17253,0.15744,0.14235,0.12687,0.11147,0.096469,0.08188,0.067875,0.054936,0.043862,0.035273,0.027994,0.022132,0.018046,0.015327,0.013926,0.014033,0.015874,0.019797,0.026098,0.034127,0.043318,0.05366,0.065553,0.078804,0.093874,0.11078,0.13135,0.15188,0.17187,0.1907,0.20769,0.22285,0.23826,0.25248,0.26333,0.27052,0.27358,0.27243,0.2675,0.25958,0.2495,0.23751,0.22421,0.20834,0.19055,0.1716,0.15126,0.13211,0.11489,0.097319,0.080982,0.067283,0.055711,0.046426,0.039063,0.03443,0.031462,0.029737,0.028357,0.027144,0.026292,0.025772,0.025082,0.023923,0.022336,0.020686,0.019063,0.017648,0.016759,0.017175,0.018463,0.019974,0.021276,0.022332,0.022858,0.022989,0.022655,0.02185,0.020871,0.020755,0.021737,0.024123,0.02836,0.034828,0.043207,0.051799,0.059648,0.066179,0.071116,0.073964,0.074137,0.070984,0.064295
0.22725,0.25323,0.26621,0.26732,0.2599,0.24764,0.23278,0.21685,0.20044,0.18307,0.16503,0.14648,0.1274,0.10821,0.089811,0.073041,0.059173,0.046719,0.036325,0.028317,0.021835,0.016939,0.013555,0.012416,0.013317,0.016108,0.020722,0.026969,0.034406,0.043764,0.054843,0.06759,0.082586,0.1013,0.12028,0.13885,0.1564,0.17231,0.18627,0.20005,0.21243,0.22142,0.22782,0.23164,0.23294,0.2322,0.22912,0.22356,0.21476,0.20299,0.18731,0.16903,0.14936,0.12827,0.10848,0.091536,0.075782,0.062933,0.052979,0.044827,0.038255,0.033124,0.029988,0.027955,0.026916,0.026338,0.025908,0.025929,0.026296,0.026536,0.02642,0.025977,0.02574,0.025941,0.026581,0.027757,0.029997,0.032758,0.035721,0.038593,0.041313,0.043309,0.044301,0.043926,0.042196,0.039243,0.036014,0.033157,0.031085,0.03064,0.031324,0.033399,0.036517,0.040232,0.043744,0.046715,0.04882,0.049644,0.048731,0.046024
0.28054,0.31639,0.33402,0.33589,0.3264,0.30989,0.28922,0.2668,0.2444,0.22269,0.20217,0.18246,0.16201,0.14117,0.12099,0.10209,0.085766,0.070401,0.056717,0.045753,0.036199,0.028134,0.021024,0.016073,0.012925,0.011344,0.011193,0.01254,0.015262,0.01945,0.025312,0.033533,0.044188,0.057875,0.072551,0.087648,0.10258,0.11691,0.13054,0.14503,0.15932,0.17129,0.18129,0.18869,0.19351,0.19576,0.19498,0.19082,0.18276,0.17092,0.15521,0.13711,0.11813,0.098513,0.080904,0.066672,0.054346,0.045091,0.038069,0.032221,0.027456,0.024084,0.022288,0.021673,0.02195,0.02258,0.022907,0.023484,0.02432,0.025272,0.026217,0.027383,0.028943,0.031219,0.034245,0.038229,0.04369,0.050041,0.056878,0.063945,0.070997,0.077108,0.081545,0.083557,0.082937,0.079688,0.074368,0.067311,0.059326,0.052187,0.04563,0.040737,0.037755,0.036485,0.036187,0.036234,0.036346,0.03628,0.035884,0.035775
0.29869,0.34215,0.36633,0.37416,0.37048,0.35925,0.34239,0.32103,0.29611,0.26897,0.24247,0.21894,0.19675,0.17503,0.1538,0.13328,0.11474,0.096307,0.078711,0.064349,0.051674,0.041287,0.03189,0.024079,0.01788,0.01336,0.010637,0.0094802,0.0090638,0.0098181,0.011793,0.015256,0.02054,0.027968,0.036666,0.046066,0.055796,0.065823,0.07602,0.087426,0.099088,0.10919,0.11788,0.12454,0.12921,0.13175,0.13188,0.12918,0.12339,0.11449,0.10256,0.089198,0.075974,0.063194,0.052087,0.043796,0.036837,0.031963,0.028159,0.024828,0.022085,0.020341,0.019662,0.019852,0.020639,0.021345,0.021584,0.022117,0.022937,0.024075,0.025774,0.027957,0.03094,0.035024,0.040213,0.046502,0.054262,0.063037,0.072419,0.082505,0.093512,0.10389,0.11235,0.11796,0.12024,0.11888,0.11406,0.10587,0.095232,0.083725,0.071649,0.060729,0.052251,0.046778,0.043444,0.041099,0.039361,0.03783,0.036441,0.035576
0.25901,0.29655,0.32017,0.33248,0.33755,0.33835,0.33602,0.33043,0.32081,0.30714,0.28982,0.27062,0.24945,0.22738,0.20456,0.18165,0.15996,0.13806,0.11665,0.098389,0.081146,0.066365,0.052709,0.040502,0.029753,0.020639,0.014343,0.011111,0.0091769,0.0085371,0.0089721,0.010309,0.012271,0.015105,0.018427,0.022296,0.026621,0.031516,0.037165,0.044204,0.051883,0.05854,0.064448,0.069019,0.072141,0.073758,0.073721,0.071978,0.068394,0.063013,0.056314,0.049076,0.04192,0.035102,0.029404,0.025089,0.021637,0.019318,0.017468,0.015676,0.01426,0.01416,0.014566,0.015404,0.016513,0.017661,0.0186,0.019868,0.021613,0.024038,0.027221,0.031068,0.035791,0.041679,0.048734,0.056755,0.066025,0.076301,0.087313,0.099304,0.11337,0.12795,0.14026,0.14911,0.15378,0.15368,0.14874,0.13906,0.12569,0.11048,0.094179,0.078814,0.066423,0.058075,0.052666,0.049024,0.046313,0.043931,0.041566,0.039446
0.20014,0.22875,0.24799,0.25961,0.26696,0.27272,0.27809,0.28299,0.2859,0.28588,0.28194,0.27414,0.26149,0.24511,0.22568,0.20405,0.18174,0.15845,0.13527,0.11533,0.096532,0.080415,0.066146,0.053634,0.042815,0.03334,0.025972,0.021073,0.017396,0.01473,0.01315,0.012534,0.012448,0.013057,0.014365,0.01631,0.018617,0.021304,0.024412,0.028161,0.032051,0.03525,0.038029,0.039834,0.040689,0.040692,0.039969,0.038475,0.036193,0.033203,0.029845,0.026454,0.023593,0.021166,0.019153,0.017639,0.016248,0.015127,0.014099,0.01296,0.012249,0.013364,0.014992,0.017085,0.019459,0.021527,0.023238,0.025217,0.027562,0.03055,0.034474,0.039377,0.045198,0.052016,0.060006,0.06915,0.079573,0.091,0.10336,0.1172,0.13398,0.1527,0.16966,0.18344,0.19257,0.19601,0.19338,0.18459,0.17049,0.153,0.13361,0.11498,0.099249,0.087582,0.079217,0.072896,0.067829,0.063159,0.058219,0.05299
0.14512,0.16659,0.1821,0.19299,0.2018,0.21033,0.21976,0.22998,0.24027,0.25042,0.25878,0.26316,0.26151,0.25397,0.24102,0.22391,0.20441,0.18354,0.16192,0.1428,0.12465,0.10821,0.092887,0.078988,0.066834,0.056428,0.048178,0.042457,0.037377,0.033,0.029249,0.026278,0.02396,0.022597,0.022078,0.022208,0.022591,0.023242,0.024133,0.025454,0.027041,0.028103,0.029007,0.029434,0.0293,0.028776,0.028051,0.027145,0.025908,0.024363,0.022762,0.021127,0.019703,0.018734,0.018208,0.017993,0.017915,0.017717,0.017386,0.016729,0.016432,0.017451,0.018925,0.020403,0.021701,0.022432,0.022861,0.023616,0.024941,0.027204,0.03049,0.03482,0.04031,0.046903,0.054836,0.063984,0.07414,0.085153,0.097053,0.11044,0.12697,0.14657,0.16514,0.18123,0.19355,0.20128,0.20372,0.20019,0.19106,0.17751,0.16132,0.14468,0.12982,0.11793,0.10861,0.10104,0.094568,0.088116,0.080631,0.071893
0.10224,0.11621,0.12701,0.13584,0.14438,0.15391,0.1656,0.17957,0.19479,0.21106,0.22631,0.23757,0.24317,0.24268,0.23614,0.224,0.20816,0.19021,0.1711,0.15357,0.13709,0.12232,0.10907,0.097115,0.086607,0.077377,0.069603,0.063494,0.057643,0.052185,0.047092,0.042398,0.038286,0.035444,0.033769,0.032831,0.032203,0.031801,0.031653,0.031694,0.031969,0.03187,0.031594,0.03093,0.029815,0.028593,0.027423,0.026344,0.025241,0.024029,0.022804,0.021559,0.020501,0.019497,0.018866,0.018696,0.01899,0.019398,0.019765,0.019936,0.020616,0.022151,0.023636,0.024993,0.026022,0.026702,0.027242,0.028215,0.02957,0.031729,0.034759,0.038777,0.04357,0.048962,0.055229,0.062283,0.069999,0.078356,0.087732,0.098821,0.11355,0.13239,0.15117,0.16878,0.184,0.19607,0.20404,0.20669,0.20381,0.19606,0.18502,0.17272,0.16107,0.1511,0.14259,0.13499,0.1275,0.11882,0.10796,0.095527
0.071904,0.08022,0.087467,0.093975,0.10066,0.10827,0.11787,0.12921,0.14207,0.15655,0.17153,0.18443,0.19341,0.19808,0.19801,0.19378,0.18668,0.1781,0.16818,0.15868,0.14964,0.14101,0.133,0.12496,0.11701,0.10927,0.10185,0.095157,0.088513,0.081975,0.07561,0.069326,0.063295,0.058407,0.054786,0.052088,0.049953,0.048384,0.047483,0.047318,0.047816,0.048415,0.04891,0.048797,0.047926,0.046667,0.044921,0.043005,0.040818,0.038401,0.035934,0.033414,0.031181,0.02923,0.028054,0.027345,0.026922,0.026404,0.026112,0.025879,0.025791,0.0266,0.027436,0.027888,0.028106,0.02803,0.028238,0.029181,0.03058,0.032629,0.035104,0.038158,0.041572,0.045436,0.049954,0.055106,0.060876,0.067304,0.074809,0.083851,0.095887,0.1124,0.12943,0.14579,0.1604,0.17342,0.18417,0.19179,0.19603,0.19695,0.19497,0.19103,0.186,0.18066,0.17485,0.16849,0.16084,0.15049,0.13616,0.11865
0.058238,0.064904,0.071245,0.077213,0.083346,0.09012,0.098143,0.10722,0.11714,0.12803,0.13885,0.14788,0.15419,0.1575,0.15799,0.1562,0.15278,0.14847,0.14311,0.13805,0.13397,0.13046,0.12834,0.12642,0.12458,0.12256,0.12031,0.11738,0.11368,0.1095,0.10488,0.10019,0.095593,0.092047,0.089737,0.088167,0.087043,0.086348,0.086051,0.086139,0.086407,0.086367,0.08616,0.085099,0.083063,0.080617,0.077724,0.074645,0.071402,0.068033,0.064774,0.0613,0.057658,0.053783,0.050488,0.047511,0.044756,0.041713,0.038611,0.035378,0.033011,0.032356,0.031857,0.031531,0.031522,0.031423,0.031464,0.03202,0.032524,0.033182,0.033815,0.034707,0.03583,0.037141,0.03889,0.041129,0.04395,0.047351,0.051774,0.057489,0.065626,0.077102,0.089586,0.10248,0.11498,0.12783,0.1398,0.14957,0.15698,0.16226,0.16614,0.16893,0.17048,0.17094,0.17011,0.16805,0.16392,0.1563,0.14419,0.12831
0.05638,0.061432,0.066502,0.070873,0.074794,0.078663,0.083256,0.088358,0.09366,0.099407,0.10509,0.10987,0.11299,0.11468,0.1151,0.11447,0.11336,0.11215,0.11103,0.11041,0.11088,0.11205,0.11472,0.11748,0.11995,0.12212,0.12362,0.12409,0.12358,0.12213,0.11984,0.11718,0.11445,0.11215,0.11075,0.10985,0.10933,0.1094,0.11027,0.11172,0.11365,0.11536,0.11685,0.11715,0.1164,0.1148,0.11206,0.10842,0.10404,0.099107,0.093824,0.087956,0.081936,0.075785,0.070622,0.065916,0.061539,0.05694,0.052511,0.048259,0.045138,0.044051,0.043614,0.043641,0.044211,0.045093,0.046066,0.047223,0.048026,0.048532,0.048575,0.048294,0.047895,0.047397,0.047055,0.047158,0.047815,0.048857,0.050799,0.054032,0.059068,0.066627,0.075231,0.084573,0.094188,0.10522,0.11654,0.127,0.13594,0.14317,0.14885,0.15335,0.15657,0.15867,0.15958,0.15938,0.15739,0.15207,0.14246,0.12978
0.071229,0.076284,0.080377,0.082977,0.08442,0.085329,0.086081,0.086703,0.087126,0.087492,0.08783,0.088108,0.088095,0.088009,0.088192,0.088778,0.089906,0.091559,0.093606,0.095903,0.098873,0.10243,0.10712,0.11168,0.1159,0.11943,0.12189,0.1231,0.12319,0.12251,0.12143,0.11986,0.11833,0.11744,0.11757,0.11866,0.12108,0.12479,0.12991,0.13608,0.14301,0.1497,0.15577,0.16006,0.16235,0.16295,0.16152,0.1584,0.15383,0.1481,0.14158,0.13385,0.12551,0.11653,0.10813,0.10001,0.091889,0.083636,0.075658,0.06846,0.063207,0.060974,0.060618,0.061857,0.063849,0.065631,0.066925,0.067618,0.067282,0.066286,0.06474,0.06286,0.060824,0.058659,0.056691,0.055149,0.054051,0.053497,0.053716,0.054578,0.056286,0.059125,0.06315,0.068171,0.073867,0.081093,0.089086,0.097142,0.10479,0.11196,0.11833,0.12366,0.12732,0.12939,0.12999,0.12956,0.12778,0.12367,0.11681,0.10939
0.13338,0.1474,0.15612,0.1588,0.15669,0.15148,0.14442,0.13606,0.12694,0.11766,0.10858,0.099425,0.090809,0.082821,0.075284,0.06891,0.063076,0.057822,0.052975,0.048916,0.045916,0.04463,0.045525,0.049019,0.054716,0.06208,0.070985,0.080791,0.090857,0.10045,0.10945,0.11836,0.12808,0.13917,0.15081,0.16274,0.17312,0.18138,0.18742,0.19096,0.19228,0.19176,0.18992,0.18668,0.18223,0.17642,0.16942,0.16156,0.15307,0.14425,0.13537,0.12637,0.1182,0.11053,0.10337,0.098158,0.094362,0.091325,0.088562,0.086214,0.084189,0.08263,0.081238,0.07953,0.077511,0.075836,0.074857,0.074877,0.075822,0.077862,0.080601,0.083605,0.086527,0.088544,0.089141,0.088336,0.086009,0.082414,0.078054,0.073287,0.06934,0.066439,0.063794,0.061112,0.058428,0.055842,0.053184,0.051135,0.050043,0.049924,0.050843,0.052945,0.055491,0.058407,0.060863,0.062423,0.063029,0.062237,0.060101,0.058267
0.20044,0.22666,0.23963,0.23968,0.2296,0.21284,0.19227,0.17035,0.14886,0.12989,0.11358,0.099519,0.087356,0.076859,0.067742,0.060646,0.054546,0.049045,0.043903,0.039386,0.035581,0.032857,0.031726,0.032135,0.033662,0.035883,0.039042,0.043281,0.048581,0.054667,0.061114,0.068516,0.077964,0.090428,0.10517,0.12209,0.13892,0.15466,0.16919,0.18167,0.19191,0.20005,0.20623,0.21025,0.21133,0.20907,0.2033,0.19385,0.1811,0.16591,0.14922,0.13163,0.1148,0.099662,0.086993,0.07817,0.072434,0.068627,0.065745,0.063379,0.061464,0.060062,0.05879,0.057654,0.056665,0.056202,0.056546,0.057745,0.059747,0.062601,0.065903,0.069374,0.072956,0.075825,0.077474,0.077994,0.077338,0.075691,0.07378,0.071592,0.070537,0.070397,0.070346,0.070239,0.069864,0.06904,0.067277,0.064537,0.061017,0.057116,0.053147,0.049375,0.045979,0.04368,0.042221,0.041207,0.040268,0.039124,0.037897,0.038145
0.22956,0.26554,0.2855,0.28955,0.28119,0.26432,0.24207,0.2169,0.19131,0.16833,0.14985,0.13516,0.12268,0.11193,0.10234,0.094548,0.087632,0.080831,0.073849,0.066533,0.058934,0.051604,0.045478,0.040912,0.037876,0.03628,0.035982,0.036711,0.038251,0.040224,0.042509,0.04568,0.050718,0.05827,0.068042,0.079905,0.092371,0.10493,0.11774,0.12992,0.14124,0.15147,0.16059,0.16867,0.17413,0.17604,0.1742,0.16827,0.15842,0.14556,0.13045,0.11372,0.097308,0.082677,0.070316,0.061476,0.055707,0.05204,0.049429,0.047552,0.0463,0.045705,0.045359,0.045099,0.044925,0.045121,0.045739,0.046743,0.04827,0.050461,0.053488,0.057109,0.060757,0.063836,0.065837,0.066817,0.066902,0.066466,0.066245,0.066595,0.068479,0.071306,0.07412,0.07671,0.078533,0.079687,0.079619,0.078217,0.075561,0.072048,0.067516,0.062607,0.05807,0.055054,0.052849,0.051342,0.049838,0.047908,0.04548,0.043815
0.22272,0.26038,0.28259,0.28967,0.28513,0.27275,0.25524,0.2344,0.2123,0.19184,0.17478,0.16255,0.15306,0.14501,0.13798,0.13254,0.12786,0.12255,0.11569,0.10714,0.096688,0.085171,0.073299,0.062458,0.052643,0.044612,0.038516,0.034322,0.031641,0.030333,0.030283,0.031987,0.035445,0.0408,0.04771,0.05601,0.064666,0.073455,0.082745,0.092032,0.10095,0.10927,0.1171,0.12493,0.13085,0.13391,0.13393,0.13053,0.12379,0.11472,0.10378,0.091759,0.079952,0.070038,0.061921,0.055629,0.05074,0.046629,0.04298,0.039965,0.037677,0.036515,0.035954,0.035602,0.03559,0.035667,0.035816,0.036111,0.036774,0.038026,0.040146,0.042865,0.045913,0.049007,0.051845,0.054449,0.05692,0.059505,0.062597,0.066391,0.072219,0.079245,0.086278,0.093212,0.099558,0.10503,0.10897,0.11058,0.10977,0.1064,0.1009,0.094148,0.087276,0.081835,0.077301,0.073788,0.070331,0.066456,0.061909,0.057372
0.17911,0.20955,0.22861,0.23643,0.23602,0.23032,0.22093,0.20934,0.19707,0.1858,0.17693,0.17154,0.16833,0.16607,0.16397,0.16225,0.16014,0.15656,0.15086,0.14269,0.13179,0.11887,0.10473,0.090461,0.076499,0.063666,0.05286,0.044184,0.037612,0.033154,0.030662,0.029787,0.030395,0.032329,0.034967,0.038186,0.041814,0.04589,0.050847,0.056058,0.061544,0.066832,0.072013,0.077764,0.082325,0.085059,0.085702,0.083896,0.080011,0.074586,0.06795,0.060655,0.053619,0.047914,0.043309,0.039559,0.036356,0.033476,0.030727,0.028146,0.026018,0.02479,0.023799,0.022961,0.022465,0.02228,0.022343,0.02254,0.023175,0.024708,0.027339,0.031148,0.03545,0.039802,0.044032,0.048406,0.052954,0.058156,0.064341,0.07214,0.083082,0.096216,0.10997,0.12378,0.13717,0.14941,0.15938,0.16565,0.16793,0.16598,0.16042,0.1526,0.14343,0.13517,0.12756,0.12119,0.11489,0.10785,0.098908,0.087679
0.1217,0.13924,0.15068,0.15666,0.15953,0.16168,0.16387,0.16671,0.17082,0.17644,0.18352,0.19194,0.19995,0.20662,0.21141,0.21479,0.21625,0.21505,0.21057,0.20257,0.19083,0.17593,0.15843,0.13937,0.11956,0.10032,0.083204,0.068749,0.057157,0.048864,0.043561,0.040558,0.039265,0.03885,0.03901,0.039606,0.04043,0.041585,0.043427,0.045348,0.047064,0.048341,0.049491,0.0512,0.052438,0.052602,0.051817,0.05007,0.047562,0.044604,0.041206,0.037531,0.034205,0.031977,0.030482,0.029312,0.02836,0.027349,0.026183,0.024743,0.023302,0.02218,0.020952,0.019699,0.018774,0.017994,0.01741,0.017121,0.01758,0.018898,0.021304,0.024529,0.028108,0.031649,0.035274,0.038959,0.042835,0.047327,0.053033,0.060405,0.070533,0.082892,0.096571,0.11123,0.12633,0.14109,0.15541,0.16746,0.17652,0.18148,0.18246,0.18042,0.17622,0.17172,0.1672,0.16287,0.15726,0.14896,0.13626,0.11864
0.07971,0.089493,0.096282,0.10034,0.10317,0.10648,0.11095,0.11701,0.12522,0.13587,0.14877,0.16292,0.17685,0.18945,0.20012,0.20877,0.2148,0.21748,0.21622,0.21106,0.20237,0.19051,0.17604,0.15969,0.14222,0.12452,0.10838,0.094212,0.082094,0.073057,0.067319,0.063892,0.061797,0.059888,0.057781,0.055301,0.052423,0.04949,0.046816,0.04399,0.041132,0.038198,0.035316,0.033038,0.03093,0.028814,0.026794,0.024943,0.023278,0.021906,0.020844,0.020077,0.019867,0.020427,0.021462,0.022538,0.023615,0.024333,0.024535,0.024234,0.023749,0.023158,0.022331,0.021392,0.020604,0.020025,0.019646,0.019604,0.019944,0.020738,0.022176,0.024052,0.026164,0.028442,0.030768,0.033261,0.036146,0.039772,0.044384,0.05048,0.059309,0.070909,0.084387,0.099808,0.11705,0.13544,0.15548,0.17459,0.19211,0.20689,0.21782,0.2246,0.22766,0.22868,0.22782,0.22494,0.219,0.20811,0.19001,0.16478
0.052328,0.056713,0.060536,0.063269,0.065797,0.069318,0.07413,0.080907,0.090046,0.10184,0.1165,0.1325,0.14831,0.16297,0.17562,0.18672,0.19535,0.20089,0.20273,0.2011,0.1957,0.18709,0.17572,0.16232,0.1479,0.13325,0.11977,0.1082,0.098622,0.092194,0.089542,0.089068,0.089203,0.088619,0.087012,0.08432,0.080598,0.0762,0.071353,0.065561,0.058998,0.052434,0.046102,0.040628,0.035983,0.031992,0.02866,0.026059,0.024196,0.022988,0.022227,0.021923,0.022097,0.022807,0.023954,0.024953,0.025656,0.025975,0.026047,0.02568,0.025169,0.024451,0.023485,0.022392,0.021387,0.020616,0.020274,0.020486,0.021403,0.02272,0.024551,0.026591,0.028414,0.030149,0.031849,0.033542,0.035468,0.038205,0.041822,0.046551,0.053373,0.062715,0.074216,0.087677,0.10329,0.12088,0.14232,0.16442,0.1864,0.20713,0.22475,0.23793,0.24642,0.25134,0.2535,0.25306,0.24876,0.23853,0.22021,0.1933
0.036606,0.038406,0.040263,0.04155,0.042637,0.044354,0.046961,0.050878,0.056655,0.064899,0.07633,0.090301,0.10537,0.12029,0.13408,0.14671,0.15727,0.1653,0.17049,0.17249,0.17119,0.16701,0.16028,0.15149,0.14183,0.13227,0.12434,0.11837,0.11512,0.11548,0.12003,0.12632,0.13261,0.13708,0.13913,0.13862,0.13561,0.13034,0.12285,0.11291,0.10072,0.087929,0.074653,0.062191,0.051594,0.042595,0.035172,0.029391,0.025153,0.022484,0.021064,0.020514,0.020703,0.021304,0.022365,0.023415,0.024632,0.025729,0.026561,0.026774,0.026782,0.026503,0.025946,0.025276,0.0247,0.024261,0.02415,0.024581,0.025439,0.026492,0.027766,0.029073,0.030006,0.030682,0.031048,0.031099,0.031189,0.031737,0.032998,0.035028,0.038529,0.044079,0.05132,0.060792,0.07304,0.088275,0.10984,0.13442,0.16125,0.18892,0.21537,0.23907,0.25829,0.27301,0.28324,0.28875,0.28806,0.27855,0.25728,0.22272
0.033461,0.034106,0.035093,0.035665,0.035981,0.036337,0.036993,0.038378,0.04062,0.043911,0.049243,0.056715,0.06644,0.077799,0.089444,0.10106,0.11179,0.12098,0.12835,0.13375,0.13711,0.13875,0.13925,0.13865,0.13792,0.13782,0.13876,0.14069,0.14364,0.14875,0.15803,0.16852,0.17812,0.18516,0.1892,0.19005,0.18765,0.18248,0.17494,0.16451,0.15097,0.13603,0.11986,0.10376,0.088968,0.075659,0.064036,0.054421,0.047005,0.041841,0.038706,0.036902,0.036215,0.035914,0.03598,0.035708,0.035309,0.034563,0.033429,0.031773,0.030076,0.028324,0.026598,0.024983,0.023555,0.022486,0.022042,0.022527,0.023474,0.024491,0.025583,0.026548,0.027004,0.027011,0.026571,0.025694,0.024567,0.023542,0.022904,0.022735,0.023782,0.026371,0.030372,0.036292,0.045034,0.057025,0.076157,0.099969,0.128,0.15843,0.1883,0.216,0.2394,0.25794,0.27158,0.27982,0.28093,0.27232,0.25076,0.21503
0.045021,0.047957,0.049966,0.050752,0.050488,0.049497,0.047901,0.046009,0.043912,0.041987,0.041007,0.041315,0.043979,0.048537,0.055078,0.06351,0.072862,0.082062,0.090899,0.098835,0.10565,0.11153,0.11737,0.12294,0.12942,0.13743,0.14677,0.15715,0.16824,0.18057,0.19726,0.21433,0.22977,0.24108,0.2477,0.24996,0.24766,0.24098,0.23014,0.2164,0.20049,0.18346,0.16492,0.14634,0.12893,0.11296,0.098494,0.085636,0.074727,0.065946,0.059095,0.053609,0.049762,0.046276,0.04334,0.040186,0.037291,0.034647,0.032105,0.029434,0.027142,0.025346,0.024069,0.023142,0.022606,0.022584,0.023162,0.024594,0.026271,0.027842,0.029233,0.030149,0.030263,0.029582,0.028201,0.026047,0.023564,0.021063,0.018809,0.016684,0.015298,0.015124,0.016107,0.018308,0.022478,0.029206,0.041798,0.059655,0.082744,0.10953,0.13731,0.16459,0.18879,0.20871,0.22394,0.23391,0.23705,0.23108,0.21326,0.18272
0.075005,0.082504,0.086639,0.087771,0.086467,0.083252,0.078538,0.072817,0.06625,0.059256,0.052815,0.047001,0.043122,0.040371,0.039504,0.040904,0.044197,0.048849,0.054504,0.060648,0.066886,0.073337,0.08107,0.089693,0.10061,0.11401,0.12876,0.14472,0.16151,0.1795,0.2024,0.22724,0.25237,0.27499,0.29257,0.30454,0.30997,0.30808,0.29821,0.281,0.25922,0.23706,0.21511,0.19401,0.17399,0.15514,0.13747,0.12075,0.10557,0.092364,0.081184,0.071371,0.063716,0.056917,0.051158,0.045736,0.041063,0.037062,0.033645,0.030638,0.028377,0.026713,0.025897,0.025676,0.025718,0.025831,0.026133,0.027044,0.028158,0.029145,0.029859,0.030043,0.029209,0.027508,0.025399,0.022826,0.020019,0.01724,0.014445,0.011604,0.0092147,0.007447,0.0064998,0.0065779,0.0080378,0.010919,0.01642,0.025441,0.039013,0.056777,0.077445,0.099767,0.12081,0.13904,0.15363,0.16407,0.16918,0.16716,0.15592,0.13486
0.1113,0.12637,0.13531,0.13856,0.13753,0.13315,0.12598,0.11654,0.10486,0.091375,0.077019,0.062918,0.051338,0.041929,0.035278,0.031004,0.029089,0.029043,0.030448,0.03317,0.037009,0.04202,0.049182,0.058326,0.070814,0.086775,0.10463,0.12447,0.14541,0.16721,0.19283,0.21944,0.24635,0.27312,0.29728,0.31694,0.33035,0.33604,0.33263,0.32011,0.2998,0.2756,0.2497,0.2249,0.20244,0.1818,0.16276,0.14447,0.12732,0.11159,0.097365,0.084349,0.073909,0.064751,0.056769,0.049299,0.042855,0.037463,0.033063,0.0298,0.027617,0.026496,0.026388,0.026776,0.027364,0.028219,0.029289,0.03068,0.032138,0.033298,0.033965,0.033931,0.032598,0.030418,0.02797,0.025361,0.022772,0.02031,0.017825,0.015164,0.01245,0.010014,0.008071,0.0069166,0.0067026,0.0074007,0.0095555,0.013193,0.019382,0.02861,0.040162,0.054104,0.067957,0.080411,0.090742,0.098579,0.10324,0.10371,0.098803,0.088257
0.15859,0.1786,0.19125,0.1968,0.19696,0.1931,0.18594,0.17564,0.16203,0.14528,0.12577,0.10422,0.083847,0.065056,0.050369,0.039338,0.031873,0.02719,0.024679,0.024071,0.025198,0.02785,0.032664,0.039475,0.049567,0.063564,0.080419,0.10042,0.12224,0.14476,0.17,0.19547,0.2203,0.24476,0.26715,0.28633,0.30074,0.309,0.30947,0.30186,0.28696,0.26752,0.24623,0.2253,0.20595,0.18736,0.16942,0.15122,0.13335,0.11646,0.10089,0.08651,0.075025,0.065267,0.056775,0.048946,0.042198,0.036614,0.032181,0.029168,0.027172,0.026321,0.026558,0.027758,0.029641,0.031888,0.034357,0.036893,0.039014,0.040366,0.040794,0.040109,0.037495,0.034006,0.0308,0.028257,0.026024,0.023885,0.021592,0.019034,0.016541,0.014383,0.012514,0.011165,0.010188,0.0096619,0.0097732,0.01076,0.012901,0.016519,0.021465,0.028025,0.035154,0.041951,0.0479,0.05278,0.056223,0.05767,0.05676,0.053546
0.21852,0.24779,0.26506,0.27234,0.27265,0.26801,0.2594,0.24721,0.23122,0.21151,0.18834,0.16213,0.13567,0.10917,0.085348,0.064982,0.049046,0.037609,0.029694,0.024833,0.022333,0.02169,0.022705,0.025469,0.030696,0.039041,0.05042,0.065673,0.083456,0.10255,0.12398,0.14594,0.16758,0.18915,0.20886,0.22569,0.23827,0.2465,0.24993,0.2485,0.24258,0.23302,0.22062,0.20688,0.19266,0.17712,0.16085,0.14357,0.1259,0.10857,0.092195,0.077211,0.065636,0.056481,0.04888,0.04252,0.037316,0.033292,0.030393,0.028997,0.028528,0.029021,0.030352,0.032494,0.035066,0.037991,0.041387,0.044764,0.047525,0.049053,0.049206,0.047585,0.043728,0.039324,0.035546,0.03298,0.031078,0.029818,0.028583,0.02735,0.026225,0.025172,0.02443,0.023447,0.02199,0.020223,0.017789,0.015539,0.013984,0.013227,0.01378,0.01628,0.019603,0.023019,0.026025,0.028576,0.030473,0.031569,0.03185,0.031868
0.2633,0.30393,0.32946,0.34259,0.34728,0.34627,0.34058,0.33009,0.31422,0.29262,0.2656,0.23457,0.20306,0.1716,0.14202,0.11438,0.089761,0.069773,0.053891,0.042033,0.034093,0.029542,0.026949,0.025865,0.026627,0.029451,0.034246,0.041656,0.0515,0.063206,0.07711,0.092231,0.1079,0.12436,0.14025,0.15411,0.16504,0.17327,0.17872,0.18097,0.17957,0.17459,0.16679,0.15731,0.14723,0.13592,0.1236,0.11034,0.096662,0.083047,0.070271,0.058821,0.050274,0.043626,0.038209,0.033834,0.030393,0.027656,0.025784,0.025365,0.026233,0.028598,0.031927,0.035684,0.039595,0.043554,0.0475,0.050626,0.052614,0.053093,0.052055,0.049219,0.044251,0.039634,0.036045,0.034245,0.033443,0.033308,0.033521,0.034101,0.034973,0.035975,0.037394,0.038487,0.038884,0.038413,0.036654,0.033929,0.030497,0.026848,0.023863,0.023013,0.023292,0.024108,0.025076,0.025994,0.026658,0.026913,0.026873,0.027378
0.25681,0.29715,0.32366,0.33889,0.34689,0.35041,0.35039,0.34651,0.33778,0.32328,0.30243,0.27549,0.2452,0.21332,0.1826,0.1532,0.12634,0.10384,0.084096,0.067613,0.054788,0.045551,0.038736,0.033788,0.030447,0.028814,0.028804,0.030734,0.034384,0.039416,0.045868,0.053659,0.062796,0.073443,0.084817,0.095853,0.10558,0.11363,0.11956,0.12293,0.1234,0.1212,0.11676,0.11085,0.10406,0.095774,0.086438,0.076461,0.06638,0.056563,0.047766,0.040415,0.035169,0.031249,0.028025,0.025541,0.023755,0.022376,0.021591,0.021955,0.02376,0.027266,0.031738,0.036732,0.041814,0.046544,0.050773,0.053789,0.055447,0.055582,0.053993,0.050555,0.045287,0.041092,0.038597,0.038193,0.038743,0.039736,0.041119,0.043601,0.046959,0.050787,0.055302,0.059223,0.062281,0.064201,0.064295,0.062418,0.058383,0.0525,0.045841,0.040819,0.037296,0.03455,0.032574,0.031407,0.030698,0.02997,0.029164,0.028999
0.21811,0.25022,0.27274,0.28756,0.2981,0.3071,0.31555,0.32325,0.32865,0.32999,0.32571,0.31471,0.29752,0.27462,0.24799,0.21959,0.19108,0.16512,0.14069,0.11875,0.09976,0.08364,0.069433,0.057478,0.047455,0.039765,0.0345,0.031608,0.031005,0.031953,0.034181,0.03762,0.041627,0.046258,0.051551,0.056756,0.061696,0.066225,0.069968,0.072301,0.072807,0.071743,0.069157,0.065423,0.060937,0.055575,0.049639,0.043757,0.038104,0.032841,0.028339,0.024799,0.022504,0.020783,0.019319,0.018286,0.017731,0.017621,0.018246,0.01974,0.022676,0.027751,0.033648,0.039893,0.045671,0.050266,0.053818,0.055777,0.056224,0.055177,0.052814,0.049111,0.044315,0.04129,0.039978,0.040488,0.042385,0.045232,0.048814,0.053481,0.059131,0.065362,0.072631,0.079548,0.086046,0.091905,0.095896,0.097362,0.095846,0.091111,0.084463,0.078426,0.072694,0.067383,0.062899,0.059447,0.05674,0.054073,0.050914,0.047688
0.15633,0.18039,0.19824,0.21061,0.2199,0.22848,0.23762,0.24815,0.25965,0.27108,0.28083,0.28674,0.28697,0.28023,0.26639,0.24777,0.22748,0.20829,0.18809,0.16823,0.14902,0.13067,0.1129,0.096267,0.081205,0.068033,0.057128,0.048573,0.042988,0.039443,0.037198,0.036123,0.035864,0.036095,0.03698,0.038122,0.039532,0.04087,0.041989,0.04245,0.041784,0.040185,0.037783,0.034914,0.031822,0.028489,0.025337,0.022829,0.020826,0.019078,0.017592,0.016416,0.015612,0.015149,0.014865,0.014862,0.015213,0.015962,0.017556,0.020006,0.023777,0.029068,0.034921,0.040724,0.045598,0.04898,0.051199,0.05189,0.05137,0.049682,0.046993,0.043428,0.039155,0.03644,0.035337,0.035778,0.037742,0.041458,0.046634,0.053757,0.063522,0.074523,0.086507,0.098085,0.10939,0.12065,0.13047,0.13762,0.14095,0.13964,0.13492,0.12951,0.12366,0.11762,0.11202,0.10705,0.10254,0.097641,0.091088,0.082445
0.10986,0.12743,0.14094,0.15072,0.15846,0.16572,0.17336,0.18216,0.19176,0.2017,0.21169,0.22093,0.2282,0.23147,0.22952,0.22279,0.21331,0.2034,0.1921,0.18055,0.16769,0.154,0.1397,0.1254,0.11163,0.098631,0.086775,0.076181,0.067673,0.060773,0.054839,0.050004,0.046076,0.042781,0.039963,0.03738,0.03527,0.033281,0.031583,0.029974,0.028129,0.025994,0.023645,0.021241,0.018866,0.01675,0.015075,0.013989,0.013282,0.012763,0.012391,0.012268,0.012397,0.01275,0.013208,0.013902,0.01497,0.016462,0.01848,0.020844,0.023936,0.027836,0.031942,0.035845,0.039091,0.041221,0.042391,0.042598,0.042137,0.040974,0.039254,0.036982,0.034359,0.032875,0.032794,0.034085,0.037082,0.042002,0.049012,0.058564,0.071367,0.085935,0.10172,0.11747,0.13351,0.15015,0.16561,0.17873,0.18847,0.19318,0.19387,0.19189,0.1882,0.18336,0.17814,0.17292,0.1671,0.15922,0.14739,0.13068
0.069983,0.079168,0.086755,0.093061,0.099108,0.10587,0.11383,0.12344,0.13425,0.14551,0.15683,0.16762,0.17725,0.18514,0.19143,0.19515,0.19681,0.19675,0.19421,0.19015,0.18432,0.17688,0.16778,0.15756,0.14701,0.13626,0.12559,0.11501,0.10548,0.096358,0.087016,0.077927,0.069213,0.061084,0.053933,0.047658,0.042637,0.038422,0.03486,0.032045,0.029509,0.026983,0.024405,0.021825,0.019244,0.016954,0.015055,0.013667,0.012689,0.011971,0.011484,0.011381,0.011558,0.012069,0.012995,0.014252,0.016053,0.01804,0.020085,0.021806,0.02374,0.0259,0.027936,0.029552,0.030514,0.030731,0.030259,0.029185,0.027834,0.026305,0.024678,0.023066,0.021621,0.021187,0.021691,0.023175,0.025815,0.029974,0.036214,0.045267,0.057869,0.072653,0.089291,0.10696,0.12573,0.14696,0.16888,0.1895,0.20751,0.22127,0.23155,0.23826,0.24154,0.24241,0.2414,0.23866,0.23337,0.22361,0.20681,0.18215
0.039015,0.041083,0.043431,0.046079,0.04934,0.053785,0.059756,0.067591,0.077027,0.087585,0.099007,0.11045,0.12129,0.13093,0.1401,0.14801,0.15503,0.16119,0.16576,0.16884,0.1698,0.16905,0.16672,0.16275,0.15784,0.15218,0.14588,0.139,0.13188,0.12428,0.11586,0.10713,0.098206,0.089442,0.081295,0.07374,0.067117,0.061091,0.05581,0.051451,0.047497,0.043585,0.039736,0.035928,0.032068,0.028563,0.025605,0.023348,0.02164,0.020251,0.019092,0.018327,0.017871,0.017785,0.018243,0.019032,0.020282,0.021704,0.022942,0.02355,0.023724,0.023564,0.022953,0.021829,0.020343,0.018985,0.017585,0.01618,0.014954,0.013912,0.013085,0.012498,0.012404,0.013129,0.014741,0.01706,0.020248,0.0244,0.029948,0.037491,0.047927,0.060796,0.076289,0.094092,0.11411,0.13845,0.16511,0.19249,0.21869,0.24194,0.26322,0.28046,0.29312,0.30179,0.30673,0.30797,0.30459,0.29403,0.27303,0.23982
0.025004,0.023598,0.023214,0.02346,0.02445,0.026458,0.029763,0.034603,0.040914,0.048487,0.057403,0.06701,0.076812,0.086402,0.096934,0.10691,0.11639,0.12543,0.13359,0.14105,0.14737,0.15304,0.15798,0.16137,0.16327,0.16363,0.16271,0.15994,0.15555,0.14995,0.14293,0.13519,0.12711,0.11899,0.1116,0.10509,0.099349,0.093893,0.088527,0.083713,0.079014,0.073944,0.068291,0.062361,0.056193,0.050105,0.044881,0.040651,0.037149,0.034228,0.031666,0.029563,0.027764,0.026138,0.025001,0.024022,0.023292,0.02266,0.021913,0.020578,0.018953,0.017218,0.015658,0.014348,0.013304,0.012791,0.012593,0.012569,0.012828,0.013456,0.014408,0.01562,0.01698,0.018472,0.020322,0.022456,0.024931,0.027921,0.031655,0.036686,0.043728,0.052771,0.064499,0.079596,0.09773,0.12155,0.1486,0.17705,0.20577,0.23313,0.26012,0.28401,0.30369,0.31931,0.33027,0.33611,0.33551,0.32556,0.30274,0.26442
0.02219,0.020048,0.018901,0.018203,0.017832,0.0178,0.018198,0.019229,0.021049,0.023735,0.027375,0.0319,0.037246,0.043294,0.051407,0.060366,0.069744,0.079511,0.089373,0.099355,0.1094,0.12029,0.13208,0.14267,0.152,0.15989,0.16634,0.17072,0.17257,0.17237,0.17019,0.16715,0.16354,0.15934,0.15509,0.15125,0.14776,0.14414,0.14043,0.13689,0.1325,0.12672,0.11985,0.11244,0.10451,0.096302,0.088875,0.082356,0.076334,0.070696,0.065237,0.06002,0.054885,0.04961,0.045007,0.040697,0.036395,0.032344,0.028576,0.024616,0.020747,0.017317,0.014483,0.0122,0.010523,0.0095394,0.0092955,0.0094879,0.010035,0.011098,0.012571,0.01435,0.016274,0.01788,0.019219,0.020469,0.021733,0.023169,0.025068,0.027609,0.031289,0.03643,0.043859,0.054484,0.068454,0.08852,0.11265,0.13955,0.16831,0.19738,0.227,0.25426,0.2778,0.29741,0.31248,0.32204,0.32437,0.31645,0.2946,0.25674
0.028119,0.025783,0.024006,0.022148,0.020186,0.01836,0.016937,0.015963,0.01564,0.01588,0.016694,0.018055,0.020095,0.022908,0.027399,0.032816,0.03902,0.046113,0.054025,0.062767,0.072609,0.084175,0.098073,0.11169,0.12484,0.13701,0.14819,0.15771,0.16495,0.1707,0.17496,0.17908,0.18353,0.1882,0.19261,0.19652,0.19927,0.20038,0.19969,0.19727,0.19294,0.18646,0.17852,0.169,0.1584,0.14698,0.13621,0.12594,0.11583,0.10604,0.09624,0.086629,0.077141,0.067553,0.059114,0.051418,0.043878,0.037045,0.031137,0.025733,0.021227,0.017793,0.015572,0.014292,0.013855,0.014115,0.015013,0.016452,0.018375,0.02056,0.022655,0.0245,0.025827,0.026217,0.025745,0.024683,0.023387,0.022142,0.021099,0.020549,0.020853,0.022536,0.026488,0.033683,0.044253,0.060211,0.08076,0.10511,0.1323,0.16064,0.18995,0.21728,0.24105,0.26044,0.27486,0.28368,0.28543,0.27771,0.25749,0.22354
0.045264,0.044874,0.043112,0.039978,0.035936,0.031652,0.027644,0.0244,0.022009,0.020269,0.019241,0.018645,0.018427,0.018564,0.019469,0.020961,0.023189,0.025936,0.029645,0.034654,0.041772,0.051924,0.066227,0.081404,0.097053,0.11246,0.12732,0.14083,0.15241,0.16302,0.17224,0.18158,0.19196,0.2044,0.21813,0.23233,0.24506,0.25438,0.25916,0.25896,0.2538,0.24368,0.2309,0.21742,0.20407,0.19041,0.17732,0.16443,0.15126,0.1382,0.12451,0.11036,0.096025,0.081497,0.068737,0.057529,0.046816,0.037553,0.030446,0.024904,0.020838,0.018147,0.016709,0.01641,0.016883,0.017913,0.019436,0.0214,0.023874,0.026453,0.028589,0.030099,0.03071,0.030093,0.028371,0.025954,0.02344,0.020915,0.018624,0.016608,0.015144,0.014868,0.015849,0.018786,0.024523,0.03469,0.049515,0.069146,0.092667,0.11829,0.14562,0.17164,0.19448,0.21318,0.22708,0.23549,0.23724,0.23025,0.21207,0.18229
0.077063,0.08234,0.083107,0.079604,0.073117,0.065204,0.056958,0.049459,0.043072,0.037441,0.032749,0.028718,0.02526,0.022251,0.020018,0.018421,0.017626,0.017328,0.017871,0.019524,0.023,0.029258,0.039906,0.053788,0.070234,0.088064,0.10629,0.12377,0.13996,0.15588,0.17088,0.18606,0.20242,0.22184,0.24256,0.26433,0.28482,0.30113,0.31155,0.31532,0.31171,0.30011,0.28242,0.26145,0.24,0.21942,0.20108,0.184,0.16731,0.15152,0.13538,0.11899,0.10252,0.086038,0.071663,0.059421,0.047865,0.038062,0.031113,0.02601,0.022644,0.020629,0.019979,0.02021,0.021152,0.022506,0.024286,0.026724,0.029693,0.032261,0.033787,0.03416,0.033336,0.031416,0.028581,0.025241,0.02223,0.019341,0.016805,0.014448,0.012555,0.011393,0.011121,0.011947,0.014212,0.01867,0.026078,0.037559,0.053371,0.072012,0.092766,0.11314,0.13141,0.14667,0.15838,0.16596,0.1685,0.16454,0.15242,0.13171
0.11502,0.12808,0.13353,0.13176,0.12485,0.11508,0.10398,0.093128,0.082949,0.073143,0.064046,0.055355,0.04717,0.039534,0.032682,0.02692,0.022554,0.019061,0.016411,0.014716,0.014486,0.015985,0.020439,0.028183,0.039763,0.054263,0.070438,0.087391,0.10455,0.12273,0.14098,0.15988,0.17992,0.20279,0.22601,0.24957,0.27302,0.29345,0.30872,0.31815,0.3204,0.31438,0.30134,0.28342,0.26301,0.24182,0.2218,0.20279,0.18438,0.16727,0.14928,0.13069,0.11183,0.092881,0.076254,0.062445,0.050107,0.040117,0.033307,0.028723,0.025948,0.024528,0.02476,0.026174,0.028202,0.030519,0.032849,0.035568,0.03839,0.040279,0.040611,0.039356,0.036913,0.033633,0.029703,0.025567,0.022297,0.019581,0.017135,0.014809,0.012623,0.010658,0.0091565,0.0084519,0.0087675,0.010044,0.01285,0.018306,0.026843,0.038479,0.052987,0.068404,0.082817,0.095201,0.10494,0.11167,0.11471,0.11316,0.10578,0.092256
0.15754,0.17739,0.1884,0.19048,0.18626,0.17857,0.16905,0.15922,0.14923,0.13859,0.1272,0.11468,0.10122,0.087239,0.073304,0.060265,0.04915,0.039052,0.03053,0.02373,0.018773,0.015684,0.014962,0.017432,0.023573,0.033211,0.045775,0.06003,0.075809,0.093857,0.11278,0.13249,0.15287,0.17512,0.1962,0.21562,0.23295,0.2474,0.25846,0.2663,0.26989,0.26814,0.26187,0.25252,0.24064,0.22698,0.21267,0.19774,0.18214,0.16674,0.14956,0.13106,0.11204,0.092756,0.075914,0.062688,0.051442,0.04286,0.037112,0.033364,0.031347,0.030764,0.031852,0.03417,0.037364,0.040663,0.043313,0.045867,0.048107,0.048718,0.047097,0.043725,0.039415,0.034837,0.030135,0.025967,0.023213,0.021135,0.019611,0.018257,0.016853,0.015449,0.014216,0.013365,0.012792,0.012651,0.013354,0.015161,0.018521,0.023841,0.031495,0.040953,0.050684,0.059499,0.066771,0.072256,0.075418,0.075641,0.072167,0.064875
0.21761,0.24309,0.25691,0.25961,0.25449,0.24521,0.23377,0.22216,0.2109,0.19955,0.18722,0.17313,0.1572,0.13998,0.12234,0.10502,0.089203,0.073401,0.058403,0.045181,0.033781,0.024605,0.018144,0.015591,0.015922,0.018806,0.024317,0.031944,0.041625,0.054129,0.068532,0.084737,0.10232,0.12197,0.14098,0.15877,0.17478,0.1884,0.19951,0.20904,0.21642,0.22056,0.22181,0.22061,0.21676,0.21005,0.20058,0.1885,0.17393,0.15824,0.14024,0.1211,0.1021,0.083717,0.068751,0.058254,0.050155,0.044033,0.040019,0.037451,0.036121,0.036027,0.037324,0.039381,0.04192,0.044483,0.045833,0.046764,0.047189,0.046426,0.044387,0.041604,0.03869,0.035989,0.033378,0.031154,0.030037,0.029455,0.029418,0.029627,0.029862,0.029769,0.029526,0.028858,0.027484,0.025363,0.023346,0.021802,0.02099,0.021126,0.02242,0.025112,0.028707,0.032764,0.036695,0.040202,0.042945,0.044566,0.044751,0.043448
0.26692,0.30228,0.32198,0.32833,0.32531,0.31673,0.30453,0.29009,0.27426,0.25759,0.2415,0.22534,0.20867,0.1908,0.17189,0.15239,0.1337,0.114,0.09405,0.075617,0.058531,0.044027,0.031533,0.022541,0.016938,0.014358,0.014343,0.016634,0.020605,0.026938,0.035365,0.045765,0.058126,0.07267,0.087416,0.10181,0.11551,0.12817,0.13973,0.1509,0.16062,0.1671,0.17045,0.1706,0.16773,0.16246,0.15468,0.1446,0.13235,0.11906,0.10418,0.088981,0.075017,0.062567,0.052751,0.04614,0.041589,0.038917,0.037712,0.037541,0.038137,0.039422,0.041662,0.0441,0.046534,0.048696,0.049396,0.049397,0.048869,0.04754,0.045274,0.042362,0.039763,0.037866,0.036181,0.035025,0.034967,0.035465,0.036527,0.038009,0.040085,0.04236,0.044591,0.046105,0.046269,0.044771,0.042099,0.03844,0.034302,0.030483,0.027158,0.025407,0.025069,0.02567,0.026729,0.027907,0.028969,0.029776,0.030404,0.031345
0.28298,0.32399,0.34915,0.36145,0.36537,0.36449,0.36021,0.35278,0.34175,0.3269,0.30858,0.2882,0.26702,0.24567,0.22475,0.20427,0.1847,0.16351,0.14107,0.11943,0.097329,0.076584,0.057004,0.040642,0.027493,0.017779,0.01212,0.01012,0.009942,0.011656,0.014809,0.019323,0.025195,0.032832,0.041226,0.050021,0.058952,0.067813,0.076556,0.08573,0.094381,0.10063,0.10468,0.10626,0.10523,0.10221,0.097274,0.090661,0.082344,0.073203,0.063174,0.053677,0.045751,0.039159,0.034123,0.031281,0.029926,0.029913,0.030861,0.032106,0.033888,0.036309,0.038802,0.04101,0.042871,0.044089,0.043968,0.04334,0.042266,0.040659,0.038952,0.037513,0.036634,0.036477,0.036765,0.037629,0.039303,0.041463,0.044359,0.048244,0.053577,0.059667,0.065285,0.069385,0.071297,0.070545,0.067579,0.062571,0.05594,0.048698,0.041319,0.035343,0.031292,0.029149,0.028245,0.027893,0.02776,0.027634,0.027584,0.028243
0.24428,0.27862,0.30175,0.31641,0.32674,0.33572,0.34425,0.35152,0.35578,0.35597,0.35105,0.34053,0.32406,0.30294,0.27877,0.25329,0.22886,0.20388,0.17871,0.15575,0.1323,0.10964,0.087015,0.066156,0.047775,0.032271,0.021765,0.016698,0.013974,0.013153,0.013661,0.015103,0.017155,0.020026,0.023531,0.027507,0.031809,0.036342,0.041343,0.047196,0.052994,0.057247,0.060229,0.0615,0.061097,0.059277,0.056273,0.052387,0.047802,0.042814,0.037534,0.032513,0.028458,0.025851,0.024194,0.023662,0.023884,0.024704,0.026141,0.027539,0.028957,0.031012,0.032576,0.033449,0.033802,0.033557,0.032454,0.031073,0.029531,0.02808,0.027124,0.026767,0.026926,0.027885,0.029602,0.032284,0.036134,0.041227,0.047617,0.055748,0.066492,0.078718,0.09011,0.099022,0.10416,0.105,0.10185,0.094991,0.085279,0.074144,0.062426,0.051877,0.043791,0.038453,0.035065,0.032877,0.031469,0.030452,0.029796,0.030019
0.17634,0.20037,0.21827,0.23155,0.24357,0.25711,0.27412,0.29383,0.31393,0.33255,0.34695,0.35442,0.35323,0.343,0.32475,0.30026,0.27346,0.24534,0.21701,0.19187,0.16694,0.14335,0.12016,0.098015,0.07773,0.059838,0.045946,0.037124,0.030246,0.025222,0.021696,0.019301,0.017608,0.017055,0.017307,0.018268,0.019564,0.021147,0.023062,0.025531,0.028147,0.029977,0.031194,0.031639,0.031277,0.03035,0.029032,0.027328,0.025174,0.022784,0.020289,0.018275,0.017033,0.016928,0.017653,0.019266,0.021495,0.024014,0.0268,0.028978,0.030725,0.03251,0.033426,0.033409,0.032674,0.031251,0.029037,0.026693,0.024497,0.022668,0.021552,0.021326,0.021766,0.02299,0.025104,0.028344,0.033135,0.039424,0.047443,0.057819,0.071958,0.088768,0.10462,0.11798,0.12755,0.13255,0.13271,0.12793,0.11901,0.10736,0.094238,0.081443,0.070716,0.06271,0.05698,0.052896,0.049893,0.047319,0.044878,0.0428
0.13099,0.14914,0.16322,0.17453,0.18539,0.19765,0.21303,0.2316,0.25243,0.27583,0.29963,0.31923,0.33122,0.33409,0.32772,0.31339,0.2944,0.27272,0.24929,0.22738,0.205,0.18295,0.16068,0.13892,0.11832,0.099347,0.083561,0.072098,0.061721,0.052487,0.044272,0.037079,0.03103,0.027076,0.024895,0.023911,0.023502,0.023496,0.023833,0.024669,0.025589,0.025912,0.025908,0.025367,0.024311,0.023105,0.021951,0.021012,0.020112,0.019119,0.01824,0.017799,0.017674,0.01818,0.019161,0.02063,0.022566,0.024554,0.026412,0.027372,0.027659,0.028117,0.027917,0.026963,0.025807,0.024082,0.021884,0.019811,0.018192,0.017056,0.016706,0.017304,0.018805,0.021102,0.024479,0.028983,0.034612,0.041466,0.049916,0.060605,0.075171,0.093187,0.11069,0.12607,0.13775,0.14481,0.14696,0.14405,0.13673,0.12617,0.11385,0.10148,0.090605,0.081888,0.075034,0.069686,0.065392,0.061438,0.057335,0.053062
0.094442,0.10789,0.11923,0.12944,0.1401,0.15256,0.16831,0.18728,0.20813,0.23116,0.25412,0.27379,0.28774,0.29495,0.2947,0.28747,0.27562,0.26125,0.24532,0.22997,0.21425,0.19842,0.18282,0.16714,0.15176,0.13672,0.12333,0.1125,0.10214,0.092074,0.08222,0.072586,0.063477,0.056527,0.051532,0.047798,0.044562,0.041696,0.039017,0.036637,0.034357,0.031758,0.029167,0.02635,0.023452,0.020992,0.019011,0.017464,0.016199,0.015221,0.014724,0.0149,0.015619,0.017024,0.019071,0.021497,0.024343,0.026822,0.029042,0.030132,0.030209,0.030032,0.02901,0.027412,0.025555,0.023402,0.021357,0.019501,0.018145,0.017355,0.01711,0.017828,0.01937,0.021839,0.025251,0.029915,0.035615,0.042311,0.050352,0.060311,0.073721,0.091256,0.10876,0.12473,0.13772,0.147,0.15191,0.15221,0.14825,0.14109,0.13202,0.12257,0.11391,0.10664,0.10049,0.095395,0.09083,0.085895,0.079827,0.072663
0.072392,0.082029,0.09086,0.099098,0.10775,0.11776,0.13056,0.14557,0.16191,0.18013,0.19877,0.21519,0.22766,0.23555,0.23898,0.23813,0.23408,0.22824,0.22117,0.21428,0.20757,0.20115,0.1954,0.18902,0.18188,0.17364,0.1651,0.15675,0.1476,0.1377,0.12725,0.11629,0.10522,0.095799,0.087757,0.080631,0.074219,0.068496,0.063401,0.058905,0.05497,0.051107,0.04735,0.043549,0.039799,0.036685,0.034197,0.032334,0.030944,0.02993,0.02949,0.029857,0.030807,0.032403,0.03469,0.037318,0.040166,0.042154,0.043105,0.042236,0.040087,0.038145,0.035829,0.033251,0.030401,0.027357,0.024523,0.022086,0.020293,0.019378,0.019267,0.020047,0.021545,0.023529,0.026239,0.029593,0.033638,0.038303,0.043881,0.050705,0.060021,0.072857,0.086099,0.098701,0.10954,0.11837,0.12462,0.12781,0.12841,0.12683,0.12366,0.11988,0.11589,0.11211,0.10854,0.10509,0.10131,0.096103,0.088744,0.080076
0.060143,0.068338,0.076324,0.08369,0.090942,0.09853,0.10754,0.11768,0.1282,0.13969,0.15094,0.16034,0.16697,0.17082,0.17242,0.17186,0.16996,0.16755,0.16494,0.16272,0.16132,0.16067,0.16187,0.16368,0.16565,0.16706,0.16765,0.16725,0.16561,0.16276,0.15851,0.15309,0.14685,0.14098,0.13532,0.12922,0.12244,0.11494,0.10716,0.099512,0.092221,0.085421,0.079108,0.0728,0.066813,0.061688,0.057202,0.053605,0.05082,0.048583,0.046968,0.045903,0.045333,0.044994,0.045307,0.04585,0.046246,0.045882,0.044867,0.042881,0.040543,0.039262,0.03781,0.036221,0.034671,0.033057,0.031781,0.030904,0.030517,0.030513,0.030747,0.031422,0.032524,0.033825,0.035596,0.037771,0.040166,0.042724,0.04586,0.049852,0.055659,0.064411,0.074449,0.084765,0.094407,0.10375,0.11187,0.11789,0.12168,0.12366,0.12413,0.12361,0.12216,0.12012,0.11766,0.115,0.11172,0.10691,0.1,0.091442
0.062503,0.069897,0.076818,0.08261,0.087521,0.091893,0.096566,0.10136,0.10592,0.11054,0.11476,0.11767,0.11909,0.11926,0.11897,0.1185,0.11822,0.11855,0.11942,0.12094,0.12358,0.12721,0.1331,0.13929,0.14509,0.15016,0.1541,0.15688,0.15847,0.15908,0.15864,0.15727,0.15488,0.15221,0.14937,0.14602,0.14188,0.13721,0.13268,0.12828,0.12397,0.11951,0.11497,0.10956,0.10366,0.098155,0.092772,0.087621,0.082956,0.078692,0.075089,0.071918,0.069082,0.066375,0.064353,0.062671,0.060881,0.058392,0.055359,0.051781,0.048833,0.047926,0.04777,0.048168,0.048977,0.049775,0.050592,0.051213,0.051551,0.051523,0.050818,0.049728,0.048458,0.047046,0.045839,0.044911,0.044516,0.044578,0.045333,0.047035,0.05038,0.055692,0.062152,0.069673,0.077802,0.086843,0.095771,0.10353,0.10986,0.11454,0.11781,0.12001,0.12106,0.121,0.11991,0.11816,0.11539,0.11076,0.10373,0.095412
0.080218,0.088871,0.095089,0.098427,0.099386,0.098709,0.09693,0.094372,0.091047,0.087462,0.084004,0.080855,0.077897,0.075456,0.074008,0.0735,0.073897,0.075187,0.077306,0.080157,0.084126,0.089267,0.096349,0.1039,0.11179,0.11925,0.12578,0.13125,0.13577,0.13929,0.14204,0.14421,0.14573,0.14682,0.14777,0.14837,0.14875,0.14882,0.14895,0.14925,0.14944,0.14917,0.14847,0.14648,0.14343,0.13993,0.1357,0.13106,0.12608,0.12083,0.11563,0.11008,0.10452,0.098967,0.094186,0.08994,0.085731,0.08118,0.076408,0.071667,0.067968,0.066896,0.067378,0.069424,0.072227,0.07479,0.076911,0.078216,0.078138,0.0771,0.075093,0.072675,0.070136,0.067548,0.06526,0.063494,0.062172,0.061267,0.061143,0.06171,0.063257,0.065958,0.069455,0.073508,0.077931,0.083301,0.089236,0.09498,0.10025,0.10476,0.10883,0.11226,0.11463,0.11588,0.11599,0.11521,0.11326,0.10933,0.10307,0.095432
0.14674,0.16361,0.1743,0.17831,0.17672,0.17146,0.16383,0.15459,0.14426,0.13363,0.12278,0.11186,0.10181,0.092951,0.085253,0.079677,0.07514,0.071216,0.067899,0.065026,0.062789,0.061715,0.062577,0.065572,0.071152,0.078854,0.088251,0.09857,0.10948,0.12005,0.13005,0.13986,0.14965,0.15935,0.16747,0.17359,0.17701,0.17772,0.17636,0.17288,0.16819,0.16267,0.15721,0.15172,0.14616,0.14024,0.13399,0.12705,0.1193,0.11108,0.10279,0.094695,0.087893,0.082232,0.078065,0.076174,0.076216,0.076554,0.076968,0.077811,0.078881,0.08006,0.08092,0.080948,0.08016,0.079096,0.077941,0.076868,0.076378,0.076451,0.077213,0.078536,0.080318,0.08209,0.083054,0.082764,0.081382,0.079036,0.076136,0.072933,0.069862,0.067403,0.065389,0.063484,0.061624,0.059745,0.057663,0.055695,0.054295,0.053809,0.054319,0.055627,0.057367,0.05939,0.060925,0.061709,0.061582,0.060179,0.057605,0.055828
0.22357,0.25685,0.27501,0.2795,0.27373,0.26139,0.24495,0.22611,0.20638,0.18758,0.17057,0.15487,0.14059,0.12835,0.11749,0.10879,0.1008,0.09313,0.08575,0.078435,0.071076,0.064421,0.059039,0.055835,0.054721,0.055398,0.057576,0.060912,0.065191,0.070154,0.075655,0.082241,0.090352,0.1004,0.11075,0.12057,0.12885,0.13541,0.14035,0.14342,0.14508,0.14597,0.14648,0.14603,0.14409,0.14023,0.13464,0.12695,0.11727,0.10616,0.094244,0.082154,0.071357,0.062203,0.055049,0.050722,0.048358,0.047094,0.046989,0.047688,0.048902,0.050649,0.052229,0.053405,0.05414,0.05478,0.055343,0.055832,0.056299,0.056656,0.057284,0.058018,0.058798,0.059298,0.059357,0.058967,0.05825,0.057079,0.055604,0.054124,0.053654,0.054192,0.055063,0.056141,0.057182,0.058138,0.05827,0.057558,0.056404,0.055257,0.054365,0.053521,0.052773,0.052589,0.052276,0.051595,0.050403,0.048357,0.045638,0.044037
0.25289,0.29544,0.31971,0.32743,0.3226,0.30926,0.29003,0.26675,0.24134,0.21655,0.1952,0.17815,0.16422,0.15282,0.14283,0.13487,0.12737,0.11962,0.11153,0.10271,0.093009,0.08299,0.073319,0.065013,0.057978,0.052635,0.048968,0.046836,0.046104,0.046564,0.048681,0.052694,0.058475,0.06612,0.074426,0.082849,0.090557,0.09748,0.10394,0.1095,0.11431,0.11862,0.12257,0.12591,0.12746,0.12638,0.12286,0.11683,0.10847,0.098785,0.088434,0.078096,0.068879,0.061382,0.056034,0.052914,0.051233,0.050225,0.049782,0.049873,0.05027,0.051012,0.051606,0.051552,0.050989,0.050158,0.049272,0.048236,0.047429,0.047015,0.047242,0.047883,0.048853,0.049622,0.049664,0.048928,0.047932,0.04678,0.045713,0.045067,0.045597,0.047195,0.0494,0.051963,0.054666,0.057394,0.059732,0.061035,0.061463,0.061146,0.06013,0.058382,0.056312,0.054739,0.053117,0.051481,0.049451,0.046854,0.043816,0.041772
0.24016,0.28298,0.30922,0.32032,0.3203,0.31316,0.30109,0.28531,0.26694,0.24776,0.22866,0.21141,0.19745,0.18754,0.18009,0.17457,0.1693,0.16279,0.15444,0.14408,0.13167,0.11775,0.10293,0.088682,0.075141,0.063356,0.053761,0.046526,0.041497,0.038719,0.038218,0.03934,0.041972,0.045874,0.050365,0.05499,0.059671,0.064481,0.069608,0.0748,0.08015,0.085632,0.091158,0.0966,0.10049,0.10225,0.10184,0.099186,0.094365,0.088342,0.081323,0.073589,0.066317,0.060257,0.055407,0.051777,0.049127,0.047042,0.045446,0.044122,0.04297,0.042223,0.04137,0.040057,0.038545,0.036957,0.035319,0.03364,0.032284,0.03117,0.03035,0.029989,0.030122,0.030592,0.031078,0.031473,0.031929,0.032667,0.033944,0.036063,0.039782,0.044521,0.04963,0.055005,0.060341,0.065493,0.069993,0.073123,0.074635,0.074405,0.07252,0.069216,0.065247,0.061751,0.058426,0.055504,0.052622,0.049541,0.046265,0.043925
0.1824,0.21396,0.23507,0.24648,0.25143,0.2532,0.25297,0.25146,0.24932,0.2469,0.24448,0.24202,0.2386,0.23451,0.23014,0.22634,0.22187,0.21572,0.20702,0.19541,0.18064,0.16331,0.14393,0.12417,0.10439,0.086232,0.070409,0.057315,0.046983,0.039702,0.035521,0.033796,0.033846,0.034998,0.036652,0.038506,0.040514,0.042914,0.045902,0.04918,0.05261,0.05605,0.059634,0.06345,0.066282,0.067736,0.067877,0.066768,0.064443,0.061379,0.057754,0.053926,0.050364,0.047622,0.045922,0.045001,0.044413,0.043651,0.04276,0.041497,0.040008,0.038809,0.037207,0.035018,0.03282,0.030486,0.028194,0.025777,0.023628,0.022021,0.021283,0.021442,0.022261,0.02339,0.024478,0.025398,0.026439,0.027777,0.029562,0.032262,0.036593,0.042555,0.049591,0.057634,0.066594,0.076253,0.086142,0.094595,0.10087,0.10438,0.10479,0.1026,0.098554,0.094419,0.09014,0.086252,0.082293,0.077865,0.072466,0.066097
0.12658,0.14649,0.16035,0.16905,0.17526,0.18149,0.18833,0.19607,0.20506,0.21524,0.22668,0.23804,0.24776,0.25524,0.26004,0.2626,0.26279,0.25983,0.25348,0.24385,0.23127,0.21586,0.19767,0.17789,0.15659,0.13508,0.11445,0.095633,0.079285,0.066457,0.057586,0.051771,0.047996,0.045137,0.042799,0.040788,0.039031,0.037693,0.036996,0.036454,0.036167,0.035954,0.035986,0.036595,0.037051,0.037214,0.037067,0.036641,0.035983,0.035437,0.034838,0.034259,0.034005,0.034559,0.035766,0.037157,0.038317,0.038865,0.03881,0.037725,0.03575,0.033733,0.031016,0.027565,0.024242,0.020985,0.01808,0.015693,0.013914,0.012898,0.012758,0.013539,0.014848,0.016436,0.018243,0.020194,0.022399,0.024962,0.027873,0.031434,0.036509,0.04324,0.051445,0.061269,0.072607,0.085558,0.099939,0.11359,0.12543,0.13422,0.13958,0.14161,0.1406,0.13816,0.13459,0.13036,0.12506,0.11785,0.10761,0.094025
0.08125,0.091845,0.099803,0.1054,0.11039,0.1169,0.12552,0.1368,0.15105,0.16823,0.18766,0.20731,0.22562,0.24175,0.25479,0.26469,0.2711,0.27336,0.27129,0.26499,0.25481,0.24167,0.22572,0.20782,0.1882,0.16814,0.14883,0.13061,0.11396,0.10062,0.091267,0.084395,0.07882,0.073325,0.067758,0.062031,0.056139,0.050299,0.044889,0.039744,0.034841,0.030655,0.027128,0.024575,0.022969,0.021929,0.021296,0.021119,0.021433,0.022104,0.022999,0.024288,0.026082,0.028488,0.031397,0.034175,0.036282,0.037298,0.037355,0.03611,0.033888,0.03135,0.028034,0.024048,0.02024,0.01667,0.013617,0.011089,0.0096599,0.0091259,0.0096009,0.010746,0.012251,0.014023,0.015953,0.018151,0.020638,0.023597,0.027007,0.030806,0.035737,0.042106,0.049807,0.058983,0.070021,0.083037,0.098694,0.1147,0.12995,0.14315,0.15342,0.16008,0.16326,0.16402,0.16302,0.16059,0.15602,0.14804,0.13512,0.11696
0.052351,0.057259,0.06136,0.064361,0.067259,0.071554,0.077843,0.086841,0.099128,0.11493,0.13417,0.1549,0.17521,0.19409,0.21032,0.22393,0.23455,0.24175,0.24533,0.24544,0.24228,0.23616,0.22698,0.21497,0.2009,0.18569,0.17107,0.15769,0.14553,0.13594,0.12947,0.12437,0.11931,0.11304,0.1056,0.097259,0.088116,0.078515,0.068736,0.058916,0.049269,0.040863,0.03339,0.027406,0.02329,0.020586,0.01926,0.018815,0.019213,0.020173,0.021551,0.02337,0.025552,0.028157,0.031049,0.033751,0.035848,0.03688,0.036849,0.035449,0.033164,0.030596,0.027269,0.023423,0.020007,0.017056,0.014609,0.012843,0.012049,0.012236,0.013362,0.015328,0.017775,0.020348,0.022962,0.025602,0.028194,0.030772,0.033356,0.036174,0.040003,0.045364,0.052029,0.05996,0.069652,0.081289,0.097143,0.11514,0.13416,0.15269,0.16893,0.18157,0.1901,0.19551,0.19834,0.19868,0.19539,0.18687,0.17105,0.14759
0.039315,0.041656,0.0437,0.045022,0.046103,0.047832,0.050607,0.054962,0.06167,0.071616,0.085698,0.10285,0.12107,0.1395,0.15687,0.17309,0.18741,0.19931,0.20853,0.21496,0.21854,0.21967,0.21835,0.21483,0.2096,0.20263,0.19531,0.18804,0.18161,0.1774,0.1763,0.1758,0.17403,0.16972,0.16286,0.15417,0.14338,0.1311,0.11762,0.10302,0.087672,0.073446,0.060065,0.048422,0.039258,0.032185,0.027293,0.024411,0.022943,0.022504,0.022864,0.023746,0.025159,0.026778,0.02848,0.029722,0.030396,0.030189,0.02925,0.027208,0.024621,0.022149,0.019552,0.016912,0.014891,0.013358,0.012614,0.01266,0.013565,0.015275,0.017818,0.020827,0.023886,0.026716,0.029047,0.031037,0.032618,0.033803,0.034688,0.035575,0.037278,0.040602,0.045303,0.051346,0.059297,0.069376,0.083999,0.10152,0.12159,0.14291,0.16298,0.18018,0.19364,0.20361,0.21052,0.21423,0.21342,0.20617,0.1901,0.16465
0.037964,0.040453,0.042562,0.043715,0.04425,0.044792,0.045601,0.047056,0.049619,0.053786,0.060684,0.070732,0.083706,0.098407,0.11357,0.12887,0.14342,0.15631,0.16719,0.17583,0.18231,0.18679,0.18977,0.19133,0.19265,0.19395,0.19596,0.19858,0.20149,0.20455,0.20897,0.2128,0.21465,0.21363,0.21007,0.20408,0.19508,0.18335,0.16904,0.15201,0.13285,0.11381,0.094884,0.077529,0.062789,0.050929,0.041897,0.035548,0.03136,0.028747,0.027205,0.026381,0.026107,0.025861,0.025743,0.02538,0.024857,0.024056,0.022933,0.021282,0.019648,0.018249,0.017052,0.016315,0.016049,0.016345,0.017264,0.019124,0.021889,0.025036,0.028491,0.031846,0.034822,0.037317,0.03922,0.040409,0.040615,0.039763,0.037989,0.035646,0.033704,0.033034,0.033488,0.035491,0.039565,0.04605,0.057339,0.07251,0.091948,0.11468,0.13836,0.16081,0.17989,0.19509,0.20642,0.21378,0.21555,0.2096,0.19352,0.1667
0.04556,0.048346,0.050235,0.050918,0.050691,0.049891,0.048766,0.047728,0.047135,0.047148,0.048376,0.05142,0.057225,0.065531,0.075818,0.087915,0.10091,0.11358,0.12557,0.13643,0.14584,0.15384,0.1614,0.16805,0.17537,0.18425,0.19447,0.20664,0.22,0.2333,0.24802,0.26042,0.26814,0.2699,0.26637,0.25883,0.24763,0.23378,0.21812,0.20064,0.18082,0.16001,0.13823,0.11727,0.098236,0.081621,0.067784,0.056409,0.04739,0.040663,0.03568,0.031708,0.028944,0.026606,0.024577,0.022361,0.020364,0.018531,0.016707,0.014895,0.013489,0.012519,0.012153,0.01265,0.013923,0.01608,0.01931,0.023639,0.028747,0.034085,0.039416,0.044386,0.048531,0.051581,0.05337,0.053654,0.052123,0.048656,0.04331,0.036842,0.030566,0.025595,0.021984,0.02041,0.021072,0.023924,0.030786,0.04127,0.056193,0.07495,0.095711,0.11666,0.13559,0.15156,0.16413,0.17294,0.17655,0.1732,0.16083,0.13877
0.072677,0.079706,0.083327,0.083972,0.082229,0.078579,0.073535,0.067698,0.061559,0.055735,0.050657,0.046888,0.045527,0.045622,0.047605,0.051759,0.057926,0.065048,0.072986,0.081399,0.090077,0.099157,0.10966,0.12079,0.13421,0.15014,0.16746,0.18661,0.20799,0.2309,0.25707,0.28237,0.30349,0.31831,0.32602,0.32666,0.32003,0.3064,0.28753,0.26533,0.2411,0.21578,0.18928,0.16363,0.13993,0.11867,0.10002,0.083261,0.068884,0.057071,0.047798,0.040528,0.035214,0.031009,0.027603,0.024339,0.021512,0.019188,0.017219,0.015785,0.015309,0.015618,0.016795,0.018929,0.021856,0.025793,0.030678,0.036606,0.04292,0.049208,0.055259,0.060532,0.064379,0.066425,0.066714,0.065008,0.060872,0.054376,0.045808,0.036413,0.027552,0.020437,0.015419,0.01248,0.011369,0.011623,0.013996,0.018941,0.027055,0.038411,0.052453,0.06785,0.082697,0.095868,0.10672,0.11494,0.1195,0.11913,0.1125,0.099089
0.11016,0.12556,0.13453,0.13767,0.13635,0.13162,0.12414,0.11442,0.10285,0.08997,0.076642,0.063947,0.054477,0.047195,0.042382,0.039564,0.039263,0.040669,0.043527,0.047657,0.053153,0.060543,0.070906,0.083626,0.1001,0.12012,0.14172,0.16526,0.18963,0.21433,0.2415,0.2683,0.29248,0.31193,0.32498,0.3307,0.32804,0.31686,0.29877,0.27523,0.24906,0.22256,0.19618,0.17194,0.15028,0.13078,0.11351,0.097289,0.082519,0.069661,0.058628,0.049082,0.041809,0.035627,0.030468,0.026017,0.02259,0.020308,0.01897,0.018759,0.019574,0.021155,0.023703,0.027296,0.031693,0.03692,0.042942,0.049525,0.056308,0.063073,0.069508,0.075047,0.078739,0.080557,0.08057,0.078493,0.073596,0.065978,0.055935,0.044758,0.033926,0.024843,0.017947,0.013374,0.010456,0.0085843,0.0078912,0.0087356,0.011467,0.015926,0.022482,0.030485,0.038537,0.04611,0.052719,0.058119,0.061834,0.063265,0.06193,0.057509
0.14711,0.16841,0.18174,0.18768,0.18808,0.18438,0.17739,0.16736,0.15435,0.13852,0.12003,0.099967,0.081903,0.065727,0.052834,0.043372,0.037433,0.033861,0.032422,0.032773,0.034682,0.038334,0.04449,0.052996,0.065812,0.083132,0.10302,0.1258,0.1499,0.1739,0.19876,0.22274,0.24479,0.2644,0.28002,0.28996,0.2928,0.28796,0.2763,0.25937,0.23915,0.21677,0.19403,0.17261,0.1532,0.13511,0.11854,0.10241,0.087196,0.073319,0.060941,0.050073,0.041902,0.035532,0.030616,0.02686,0.024494,0.023297,0.023102,0.024302,0.026751,0.03039,0.035028,0.040575,0.047061,0.054499,0.062697,0.070825,0.078596,0.08527,0.090439,0.093329,0.093131,0.090492,0.086284,0.080741,0.073263,0.064293,0.054331,0.04444,0.034964,0.026937,0.020624,0.016084,0.012688,0.009967,0.0078285,0.0068064,0.0068287,0.0080286,0.01055,0.014602,0.019368,0.024153,0.028675,0.032751,0.036054,0.038373,0.039513,0.039334
0.19763,0.22483,0.24211,0.25047,0.25225,0.24929,0.24269,0.23272,0.21933,0.20251,0.18215,0.15906,0.13627,0.11323,0.092023,0.073529,0.059539,0.049386,0.042248,0.03745,0.034938,0.034767,0.036812,0.040749,0.047509,0.057555,0.070628,0.087462,0.10653,0.12603,0.1462,0.16569,0.18343,0.19942,0.21239,0.22125,0.22509,0.22404,0.21865,0.20981,0.19768,0.1831,0.16737,0.15164,0.13663,0.12164,0.10718,0.092564,0.07834,0.065229,0.053499,0.043571,0.036606,0.031783,0.028483,0.026457,0.025722,0.02586,0.027005,0.029754,0.033839,0.039481,0.046195,0.053679,0.061834,0.070549,0.079646,0.087979,0.095136,0.10038,0.10317,0.10294,0.098979,0.092919,0.085771,0.078055,0.069409,0.060523,0.051986,0.044228,0.037246,0.03125,0.026407,0.022606,0.019064,0.015584,0.011991,0.0091789,0.0071805,0.0059378,0.0058072,0.007019,0.0091826,0.011748,0.014298,0.016735,0.01901,0.021035,0.023083,0.025351
0.23107,0.2658,0.28829,0.30044,0.30545,0.3056,0.30186,0.29405,0.28178,0.26501,0.24341,0.21842,0.19354,0.16809,0.14306,0.11877,0.096891,0.078561,0.063666,0.052254,0.044513,0.040055,0.037867,0.037457,0.039013,0.042717,0.048049,0.056187,0.066559,0.07793,0.090395,0.10349,0.11642,0.12912,0.1406,0.14979,0.15581,0.15866,0.15838,0.15481,0.14796,0.13834,0.12681,0.11486,0.10356,0.092108,0.081062,0.070159,0.059772,0.05043,0.042291,0.035567,0.030847,0.027783,0.025904,0.025417,0.026246,0.028097,0.031003,0.035445,0.041553,0.049944,0.059107,0.068579,0.078055,0.087401,0.096307,0.10344,0.1087,0.11126,0.11065,0.10658,0.098677,0.090067,0.081615,0.073792,0.066593,0.059831,0.053584,0.048031,0.043198,0.03917,0.036368,0.034385,0.032268,0.029842,0.026523,0.022894,0.019051,0.01537,0.012577,0.011326,0.011017,0.011349,0.011984,0.012812,0.013817,0.015011,0.016543,0.019247
0.23165,0.26739,0.2921,0.30766,0.31742,0.32383,0.32777,0.32867,0.32551,0.31721,0.30284,0.28261,0.25931,0.23248,0.20438,0.17671,0.15072,0.12758,0.10641,0.087758,0.073003,0.062295,0.054032,0.048069,0.043944,0.041702,0.04127,0.043212,0.047262,0.052487,0.058897,0.066322,0.074297,0.082836,0.091681,0.099217,0.10458,0.10764,0.10831,0.10623,0.10132,0.094515,0.086412,0.07793,0.069988,0.06219,0.05488,0.04796,0.04163,0.036045,0.031327,0.027611,0.025351,0.024312,0.024079,0.024977,0.027026,0.030103,0.034241,0.040002,0.047804,0.058049,0.06921,0.080337,0.090737,0.099716,0.10712,0.11171,0.11333,0.11168,0.10686,0.098924,0.087616,0.076821,0.067008,0.058558,0.051821,0.046511,0.042305,0.03944,0.037903,0.037284,0.037656,0.038265,0.03884,0.039016,0.038141,0.036312,0.033322,0.029471,0.02554,0.022903,0.021314,0.020479,0.020038,0.020105,0.020524,0.021217,0.02232,0.024384
0.18681,0.21484,0.2357,0.25048,0.26213,0.27326,0.28508,0.29752,0.30961,0.31949,0.32501,0.32424,0.31725,0.30263,0.28094,0.2546,0.22677,0.2003,0.17451,0.15027,0.12867,0.10987,0.092486,0.076938,0.063294,0.052359,0.044468,0.039836,0.038212,0.038419,0.039658,0.041717,0.044462,0.047574,0.051078,0.054257,0.056806,0.058535,0.059285,0.058654,0.05649,0.0531,0.048918,0.044481,0.040393,0.036549,0.033049,0.029968,0.027189,0.024885,0.023167,0.022095,0.021813,0.022316,0.023314,0.025336,0.028095,0.031634,0.036268,0.041986,0.04955,0.059482,0.069883,0.079772,0.088338,0.094745,0.098884,0.10004,0.098437,0.093996,0.087056,0.07795,0.067109,0.057912,0.050401,0.044468,0.040242,0.037444,0.035787,0.035484,0.03658,0.03891,0.042573,0.046802,0.051137,0.055505,0.058891,0.061078,0.061519,0.059768,0.056714,0.053763,0.050878,0.048165,0.045814,0.044014,0.042745,0.041745,0.040801,0.040166
0.143,0.16744,0.18598,0.1993,0.20984,0.22,0.23096,0.24326,0.25658,0.27048,0.28465,0.29685,0.30476,0.30546,0.29759,0.28211,0.26198,0.24102,0.21933,0.19765,0.17711,0.1576,0.13807,0.11929,0.10134,0.084991,0.071044,0.060048,0.053252,0.049135,0.046594,0.045113,0.044247,0.04354,0.04305,0.042244,0.041394,0.040433,0.03914,0.037227,0.034336,0.030866,0.027259,0.024159,0.021741,0.019946,0.018592,0.017594,0.016944,0.016602,0.016477,0.016672,0.017227,0.018476,0.020266,0.023047,0.026669,0.031268,0.03687,0.043061,0.050454,0.059371,0.06812,0.075831,0.081818,0.085678,0.087416,0.086775,0.084097,0.079432,0.073001,0.065131,0.055841,0.048135,0.041826,0.036538,0.032894,0.031009,0.030942,0.032501,0.035958,0.041005,0.04764,0.054738,0.062359,0.070238,0.077582,0.08356,0.087529,0.088688,0.087712,0.085507,0.082294,0.078651,0.074961,0.071784,0.069251,0.06693,0.064152,0.06034
0.096648,0.11231,0.125,0.13512,0.14424,0.154,0.16522,0.17825,0.19282,0.20804,0.22431,0.24158,0.25821,0.27158,0.27952,0.28058,0.27569,0.26685,0.25469,0.24086,0.22583,0.20984,0.19274,0.17536,0.15793,0.14092,0.12491,0.11016,0.098209,0.088087,0.079072,0.071043,0.063817,0.057166,0.0511,0.045295,0.040082,0.035385,0.031201,0.027494,0.023879,0.020826,0.018439,0.016774,0.015591,0.014734,0.014275,0.0143,0.014637,0.015046,0.015535,0.016146,0.017075,0.018641,0.020711,0.023574,0.027197,0.031427,0.03601,0.040645,0.045786,0.051416,0.05663,0.060787,0.063483,0.064547,0.063989,0.061859,0.058512,0.053921,0.048279,0.041729,0.034529,0.0287,0.024125,0.020437,0.018078,0.017175,0.017994,0.020737,0.026123,0.033469,0.042623,0.052643,0.063529,0.075591,0.087909,0.099382,0.10868,0.11492,0.11899,0.12105,0.12148,0.12126,0.12058,0.11952,0.11772,0.1142,0.10755,0.096868
0.06124,0.069306,0.076634,0.083648,0.091312,0.10067,0.11212,0.1257,0.14099,0.15736,0.17474,0.19229,0.20866,0.22389,0.23826,0.24937,0.25615,0.25813,0.25489,0.24787,0.2378,0.22556,0.212,0.19815,0.18468,0.1714,0.15835,0.14551,0.13415,0.12338,0.11256,0.10172,0.090844,0.080027,0.069981,0.060622,0.052273,0.044623,0.037645,0.031784,0.026527,0.022083,0.018789,0.016615,0.015108,0.014108,0.013656,0.013787,0.014364,0.015164,0.016225,0.017491,0.01886,0.020714,0.023003,0.025833,0.029081,0.032486,0.035822,0.038771,0.041722,0.044791,0.047084,0.04839,0.048506,0.047434,0.045313,0.042326,0.038828,0.034961,0.030922,0.0267,0.022504,0.019395,0.017284,0.015818,0.015341,0.015837,0.017405,0.020665,0.026246,0.034175,0.044652,0.057023,0.071225,0.08796,0.10572,0.12299,0.13845,0.15094,0.16127,0.1686,0.17345,0.1765,0.1778,0.17748,0.17505,0.1689,0.15696,0.13843
0.035462,0.037252,0.03984,0.042975,0.047059,0.052748,0.060591,0.070785,0.083139,0.097071,0.11249,0.1288,0.14516,0.16118,0.17803,0.19419,0.20981,0.22424,0.2357,0.24376,0.24729,0.24647,0.24211,0.23484,0.22573,0.21528,0.20439,0.19315,0.18222,0.17086,0.1585,0.14542,0.13166,0.11744,0.10359,0.090194,0.077942,0.066739,0.056714,0.048487,0.041244,0.034684,0.029242,0.025227,0.022354,0.020345,0.019241,0.018787,0.018726,0.018788,0.018869,0.019053,0.019164,0.019461,0.020036,0.020827,0.021966,0.023207,0.024446,0.025449,0.026499,0.027663,0.028454,0.028716,0.028439,0.027602,0.02615,0.024281,0.022313,0.020451,0.018833,0.0174,0.016186,0.015697,0.015919,0.016405,0.017258,0.01871,0.020945,0.024435,0.02968,0.037004,0.046488,0.058166,0.072189,0.09013,0.11035,0.13136,0.15224,0.17137,0.18941,0.20429,0.21579,0.2245,0.23034,0.23309,0.23173,0.22414,0.20778,0.18203
0.026201,0.025305,0.025634,0.026644,0.028344,0.030956,0.034702,0.039792,0.046355,0.054483,0.064453,0.075991,0.088714,0.10261,0.11917,0.13641,0.15393,0.17069,0.18627,0.20066,0.21315,0.22361,0.2319,0.23676,0.23852,0.23732,0.23387,0.22807,0.22067,0.21147,0.20055,0.18836,0.17525,0.16145,0.148,0.13513,0.12269,0.11064,0.099268,0.089252,0.079515,0.069888,0.060816,0.052435,0.045038,0.039072,0.03506,0.032598,0.030922,0.029687,0.028624,0.027535,0.026298,0.025006,0.023951,0.023071,0.022158,0.021299,0.020427,0.019358,0.018365,0.017921,0.017707,0.01745,0.017171,0.016795,0.016304,0.015808,0.015512,0.015522,0.015764,0.016213,0.016842,0.017704,0.018864,0.020056,0.021333,0.022803,0.024542,0.026791,0.030016,0.034239,0.040132,0.048401,0.059314,0.07506,0.094566,0.11646,0.1396,0.16254,0.18573,0.20628,0.22335,0.23689,0.24655,0.25197,0.252,0.24455,0.2272,0.19956
0.022366,0.020098,0.019155,0.018671,0.018503,0.018816,0.019683,0.021341,0.023839,0.027269,0.032002,0.038315,0.046194,0.055998,0.069369,0.084473,0.10066,0.11686,0.13242,0.14736,0.16154,0.17568,0.19053,0.20363,0.21475,0.22307,0.22877,0.23154,0.23115,0.22787,0.2219,0.2145,0.20576,0.19586,0.18621,0.17741,0.16907,0.1602,0.151,0.14166,0.13108,0.11908,0.10653,0.094114,0.082453,0.071795,0.063663,0.057444,0.052459,0.048104,0.044007,0.03986,0.035527,0.031039,0.026964,0.023147,0.019585,0.016538,0.014037,0.011963,0.010628,0.010052,0.0099995,0.010282,0.010893,0.011469,0.012087,0.012871,0.014039,0.015646,0.017549,0.019732,0.022087,0.0244,0.026291,0.027585,0.028372,0.028785,0.029018,0.029368,0.030287,0.032112,0.0355,0.041203,0.049634,0.063158,0.081333,0.10335,0.12831,0.15435,0.18182,0.20705,0.22867,0.24616,0.25884,0.26616,0.26703,0.25912,0.23956,0.20753
0.026873,0.025097,0.02417,0.023277,0.022281,0.021424,0.020729,0.020377,0.020415,0.021001,0.022251,0.024281,0.027351,0.031808,0.038783,0.04738,0.057678,0.069294,0.081999,0.09582,0.11069,0.12702,0.14591,0.16396,0.18108,0.19662,0.21071,0.22236,0.23096,0.23732,0.2413,0.24403,0.24519,0.24368,0.23991,0.23441,0.22726,0.21878,0.20924,0.19921,0.18763,0.17389,0.1588,0.14297,0.12718,0.11181,0.099019,0.088303,0.079013,0.071011,0.063481,0.056217,0.048916,0.041504,0.03495,0.029289,0.02408,0.019827,0.016523,0.013897,0.012105,0.011234,0.011144,0.011732,0.012918,0.014274,0.015773,0.017848,0.020623,0.023951,0.027343,0.030963,0.034265,0.036367,0.037105,0.036651,0.035366,0.033401,0.031147,0.028753,0.026802,0.025832,0.026641,0.029885,0.036033,0.045689,0.059023,0.07648,0.097561,0.12042,0.14501,0.1683,0.1889,0.206,0.21887,0.22675,0.22858,0.2223,0.20556,0.17766
0.042675,0.041899,0.040144,0.037431,0.034081,0.030651,0.027493,0.024835,0.022727,0.021207,0.020342,0.019999,0.020372,0.021588,0.024197,0.027977,0.03292,0.038759,0.045906,0.055053,0.067078,0.082701,0.10315,0.12427,0.14569,0.16647,0.1858,0.20302,0.21808,0.23207,0.24455,0.25668,0.26887,0.27983,0.28751,0.29116,0.28981,0.28272,0.27019,0.25364,0.23451,0.21438,0.19466,0.17517,0.15578,0.13664,0.11979,0.10487,0.091375,0.079777,0.068982,0.058923,0.049352,0.040148,0.032377,0.025954,0.020252,0.015869,0.012901,0.011206,0.01063,0.010896,0.012125,0.014415,0.017859,0.021722,0.025831,0.030782,0.036526,0.04238,0.047433,0.051515,0.054054,0.054609,0.05319,0.0503,0.046684,0.042218,0.037212,0.032147,0.027479,0.023733,0.021289,0.020931,0.023287,0.028959,0.038247,0.051428,0.068366,0.087661,0.10924,0.13024,0.14914,0.16504,0.17717,0.18481,0.18689,0.18183,0.16765,0.14417
0.067062,0.069943,0.06932,0.065532,0.059693,0.053098,0.046604,0.040957,0.036152,0.03204,0.028719,0.026067,0.024036,0.0226,0.021849,0.021819,0.022925,0.024763,0.027629,0.031951,0.038646,0.049258,0.065852,0.085549,0.10712,0.1292,0.15043,0.16984,0.18733,0.20422,0.2201,0.23615,0.25333,0.27217,0.29008,0.30476,0.31417,0.31665,0.31168,0.29971,0.28166,0.2591,0.23572,0.21317,0.19149,0.17004,0.15039,0.13225,0.11523,0.10052,0.086272,0.072517,0.059112,0.046197,0.035454,0.027236,0.020798,0.016346,0.014048,0.013209,0.013605,0.01493,0.017465,0.021507,0.026971,0.033062,0.039415,0.046615,0.054204,0.060777,0.065234,0.067533,0.067574,0.065363,0.061224,0.055779,0.050135,0.043894,0.037348,0.030714,0.024518,0.019169,0.015233,0.013367,0.013712,0.016263,0.021544,0.030487,0.043054,0.058451,0.076336,0.094441,0.11118,0.12547,0.13667,0.14406,0.14681,0.14361,0.13287,0.11422
0.10149,0.11207,0.11596,0.11379,0.1075,0.0993,0.090342,0.081999,0.074291,0.067103,0.060378,0.053962,0.047833,0.042076,0.036825,0.032551,0.029497,0.027131,0.025592,0.025172,0.02637,0.030259,0.03842,0.050955,0.068177,0.089028,0.1108,0.13219,0.15289,0.17395,0.1941,0.21363,0.23278,0.25288,0.27228,0.29058,0.30539,0.31371,0.31448,0.30758,0.29345,0.27362,0.25138,0.22863,0.20574,0.18286,0.16126,0.14113,0.1221,0.10561,0.089508,0.073976,0.059182,0.045219,0.034267,0.026614,0.021257,0.018167,0.017542,0.018505,0.020667,0.023976,0.029095,0.03596,0.044283,0.053095,0.061529,0.070352,0.078835,0.085149,0.08801,0.087627,0.084401,0.078869,0.071303,0.062677,0.05453,0.046558,0.039011,0.031808,0.025089,0.019167,0.014437,0.011428,0.010039,0.0097523,0.010961,0.014374,0.020356,0.02861,0.039583,0.051817,0.06367,0.074178,0.082758,0.088921,0.092088,0.091496,0.086238,0.076092
0.13492,0.15215,0.16125,0.16286,0.1594,0.15353,0.14686,0.14064,0.13503,0.12945,0.1233,0.11584,0.10698,0.096773,0.085707,0.074536,0.064232,0.054288,0.045269,0.037909,0.032612,0.029956,0.030489,0.034735,0.043356,0.056748,0.073552,0.091646,0.11059,0.13091,0.15097,0.17049,0.18943,0.20782,0.22398,0.23811,0.25012,0.25879,0.2634,0.26343,0.25857,0.24915,0.23644,0.22102,0.20392,0.18543,0.16599,0.14646,0.12737,0.11073,0.094188,0.077961,0.062655,0.048933,0.038589,0.032096,0.028294,0.026743,0.027503,0.030212,0.034424,0.039865,0.046749,0.055264,0.064648,0.073911,0.081688,0.088829,0.094765,0.097635,0.096574,0.092201,0.085455,0.077293,0.068058,0.058785,0.050943,0.043835,0.037697,0.032026,0.026687,0.02171,0.017368,0.014082,0.011696,0.009798,0.0088525,0.0091873,0.011172,0.014862,0.020634,0.027937,0.03582,0.043338,0.049946,0.055253,0.058738,0.059921,0.058234,0.053655
0.17224,0.19344,0.20592,0.21032,0.20965,0.20695,0.204,0.2018,0.19967,0.19684,0.19251,0.18583,0.17665,0.16511,0.15173,0.13706,0.12212,0.1057,0.088628,0.072215,0.057024,0.044607,0.035322,0.03057,0.029748,0.032824,0.039374,0.049447,0.062141,0.077916,0.095175,0.11335,0.13186,0.15049,0.16725,0.18169,0.19327,0.20164,0.20684,0.20921,0.20851,0.20409,0.19604,0.18457,0.17044,0.1546,0.13819,0.12185,0.10595,0.092083,0.078602,0.065865,0.054634,0.045467,0.039431,0.036407,0.03553,0.036497,0.039289,0.043695,0.049287,0.05607,0.063624,0.07163,0.079365,0.08641,0.091165,0.094515,0.0962,0.095284,0.091345,0.085085,0.077745,0.070415,0.063003,0.056126,0.050519,0.04579,0.041704,0.037839,0.034311,0.030937,0.027994,0.025418,0.022776,0.019526,0.016314,0.013555,0.011521,0.010822,0.011631,0.013979,0.017557,0.021914,0.026122,0.029949,0.03308,0.035293,0.036337,0.036282
0.22114,0.24947,0.26636,0.27306,0.27312,0.27003,0.26553,0.2607,0.2555,0.24953,0.24239,0.23358,0.22367,0.21215,0.19892,0.18444,0.16986,0.15317,0.13482,0.11573,0.095655,0.076038,0.057316,0.042594,0.032893,0.027603,0.026287,0.028676,0.033263,0.0404,0.049677,0.060746,0.073207,0.086762,0.10014,0.11278,0.12408,0.1337,0.14172,0.14824,0.15235,0.15287,0.15024,0.14453,0.13625,0.12579,0.11372,0.10088,0.087826,0.076276,0.065258,0.055446,0.047272,0.04119,0.037655,0.036376,0.037164,0.039736,0.043617,0.048453,0.054158,0.06065,0.066979,0.073059,0.078504,0.083396,0.086138,0.087556,0.087305,0.084705,0.079898,0.073834,0.067474,0.061633,0.055992,0.050787,0.046416,0.042874,0.040176,0.038141,0.037045,0.036132,0.035503,0.034939,0.033808,0.031568,0.028664,0.02541,0.022108,0.019182,0.016826,0.01578,0.015718,0.016369,0.017358,0.018508,0.019708,0.020991,0.022621,0.025352
0.21184,0.23905,0.25759,0.26867,0.27582,0.28231,0.28942,0.29656,0.3022,0.30528,0.30494,0.30066,0.2929,0.28176,0.26798,0.25231,0.23571,0.21602,0.19333,0.16941,0.14351,0.11718,0.090573,0.066651,0.046688,0.032207,0.023979,0.021309,0.020952,0.022899,0.026357,0.031179,0.037162,0.044162,0.051449,0.058586,0.065244,0.071459,0.077183,0.082522,0.086593,0.088259,0.087664,0.084812,0.080087,0.074018,0.067147,0.060116,0.053342,0.047384,0.041799,0.037029,0.033554,0.032206,0.032493,0.034548,0.038423,0.044052,0.050948,0.058578,0.066478,0.07413,0.080723,0.085856,0.089508,0.09167,0.090897,0.087834,0.082761,0.076165,0.068812,0.061311,0.054349,0.048809,0.04409,0.04036,0.037844,0.036461,0.036348,0.037289,0.039613,0.042586,0.045624,0.048066,0.049191,0.048464,0.046176,0.042537,0.037944,0.03314,0.028416,0.024791,0.022784,0.022046,0.021946,0.022082,0.022291,0.022479,0.022889,0.024518
0.19534,0.22234,0.2417,0.25487,0.26557,0.27693,0.2909,0.30714,0.32355,0.33826,0.34924,0.35447,0.35397,0.34673,0.33287,0.31403,0.29273,0.26827,0.24166,0.21507,0.18669,0.15807,0.12876,0.10092,0.075627,0.053983,0.038684,0.030775,0.02605,0.023882,0.023579,0.024517,0.025979,0.028075,0.030624,0.033408,0.036037,0.038864,0.041957,0.045391,0.048461,0.049932,0.050148,0.04898,0.046609,0.043478,0.040126,0.036538,0.032765,0.029285,0.026051,0.023514,0.02233,0.023117,0.025348,0.029083,0.034581,0.041318,0.049082,0.056995,0.064018,0.069498,0.07303,0.074565,0.074339,0.072647,0.068722,0.063525,0.057347,0.05092,0.044897,0.039429,0.034848,0.031361,0.028732,0.026983,0.026391,0.027035,0.029078,0.032499,0.037815,0.044323,0.05088,0.056592,0.060455,0.061715,0.06044,0.056874,0.051614,0.045463,0.039061,0.033475,0.02941,0.026898,0.025537,0.024798,0.02442,0.024257,0.024567,0.02608
0.13518,0.15205,0.16519,0.17569,0.18612,0.1988,0.21639,0.23997,0.26833,0.29968,0.3305,0.35631,0.37599,0.38691,0.38831,0.3807,0.36613,0.34474,0.31807,0.28933,0.25732,0.22423,0.19006,0.15691,0.12546,0.097023,0.074505,0.059842,0.048361,0.039756,0.033352,0.028834,0.025661,0.023966,0.023169,0.022966,0.023089,0.0235,0.024289,0.025487,0.026866,0.027542,0.027667,0.027261,0.026304,0.024931,0.023333,0.021628,0.019954,0.018475,0.017587,0.017771,0.019189,0.022613,0.027304,0.033332,0.040664,0.048492,0.056251,0.06283,0.067603,0.070306,0.070402,0.068172,0.064445,0.059578,0.053424,0.04678,0.040245,0.034225,0.029123,0.024875,0.021649,0.019447,0.018143,0.017973,0.018591,0.020268,0.023355,0.028226,0.035791,0.04542,0.055341,0.064358,0.071025,0.074575,0.074956,0.072366,0.067358,0.060899,0.053844,0.047137,0.041722,0.037871,0.035273,0.0335,0.03229,0.031343,0.030678,0.030924
0.098918,0.11026,0.12011,0.12957,0.14029,0.15369,0.17156,0.19384,0.22012,0.25188,0.28702,0.32103,0.35027,0.3712,0.3823,0.38353,0.37655,0.36238,0.3423,0.31939,0.29262,0.26347,0.23188,0.19971,0.16873,0.13973,0.11581,0.098627,0.083577,0.070533,0.058981,0.048788,0.040059,0.03407,0.030037,0.027156,0.024745,0.022733,0.021118,0.020071,0.019348,0.018544,0.017747,0.016837,0.015839,0.014916,0.014291,0.013938,0.013854,0.014015,0.014565,0.016048,0.018496,0.022746,0.028322,0.034656,0.041738,0.048631,0.055103,0.059962,0.062682,0.063179,0.061168,0.057117,0.051751,0.045568,0.038833,0.0322,0.026369,0.021418,0.017631,0.014902,0.012997,0.011983,0.011898,0.012934,0.015072,0.018208,0.02249,0.028388,0.037064,0.048582,0.060266,0.070929,0.079195,0.08431,0.086284,0.084968,0.080875,0.074839,0.06777,0.060959,0.055285,0.050852,0.047438,0.044865,0.042869,0.041092,0.039423,0.038328
0.075673,0.084762,0.093624,0.10278,0.11335,0.12628,0.14343,0.16448,0.18793,0.2147,0.24307,0.26965,0.29244,0.30965,0.32027,0.32414,0.32238,0.31621,0.30653,0.29522,0.28217,0.26747,0.25109,0.23293,0.21353,0.19326,0.1748,0.16004,0.14547,0.13107,0.11676,0.10253,0.08869,0.07765,0.068738,0.061444,0.054774,0.048495,0.042594,0.037231,0.032448,0.0282,0.024515,0.021157,0.018181,0.015956,0.014412,0.013447,0.012981,0.013067,0.0139,0.016132,0.019471,0.024416,0.030242,0.036349,0.042752,0.048378,0.052994,0.055525,0.055882,0.054443,0.051124,0.046397,0.041275,0.035859,0.030439,0.025515,0.02157,0.018197,0.015622,0.013772,0.012569,0.012187,0.012927,0.014618,0.01719,0.020572,0.024771,0.030428,0.03866,0.049958,0.061746,0.072768,0.081562,0.087636,0.090801,0.090796,0.088018,0.083435,0.077866,0.072314,0.067355,0.063303,0.059897,0.057113,0.054757,0.052398,0.049892,0.047929
0.057846,0.065077,0.072854,0.080959,0.089953,0.10042,0.11392,0.13019,0.14829,0.16916,0.19062,0.20971,0.22471,0.23476,0.24077,0.24363,0.24402,0.24291,0.24073,0.23859,0.23664,0.23489,0.23419,0.23251,0.22932,0.22363,0.21631,0.20841,0.1988,0.18743,0.17431,0.15959,0.14398,0.13019,0.11771,0.10616,0.094805,0.083672,0.072887,0.062969,0.054289,0.047035,0.040891,0.035594,0.031159,0.027978,0.025547,0.023781,0.022741,0.02243,0.0231,0.025147,0.02799,0.032025,0.036849,0.041882,0.046836,0.050691,0.053244,0.05358,0.051814,0.048909,0.044672,0.03962,0.034675,0.029846,0.02554,0.022124,0.020069,0.018794,0.018298,0.018405,0.019037,0.02,0.021378,0.023188,0.025263,0.027574,0.030458,0.034196,0.039704,0.047996,0.05707,0.066068,0.073937,0.080515,0.085449,0.088464,0.089717,0.08968,0.088729,0.087538,0.086091,0.084372,0.082308,0.079997,0.077195,0.073336,0.068172,0.062325
0.055881,0.063965,0.072161,0.079848,0.0872,0.094618,0.10334,0.11306,0.12298,0.13365,0.14426,0.15315,0.1595,0.16337,0.16587,0.16742,0.16828,0.16871,0.16895,0.1694,0.17069,0.1731,0.17846,0.18525,0.1932,0.20066,0.20653,0.21046,0.21208,0.21107,0.20734,0.20091,0.19218,0.18316,0.17347,0.16274,0.15041,0.13655,0.12182,0.10721,0.093386,0.081323,0.070855,0.061396,0.053474,0.04769,0.043444,0.040582,0.03877,0.03774,0.037562,0.03866,0.040431,0.042975,0.046137,0.049363,0.052265,0.054147,0.054908,0.053943,0.051621,0.04916,0.046197,0.042977,0.039971,0.03706,0.034855,0.033395,0.032956,0.03292,0.033025,0.033334,0.033578,0.033819,0.03443,0.035378,0.03646,0.037528,0.038968,0.041212,0.044809,0.05069,0.057571,0.064588,0.070902,0.076701,0.081604,0.085153,0.08738,0.088718,0.089372,0.09,0.090184,0.090023,0.089444,0.088358,0.086423,0.083034,0.077823,0.071289
0.063045,0.072212,0.080445,0.086893,0.091611,0.095099,0.098373,0.10132,0.10358,0.10589,0.10777,0.1087,0.1085,0.10776,0.10724,0.10759,0.10847,0.11023,0.11265,0.11561,0.11942,0.1244,0.13262,0.14175,0.15231,0.16336,0.17389,0.18355,0.19197,0.19834,0.20253,0.20407,0.20292,0.20019,0.19579,0.18928,0.18028,0.16891,0.15607,0.14266,0.12943,0.11726,0.10584,0.095001,0.085579,0.078264,0.072131,0.067314,0.063725,0.061037,0.059126,0.057972,0.057328,0.057105,0.057541,0.058245,0.058783,0.058581,0.057575,0.055556,0.053096,0.051278,0.050004,0.049217,0.049091,0.049293,0.050086,0.051032,0.051892,0.052408,0.052235,0.05157,0.050442,0.048868,0.047427,0.046218,0.045204,0.044251,0.043672,0.043724,0.044921,0.047859,0.051902,0.056662,0.061872,0.067739,0.074072,0.079947,0.085056,0.089286,0.092667,0.095342,0.096928,0.097406,0.09696,0.095776,0.093474,0.089449,0.083236,0.075921
0.08082,0.090072,0.096928,0.10066,0.10166,0.10069,0.098657,0.095924,0.092598,0.089031,0.085435,0.08191,0.078369,0.075143,0.072789,0.071415,0.070885,0.07124,0.072439,0.074244,0.076823,0.08052,0.086661,0.093857,0.10215,0.11097,0.11943,0.12719,0.13458,0.14121,0.14713,0.1522,0.15625,0.15953,0.16181,0.16297,0.16258,0.16057,0.15744,0.15365,0.14945,0.1448,0.1396,0.13315,0.12631,0.12007,0.11404,0.10829,0.10282,0.097679,0.092972,0.088598,0.084649,0.081204,0.078872,0.077534,0.076787,0.076176,0.075378,0.074415,0.073619,0.074172,0.075807,0.078679,0.082223,0.085689,0.089049,0.091662,0.093042,0.093182,0.09189,0.089664,0.086707,0.083515,0.080541,0.077976,0.075658,0.073533,0.071943,0.070898,0.070468,0.070816,0.072151,0.074715,0.078178,0.082683,0.087964,0.093322,0.098547,0.10332,0.10749,0.11105,0.11354,0.1149,0.11513,0.1143,0.11195,0.10727,0.099638,0.089947
0.14783,0.1684,0.18192,0.18792,0.18803,0.18411,0.17747,0.16901,0.15917,0.14835,0.13737,0.12687,0.11767,0.10971,0.10287,0.097897,0.093478,0.089335,0.085821,0.082654,0.079967,0.078273,0.078097,0.08019,0.084227,0.090128,0.098001,0.1074,0.11743,0.12699,0.13544,0.1426,0.14868,0.15373,0.1564,0.15598,0.15292,0.14792,0.14182,0.13523,0.12882,0.12352,0.11946,0.11624,0.1132,0.10955,0.10535,0.10035,0.094584,0.088291,0.081962,0.075814,0.070981,0.067193,0.064555,0.0635,0.064159,0.065669,0.067919,0.071002,0.074738,0.07882,0.082524,0.085357,0.087211,0.08845,0.089255,0.089537,0.089584,0.089212,0.088751,0.088211,0.088153,0.088265,0.088288,0.087724,0.086952,0.08572,0.083936,0.081905,0.079618,0.077502,0.07534,0.072926,0.070168,0.067052,0.06372,0.060437,0.057714,0.056021,0.055564,0.05607,0.057273,0.058916,0.060188,0.060754,0.060445,0.058887,0.056067,0.054112
0.20268,0.23466,0.25492,0.26412,0.26493,0.2601,0.25123,0.23943,0.22567,0.21105,0.19644,0.18281,0.17015,0.15914,0.14886,0.14044,0.13231,0.12386,0.11543,0.10652,0.09726,0.088369,0.080282,0.074178,0.070016,0.068646,0.069336,0.071949,0.076213,0.081302,0.086636,0.0919,0.097196,0.1028,0.10684,0.10858,0.10828,0.10645,0.10397,0.10111,0.098457,0.096653,0.095319,0.093918,0.091946,0.088958,0.085278,0.080782,0.075434,0.069906,0.064485,0.059378,0.055543,0.052918,0.051967,0.052507,0.054366,0.057194,0.061228,0.066334,0.071743,0.077126,0.081616,0.08475,0.086383,0.08683,0.086075,0.084116,0.081461,0.077969,0.073928,0.069909,0.066465,0.063483,0.060314,0.056856,0.054011,0.051474,0.049187,0.047375,0.046127,0.045757,0.045952,0.046367,0.04684,0.047227,0.047216,0.046757,0.046493,0.046621,0.04713,0.047874,0.048901,0.04998,0.05052,0.050431,0.049608,0.047875,0.045311,0.043484
0.2282,0.26721,0.29186,0.30351,0.30574,0.30197,0.29411,0.28289,0.26888,0.25286,0.23637,0.22062,0.2071,0.19605,0.18609,0.17773,0.16934,0.16001,0.14975,0.13815,0.12507,0.11118,0.096978,0.084057,0.07241,0.063477,0.056844,0.052415,0.050294,0.049791,0.050669,0.052642,0.055732,0.060005,0.064177,0.067538,0.070082,0.072311,0.074579,0.076655,0.078619,0.080644,0.08258,0.083894,0.083998,0.082573,0.08006,0.076515,0.0721,0.067337,0.062372,0.057774,0.054396,0.052267,0.052023,0.053734,0.056453,0.059636,0.063423,0.067604,0.071445,0.074647,0.076614,0.077092,0.076389,0.074744,0.072477,0.069592,0.06658,0.063252,0.059823,0.056484,0.053456,0.050613,0.047779,0.045029,0.042803,0.040731,0.038771,0.037259,0.036664,0.036803,0.037488,0.038716,0.040426,0.042647,0.044847,0.046601,0.048069,0.04917,0.049574,0.049434,0.048803,0.048227,0.047378,0.046229,0.04466,0.042563,0.040102,0.038844
0.20484,0.23959,0.26307,0.27654,0.28331,0.2866,0.28795,0.2877,0.28599,0.28262,0.2779,0.27159,0.26378,0.2553,0.24659,0.23882,0.23049,0.22017,0.2075,0.19222,0.17433,0.15451,0.13355,0.11314,0.093486,0.076757,0.062399,0.051068,0.04274,0.036979,0.033539,0.032176,0.032555,0.034319,0.036647,0.038893,0.041089,0.043592,0.046609,0.049802,0.053327,0.057065,0.060797,0.064054,0.066049,0.066692,0.066188,0.064605,0.06215,0.059521,0.056887,0.054395,0.052885,0.052458,0.053794,0.056726,0.060432,0.064242,0.068327,0.072018,0.074937,0.076641,0.076738,0.074963,0.072067,0.068126,0.063539,0.058302,0.053118,0.047938,0.043125,0.038989,0.03577,0.033317,0.031251,0.029404,0.028239,0.027565,0.027057,0.026933,0.027674,0.029082,0.030978,0.033249,0.03589,0.039066,0.042501,0.045639,0.048315,0.050349,0.051375,0.051322,0.050556,0.049593,0.048111,0.046388,0.044381,0.041966,0.039404,0.038056
0.16538,0.19362,0.21375,0.22675,0.2356,0.24344,0.25148,0.26004,0.26917,0.27885,0.2888,0.29687,0.30154,0.30228,0.29894,0.29283,0.28424,0.27335,0.25975,0.24315,0.22399,0.2025,0.179,0.1551,0.13092,0.10877,0.088577,0.071171,0.057073,0.046578,0.039706,0.035146,0.032135,0.03033,0.029065,0.028034,0.027536,0.027618,0.028355,0.029468,0.030924,0.032647,0.034818,0.037266,0.039199,0.040563,0.041405,0.041902,0.042106,0.042402,0.042764,0.043677,0.045407,0.048326,0.052944,0.058494,0.063902,0.06844,0.072293,0.074749,0.075576,0.074923,0.072544,0.06831,0.063392,0.057654,0.051543,0.044977,0.038848,0.033089,0.028162,0.024333,0.021547,0.019957,0.019062,0.01854,0.018445,0.018463,0.018531,0.018841,0.019837,0.021465,0.023815,0.026824,0.030647,0.035461,0.041273,0.047575,0.053714,0.058855,0.062283,0.06392,0.063915,0.063219,0.061914,0.060363,0.058284,0.055455,0.052009,0.048993
0.11146,0.12831,0.14081,0.14991,0.15788,0.16737,0.17908,0.19343,0.21033,0.22982,0.25183,0.27395,0.29446,0.31207,0.32523,0.33375,0.33743,0.33567,0.3283,0.31556,0.29803,0.27651,0.25194,0.22535,0.1969,0.16869,0.14128,0.11605,0.094009,0.076472,0.063782,0.054593,0.047724,0.041948,0.037061,0.032818,0.029189,0.0263,0.024242,0.022741,0.021784,0.021274,0.021148,0.021656,0.022321,0.02324,0.024183,0.025274,0.026478,0.028067,0.030025,0.032643,0.036258,0.041288,0.047628,0.054274,0.059986,0.064015,0.066583,0.06708,0.065568,0.062486,0.057711,0.051534,0.045513,0.039227,0.033107,0.027118,0.022025,0.017969,0.015067,0.013313,0.012477,0.012595,0.013233,0.014154,0.015242,0.016515,0.017679,0.018951,0.020701,0.023152,0.026141,0.029854,0.034385,0.040122,0.047708,0.056184,0.065026,0.072855,0.078676,0.08204,0.082947,0.082546,0.081187,0.079406,0.076963,0.073611,0.069057,0.063304
0.07413,0.083458,0.091129,0.097181,0.10329,0.11177,0.12326,0.1381,0.15616,0.17784,0.20343,0.22982,0.25503,0.27829,0.29825,0.31453,0.32684,0.33403,0.33534,0.33056,0.31996,0.30383,0.28246,0.25766,0.23051,0.20282,0.17615,0.15168,0.12961,0.11127,0.097239,0.086125,0.076828,0.068147,0.060108,0.052688,0.04566,0.039314,0.033903,0.029079,0.024642,0.021258,0.018768,0.01714,0.016282,0.016258,0.016852,0.018235,0.020195,0.022728,0.02591,0.029808,0.034452,0.039969,0.046121,0.052325,0.057311,0.060444,0.061841,0.060805,0.057686,0.05323,0.047195,0.039986,0.0334,0.027019,0.021496,0.016763,0.013244,0.010943,0.0098988,0.0099596,0.01079,0.012276,0.01415,0.016295,0.018543,0.020574,0.022361,0.024053,0.026064,0.029101,0.032808,0.037035,0.042064,0.048308,0.056822,0.066898,0.077642,0.088116,0.096941,0.10303,0.10612,0.1072,0.10687,0.10558,0.10302,0.098621,0.091572,0.081627
0.048895,0.053293,0.05741,0.060932,0.064927,0.071103,0.079797,0.091604,0.10711,0.12619,0.14921,0.17344,0.19705,0.2197,0.24052,0.25983,0.27731,0.29248,0.30442,0.31249,0.31604,0.31432,0.30652,0.29253,0.27299,0.24952,0.22515,0.20241,0.18203,0.16446,0.14968,0.13625,0.12349,0.11041,0.097628,0.085528,0.073718,0.062484,0.052086,0.042411,0.033476,0.026247,0.02057,0.01646,0.014094,0.013145,0.013194,0.0143,0.016114,0.018592,0.021736,0.025569,0.029982,0.03483,0.039831,0.044312,0.047496,0.048969,0.048857,0.046648,0.042806,0.038066,0.032538,0.026561,0.021895,0.018136,0.015538,0.013678,0.012882,0.012999,0.014113,0.016059,0.018578,0.021395,0.024312,0.027289,0.029986,0.032046,0.033296,0.034172,0.035203,0.036995,0.03932,0.042188,0.045759,0.050526,0.05785,0.067509,0.079525,0.092892,0.10581,0.11671,0.1247,0.13025,0.13394,0.13578,0.13502,0.13054,0.12096,0.10574
0.036525,0.037994,0.039549,0.040938,0.042692,0.045787,0.0506,0.057519,0.067015,0.07989,0.096713,0.11579,0.13557,0.15571,0.175,0.19322,0.21021,0.2256,0.23935,0.25132,0.26146,0.26935,0.27453,0.27572,0.27278,0.26559,0.25512,0.24213,0.22863,0.2172,0.20801,0.19856,0.1876,0.17416,0.15944,0.14435,0.12867,0.11283,0.097305,0.081837,0.066633,0.053407,0.041973,0.033085,0.026924,0.023084,0.02111,0.020365,0.020513,0.021369,0.023105,0.025358,0.027898,0.030529,0.032977,0.034827,0.035775,0.035626,0.034582,0.032168,0.028941,0.025434,0.021733,0.018224,0.015809,0.014221,0.013508,0.013802,0.015234,0.018103,0.022221,0.027129,0.032283,0.037315,0.04191,0.046033,0.048973,0.050378,0.050276,0.049216,0.047796,0.047234,0.047159,0.047787,0.049571,0.052528,0.058082,0.065695,0.075955,0.088876,0.10286,0.1158,0.12664,0.13517,0.14166,0.14596,0.14691,0.1431,0.13293,0.11609
0.035602,0.037117,0.038647,0.039744,0.040737,0.042222,0.044388,0.047581,0.052467,0.059447,0.069359,0.082716,0.098871,0.11749,0.13687,0.15654,0.17569,0.19324,0.20876,0.22175,0.23217,0.24048,0.24765,0.25304,0.25794,0.26176,0.26366,0.26275,0.25868,0.25243,0.24533,0.23682,0.22659,0.21462,0.20173,0.18836,0.17351,0.15729,0.14033,0.12231,0.10336,0.085607,0.069225,0.055334,0.044538,0.03699,0.032275,0.029543,0.028165,0.02767,0.027803,0.028222,0.028611,0.028847,0.028655,0.027872,0.026615,0.024851,0.022801,0.020194,0.017644,0.015517,0.013734,0.012485,0.012202,0.012677,0.014363,0.017446,0.022072,0.027962,0.034792,0.042072,0.049232,0.055763,0.061202,0.06537,0.06739,0.066779,0.063441,0.058164,0.05201,0.046681,0.042596,0.040139,0.039193,0.039541,0.042152,0.04702,0.054547,0.065394,0.078506,0.092047,0.10404,0.11405,0.12212,0.12809,0.13066,0.12855,0.12041,0.10584
0.043359,0.045809,0.047589,0.048344,0.048334,0.048035,0.047637,0.047426,0.047713,0.048779,0.051083,0.055338,0.062126,0.072021,0.084456,0.098978,0.11467,0.13016,0.14502,0.15877,0.17138,0.18285,0.19404,0.20444,0.21636,0.23015,0.24428,0.25795,0.26993,0.27897,0.28474,0.28575,0.28124,0.27134,0.25867,0.24488,0.22913,0.21148,0.19284,0.17213,0.1495,0.12704,0.10507,0.085218,0.068503,0.055456,0.045963,0.038824,0.033407,0.029442,0.026468,0.024036,0.022055,0.020402,0.019014,0.017468,0.01596,0.014519,0.013126,0.011752,0.010897,0.010584,0.010928,0.012363,0.014892,0.018491,0.023851,0.031321,0.040355,0.050307,0.060731,0.070916,0.080116,0.087665,0.093084,0.096044,0.095623,0.091571,0.08385,0.073457,0.061805,0.051269,0.04255,0.036611,0.032936,0.03079,0.030704,0.033072,0.038273,0.046507,0.057131,0.068436,0.07916,0.088681,0.096772,0.10309,0.10659,0.10614,0.10056,0.089386
0.066109,0.072202,0.075356,0.075961,0.074606,0.071808,0.068037,0.063661,0.059156,0.054753,0.050922,0.048454,0.048461,0.050339,0.05425,0.060407,0.068777,0.078759,0.089956,0.1017,0.11389,0.12683,0.14164,0.15756,0.17637,0.1979,0.22018,0.24289,0.26512,0.28485,0.30169,0.31351,0.31854,0.31619,0.30768,0.29435,0.27634,0.2553,0.23342,0.21001,0.18442,0.15841,0.1327,0.1093,0.088964,0.072222,0.059332,0.049114,0.04103,0.034636,0.029365,0.024948,0.02147,0.018658,0.016545,0.014648,0.01311,0.011953,0.011094,0.010565,0.010677,0.011586,0.013601,0.017191,0.02205,0.02856,0.036821,0.047065,0.058527,0.070647,0.082908,0.094556,0.10451,0.11205,0.11657,0.11769,0.11441,0.10657,0.094517,0.079496,0.063175,0.048377,0.036667,0.028934,0.023993,0.02062,0.018955,0.019448,0.022182,0.027299,0.034389,0.042683,0.051203,0.059368,0.066721,0.072904,0.077021,0.078281,0.075855,0.06941
0.098574,0.11211,0.11995,0.12266,0.12135,0.11697,0.11019,0.10151,0.091504,0.080518,0.069067,0.058503,0.051254,0.046236,0.043425,0.043019,0.04521,0.049192,0.054551,0.060837,0.068482,0.077487,0.089331,0.10328,0.12114,0.14226,0.1644,0.18742,0.21029,0.23179,0.2519,0.26909,0.28153,0.28834,0.28936,0.28455,0.27351,0.25757,0.23933,0.21894,0.19639,0.17234,0.14805,0.12533,0.10507,0.087554,0.07307,0.060419,0.049723,0.040932,0.033527,0.027246,0.022332,0.01856,0.015786,0.013626,0.012352,0.012051,0.012388,0.013932,0.016894,0.021564,0.027949,0.036292,0.045901,0.056836,0.068994,0.082216,0.095962,0.10946,0.12189,0.13246,0.14016,0.14463,0.14589,0.14347,0.13643,0.12476,0.1088,0.089925,0.07031,0.052872,0.039066,0.029835,0.023496,0.018745,0.015252,0.013682,0.013628,0.015212,0.018649,0.023393,0.028729,0.034155,0.039107,0.043456,0.046735,0.048555,0.048655,0.047014
0.12975,0.15001,0.16243,0.16787,0.16805,0.16432,0.15755,0.14804,0.13609,0.12182,0.10525,0.087798,0.072916,0.060196,0.050326,0.043677,0.040578,0.039574,0.040229,0.041925,0.044847,0.04919,0.056313,0.065853,0.079716,0.097799,0.11762,0.13905,0.16048,0.18036,0.19873,0.21476,0.22754,0.23669,0.24162,0.2419,0.23729,0.22799,0.21591,0.20115,0.18335,0.16325,0.14216,0.12214,0.10417,0.088041,0.074363,0.062026,0.051212,0.042225,0.03483,0.028891,0.024539,0.021297,0.019164,0.01823,0.018383,0.019725,0.022301,0.027007,0.033662,0.042247,0.052421,0.063938,0.076466,0.090015,0.10433,0.11854,0.13192,0.14369,0.15322,0.16019,0.16368,0.16389,0.16113,0.15508,0.1448,0.13045,0.11254,0.092695,0.073097,0.055599,0.041826,0.032521,0.025402,0.019583,0.014576,0.011007,0.0089677,0.0083587,0.0091795,0.011252,0.013897,0.016943,0.020037,0.023061,0.025793,0.028118,0.030081,0.03196
0.16255,0.18806,0.20496,0.21353,0.21592,0.21398,0.20862,0.20007,0.18861,0.1743,0.15695,0.13746,0.11898,0.10062,0.083502,0.068613,0.058192,0.051209,0.046355,0.043133,0.042187,0.043242,0.046455,0.051439,0.058936,0.069038,0.080937,0.09523,0.1107,0.12581,0.14041,0.15405,0.16584,0.17571,0.18307,0.18695,0.18689,0.18284,0.17564,0.16549,0.15226,0.13644,0.11943,0.10279,0.087851,0.074189,0.062505,0.051973,0.042999,0.035981,0.030557,0.026534,0.024135,0.023059,0.023127,0.024616,0.027469,0.031464,0.036849,0.044518,0.054046,0.065577,0.078257,0.09144,0.10489,0.11873,0.13249,0.14498,0.15563,0.16393,0.16938,0.17146,0.16962,0.16504,0.15822,0.1493,0.1374,0.12267,0.10572,0.088038,0.071263,0.0566,0.045164,0.037107,0.030457,0.024524,0.018694,0.013743,0.0099064,0.0072035,0.0056784,0.005167,0.0056856,0.0066313,0.0078747,0.009319,0.010953,0.012917,0.015693,0.01977
0.186,0.21421,0.23316,0.24366,0.24806,0.2483,0.24543,0.23955,0.23082,0.21898,0.20366,0.18563,0.16778,0.1487,0.12893,0.10884,0.090679,0.075417,0.063065,0.053464,0.047182,0.043617,0.04183,0.041805,0.043633,0.047083,0.051844,0.058539,0.066765,0.07594,0.085958,0.09666,0.10711,0.1173,0.12636,0.13302,0.13659,0.13692,0.13412,0.12812,0.11903,0.1073,0.094259,0.081567,0.070463,0.060388,0.052035,0.04467,0.038527,0.033591,0.029732,0.027077,0.025932,0.026189,0.027821,0.031673,0.037552,0.044863,0.05347,0.064045,0.076288,0.090326,0.10465,0.11835,0.13126,0.14326,0.15424,0.16304,0.1695,0.17289,0.17303,0.16953,0.16198,0.15253,0.14168,0.12944,0.11581,0.10139,0.086809,0.073051,0.060717,0.050653,0.043165,0.037925,0.033435,0.029172,0.024558,0.020028,0.015578,0.011833,0.008897,0.0068879,0.0058372,0.0056842,0.0059967,0.0066384,0.0076802,0.0092243,0.011789,0.016363
0.18296,0.21282,0.23401,0.24701,0.25434,0.25817,0.25964,0.25872,0.25517,0.24863,0.23864,0.22552,0.21151,0.19527,0.17701,0.15779,0.1393,0.12204,0.10557,0.090565,0.078452,0.069346,0.061693,0.055688,0.051493,0.048877,0.04798,0.04917,0.052161,0.055878,0.060324,0.065817,0.071973,0.078497,0.08498,0.090166,0.093322,0.094246,0.092953,0.089231,0.083115,0.075247,0.066598,0.058491,0.051907,0.04609,0.041368,0.037205,0.033607,0.030666,0.028556,0.027356,0.027534,0.029141,0.031791,0.036635,0.043644,0.05232,0.062304,0.073785,0.086918,0.10188,0.11663,0.13024,0.14221,0.15249,0.16126,0.1675,0.17104,0.17118,0.16746,0.15958,0.14743,0.13433,0.12055,0.10597,0.09151,0.077687,0.065405,0.054912,0.046298,0.039893,0.035721,0.033147,0.031158,0.029269,0.027014,0.024609,0.02186,0.018918,0.016507,0.014634,0.013306,0.012597,0.012378,0.012563,0.013163,0.014266,0.016415,0.020608
0.15599,0.18296,0.20286,0.21605,0.225,0.23194,0.23789,0.24301,0.24751,0.25084,0.25283,0.25218,0.24879,0.23989,0.22537,0.20738,0.18913,0.17156,0.15406,0.13686,0.12134,0.10758,0.094294,0.082153,0.071232,0.061913,0.054634,0.049921,0.047975,0.047609,0.048305,0.049751,0.051401,0.053058,0.055006,0.056296,0.056603,0.055713,0.053695,0.050409,0.045746,0.040467,0.035259,0.031066,0.028285,0.026578,0.025417,0.02459,0.024029,0.02381,0.024102,0.025084,0.027009,0.030168,0.034606,0.041385,0.050404,0.061136,0.073218,0.086356,0.10076,0.11639,0.13105,0.14377,0.15394,0.16165,0.16689,0.16895,0.16768,0.1625,0.15352,0.14095,0.12496,0.10972,0.095185,0.080988,0.068177,0.057037,0.048273,0.041768,0.037371,0.03483,0.034116,0.034478,0.035171,0.035792,0.036086,0.035908,0.034906,0.033206,0.031148,0.029069,0.027036,0.025425,0.024268,0.023675,0.023642,0.024158,0.025457,0.02809
0.12785,0.14988,0.16663,0.17896,0.18899,0.19883,0.20933,0.22054,0.23252,0.24499,0.25814,0.27085,0.28184,0.28679,0.2834,0.27233,0.2566,0.23881,0.21968,0.20032,0.18186,0.16421,0.14613,0.12847,0.11143,0.095455,0.081449,0.07014,0.062499,0.057355,0.053628,0.050745,0.048314,0.045926,0.04382,0.041458,0.03913,0.036663,0.034143,0.031473,0.028436,0.025579,0.023478,0.022271,0.021705,0.021565,0.021682,0.022081,0.022743,0.023783,0.025278,0.027411,0.030304,0.034338,0.03915,0.046121,0.054867,0.064681,0.075206,0.086031,0.097498,0.10963,0.12029,0.12888,0.13499,0.13873,0.13975,0.13768,0.13272,0.1247,0.11378,0.10032,0.084927,0.07092,0.058363,0.047003,0.037825,0.030717,0.026031,0.023288,0.022277,0.022756,0.024694,0.027619,0.031202,0.03538,0.039675,0.043806,0.046995,0.049035,0.050386,0.05117,0.051368,0.051228,0.050737,0.050247,0.049727,0.049058,0.048132,0.046855
0.090113,0.10476,0.11676,0.12668,0.13608,0.14658,0.15886,0.17297,0.18861,0.20514,0.22317,0.24216,0.26112,0.27802,0.28953,0.29374,0.2911,0.28241,0.26853,0.25133,0.23315,0.21437,0.19515,0.17635,0.15756,0.13901,0.12151,0.10542,0.092372,0.081518,0.072196,0.064117,0.057034,0.050592,0.044982,0.039687,0.035039,0.030798,0.027166,0.024222,0.021698,0.019797,0.018786,0.018587,0.018641,0.019014,0.01961,0.020575,0.021993,0.023753,0.026035,0.028956,0.032432,0.03708,0.042455,0.049306,0.057357,0.065891,0.074683,0.083386,0.092214,0.10107,0.10844,0.11341,0.1159,0.1161,0.11364,0.10855,0.10112,0.091582,0.08039,0.067879,0.054585,0.043241,0.033917,0.026155,0.020606,0.016916,0.015027,0.01472,0.015984,0.018663,0.022957,0.028145,0.034079,0.040962,0.048305,0.055639,0.062144,0.067413,0.072037,0.075769,0.078369,0.08014,0.081093,0.081418,0.081036,0.079519,0.076032,0.070061
0.05428,0.060835,0.067301,0.07374,0.080999,0.090132,0.1017,0.11583,0.13239,0.15102,0.17223,0.19499,0.21758,0.23995,0.26264,0.28285,0.29835,0.30752,0.30956,0.3047,0.29366,0.27744,0.2577,0.23717,0.21712,0.19867,0.18169,0.16574,0.15181,0.13885,0.12602,0.11306,0.09989,0.086596,0.074132,0.062548,0.052365,0.043476,0.035693,0.029195,0.023784,0.019783,0.017112,0.015475,0.014673,0.014636,0.015124,0.015994,0.017159,0.018645,0.020433,0.02274,0.025441,0.029175,0.033675,0.039126,0.045305,0.051636,0.057824,0.06355,0.06895,0.074126,0.078063,0.080054,0.07998,0.07816,0.074383,0.068963,0.062336,0.055038,0.047567,0.040039,0.032772,0.027103,0.022894,0.01923,0.016502,0.014599,0.013706,0.013839,0.015133,0.017571,0.021296,0.026212,0.032337,0.040744,0.050907,0.061982,0.073102,0.08334,0.093342,0.102,0.10899,0.11456,0.11845,0.12066,0.12094,0.11829,0.11139,0.099547
0.032688,0.034908,0.037968,0.041578,0.046057,0.052069,0.059907,0.069794,0.08201,0.096519,0.11371,0.13291,0.15258,0.17303,0.19567,0.21869,0.24184,0.26353,0.2815,0.2943,0.30086,0.30069,0.29426,0.28247,0.26746,0.25116,0.23537,0.22046,0.207,0.19375,0.17945,0.16397,0.14721,0.12935,0.11143,0.093928,0.077664,0.063162,0.050544,0.040427,0.032081,0.025609,0.021571,0.0192,0.01778,0.017224,0.017534,0.018547,0.019984,0.021643,0.023531,0.025607,0.027614,0.029914,0.032326,0.034822,0.037264,0.039647,0.041903,0.043911,0.045849,0.047926,0.049273,0.049422,0.048394,0.046469,0.043424,0.039713,0.035753,0.031858,0.028296,0.025119,0.022292,0.020306,0.019019,0.017862,0.017032,0.016749,0.016893,0.017492,0.018773,0.020823,0.023877,0.028166,0.03418,0.043338,0.055312,0.069445,0.085079,0.10112,0.11797,0.13329,0.14632,0.15689,0.16465,0.16933,0.17018,0.16573,0.15398,0.13412
0.020796,0.019584,0.020095,0.02127,0.023088,0.025788,0.02957,0.034495,0.04081,0.048774,0.059246,0.072464,0.088338,0.10712,0.1301,0.15478,0.18024,0.20533,0.2299,0.25291,0.27245,0.28729,0.29726,0.3006,0.2979,0.28997,0.27834,0.26419,0.2494,0.23435,0.21918,0.204,0.18818,0.1715,0.15514,0.13892,0.123,0.10749,0.092767,0.079908,0.068007,0.057027,0.047925,0.041111,0.03654,0.033745,0.032447,0.032021,0.031908,0.031683,0.031317,0.030759,0.029863,0.028885,0.027888,0.026865,0.02584,0.024926,0.02421,0.023704,0.023629,0.024129,0.02479,0.025273,0.025374,0.025057,0.024078,0.022795,0.021513,0.020554,0.020039,0.019917,0.020042,0.02043,0.021005,0.021468,0.02181,0.022327,0.022926,0.023677,0.024837,0.026428,0.028641,0.032019,0.037149,0.045803,0.057773,0.073014,0.090898,0.11009,0.13104,0.15046,0.16735,0.1814,0.19198,0.19856,0.20016,0.19482,0.18017,0.1555
0.017846,0.015465,0.014686,0.014528,0.014717,0.015318,0.016399,0.018021,0.020295,0.023336,0.027785,0.034078,0.04245,0.054239,0.070803,0.090234,0.11188,0.13442,0.157,0.17985,0.20306,0.22644,0.25008,0.26991,0.28536,0.29556,0.30065,0.30065,0.29617,0.2879,0.27597,0.26128,0.24422,0.22547,0.2077,0.19097,0.17431,0.15797,0.14184,0.12697,0.11233,0.097574,0.084091,0.071928,0.06189,0.053947,0.048679,0.045218,0.042389,0.039748,0.037069,0.034263,0.031134,0.027824,0.024825,0.022089,0.019658,0.017711,0.016307,0.015404,0.015122,0.015539,0.016287,0.017347,0.018581,0.019575,0.020327,0.021195,0.022324,0.023999,0.026235,0.029293,0.032568,0.035586,0.03793,0.039345,0.039837,0.039707,0.038876,0.037491,0.036031,0.03477,0.0341,0.034688,0.037264,0.042956,0.051931,0.064381,0.080238,0.098573,0.11944,0.13965,0.15768,0.17282,0.18429,0.19157,0.19362,0.18866,0.17466,0.15113
0.021325,0.018675,0.017527,0.016775,0.016171,0.01578,0.015602,0.015683,0.016107,0.017092,0.018832,0.021397,0.024993,0.030705,0.039945,0.051842,0.066145,0.082169,0.099492,0.11811,0.13809,0.15991,0.18482,0.20874,0.23104,0.25099,0.26777,0.28067,0.2893,0.29406,0.29448,0.29119,0.28385,0.2719,0.25723,0.24136,0.2253,0.20954,0.19368,0.17797,0.16154,0.14334,0.12534,0.10764,0.091338,0.07671,0.06581,0.05794,0.05184,0.046874,0.04209,0.037277,0.032199,0.027016,0.022401,0.01841,0.014999,0.012398,0.010577,0.0095134,0.0093474,0.010041,0.011637,0.014134,0.017185,0.020227,0.023348,0.027108,0.031496,0.036851,0.042578,0.049007,0.055019,0.059546,0.062239,0.063045,0.062178,0.059723,0.055809,0.050802,0.045517,0.040689,0.036926,0.035058,0.035734,0.038953,0.04533,0.055408,0.069174,0.086142,0.1065,0.12681,0.14526,0.16101,0.17316,0.18096,0.18341,0.17879,0.1652,0.14217
0.034693,0.032688,0.030689,0.028358,0.02579,0.023399,0.021408,0.019941,0.018809,0.018115,0.017922,0.01835,0.019591,0.022013,0.026218,0.031854,0.038913,0.047182,0.05708,0.069657,0.085585,0.10557,0.13016,0.15495,0.17936,0.2025,0.22362,0.24228,0.25859,0.2732,0.28515,0.29422,0.29966,0.29993,0.29533,0.2861,0.27239,0.25542,0.23643,0.21722,0.19795,0.17735,0.15657,0.13557,0.11536,0.096382,0.081032,0.068973,0.059161,0.051353,0.04428,0.037599,0.03108,0.024875,0.019697,0.015746,0.012596,0.010403,0.0092857,0.0091364,0.01029,0.012729,0.016657,0.022243,0.029294,0.036783,0.044649,0.053416,0.062942,0.072537,0.081136,0.088813,0.094698,0.097935,0.098381,0.096288,0.092178,0.085962,0.077914,0.068422,0.058391,0.048686,0.040415,0.034883,0.032755,0.032828,0.035721,0.04208,0.052127,0.06485,0.08036,0.096554,0.11182,0.12524,0.13588,0.14295,0.14551,0.1422,0.13146,0.11302
0.053132,0.053563,0.052057,0.048644,0.044003,0.039123,0.034377,0.030448,0.027033,0.024227,0.021914,0.020203,0.019059,0.018738,0.01974,0.022054,0.025431,0.029526,0.034546,0.041639,0.05221,0.067629,0.089221,0.11261,0.13666,0.16017,0.18156,0.20042,0.21727,0.23343,0.24874,0.26376,0.2783,0.29049,0.29877,0.30203,0.29928,0.29002,0.27512,0.25717,0.23776,0.21646,0.19424,0.17105,0.14767,0.12458,0.10404,0.086263,0.071007,0.059123,0.048453,0.038689,0.029597,0.021761,0.016127,0.012688,0.010541,0.0096871,0.01004,0.011721,0.014605,0.018927,0.025209,0.034008,0.044613,0.055823,0.067164,0.079123,0.091017,0.10146,0.10925,0.1146,0.11716,0.11682,0.11366,0.10811,0.10111,0.092141,0.081637,0.070088,0.058058,0.046421,0.036241,0.029307,0.025657,0.024109,0.024975,0.028732,0.035597,0.044769,0.056738,0.069809,0.082719,0.094478,0.10423,0.11127,0.11462,0.11325,0.1059,0.092307
0.080679,0.086488,0.087837,0.085294,0.080172,0.074159,0.068008,0.062611,0.057645,0.05315,0.048893,0.04492,0.041237,0.038005,0.035614,0.034524,0.034703,0.035411,0.036913,0.039647,0.044085,0.051503,0.063522,0.079234,0.098594,0.12035,0.14163,0.16119,0.17928,0.19676,0.21247,0.22671,0.24043,0.25342,0.26524,0.275,0.2804,0.27972,0.27329,0.26214,0.24739,0.22937,0.20895,0.18617,0.16234,0.13818,0.11563,0.095188,0.077244,0.06343,0.051167,0.040231,0.030403,0.022415,0.016853,0.014056,0.013258,0.014014,0.016472,0.020551,0.026628,0.034789,0.045322,0.058757,0.07356,0.088171,0.1016,0.11452,0.12616,0.13476,0.13935,0.14038,0.13811,0.13297,0.12521,0.11574,0.10568,0.094417,0.08228,0.069386,0.056393,0.043958,0.032932,0.024957,0.019815,0.016353,0.01508,0.016235,0.019672,0.025014,0.032532,0.041059,0.049878,0.058142,0.065271,0.070702,0.07382,0.074018,0.070558,0.063523
0.11196,0.12476,0.13081,0.1311,0.12781,0.1232,0.11836,0.11416,0.11055,0.10722,0.10381,0.099702,0.094775,0.088987,0.0824,0.075753,0.069811,0.063947,0.058387,0.053766,0.050665,0.049705,0.051267,0.055578,0.063928,0.077196,0.093198,0.11015,0.12758,0.14583,0.16333,0.17959,0.19465,0.20785,0.21867,0.22735,0.23326,0.23556,0.23414,0.22857,0.21908,0.2055,0.18848,0.16884,0.1474,0.12525,0.1039,0.084286,0.066957,0.05405,0.043256,0.034203,0.026835,0.021397,0.018316,0.017867,0.020241,0.02485,0.032061,0.041637,0.052954,0.065968,0.080424,0.096339,0.1121,0.12643,0.13794,0.14738,0.15434,0.15716,0.15519,0.14942,0.14098,0.13112,0.11979,0.10775,0.096223,0.084866,0.073876,0.063068,0.052615,0.042663,0.033779,0.026939,0.021698,0.016944,0.013378,0.011352,0.010992,0.0125,0.016114,0.021061,0.026347,0.031462,0.035932,0.039807,0.042575,0.043976,0.043715,0.042061
0.1374,0.15499,0.16465,0.16753,0.16606,0.1631,0.15995,0.15732,0.15526,0.15385,0.15282,0.15111,0.1486,0.14459,0.13881,0.13164,0.12352,0.11334,0.10141,0.088546,0.07542,0.06361,0.05425,0.048769,0.047078,0.049573,0.05509,0.063249,0.073701,0.086503,0.10028,0.1147,0.1295,0.14388,0.15691,0.16815,0.1769,0.18257,0.18513,0.18415,0.17929,0.17055,0.15861,0.1441,0.12774,0.11052,0.093321,0.077312,0.06319,0.052732,0.043941,0.036926,0.031933,0.029235,0.029171,0.031991,0.038158,0.047053,0.058825,0.0726,0.087067,0.10109,0.11405,0.12588,0.13589,0.14389,0.14866,0.15116,0.15116,0.14784,0.14111,0.13161,0.12056,0.10919,0.097306,0.08566,0.075035,0.065535,0.057292,0.049716,0.04293,0.036697,0.031341,0.027146,0.0235,0.0196,0.015763,0.012444,0.0097927,0.00824,0.0082411,0.0099482,0.012777,0.015908,0.019051,0.021989,0.024453,0.026486,0.028148,0.029887
0.15813,0.18046,0.1945,0.20113,0.20303,0.20289,0.20207,0.20138,0.20102,0.20115,0.20136,0.20103,0.20035,0.19796,0.19356,0.18724,0.17913,0.16785,0.15346,0.1368,0.11787,0.097902,0.077677,0.060793,0.048891,0.042096,0.039577,0.040649,0.044035,0.050054,0.05787,0.067075,0.077386,0.087851,0.097641,0.10628,0.1133,0.11843,0.12177,0.12306,0.12193,0.1179,0.11146,0.103,0.093211,0.082836,0.072672,0.063254,0.055152,0.049288,0.044464,0.040851,0.038893,0.039363,0.042019,0.046969,0.055329,0.066187,0.078937,0.092666,0.10602,0.11799,0.12829,0.13686,0.14364,0.1488,0.15091,0.15044,0.14713,0.14076,0.13143,0.1198,0.10725,0.095011,0.082833,0.071481,0.06145,0.052982,0.046198,0.040495,0.035936,0.032196,0.0295,0.027688,0.025982,0.023673,0.020958,0.017995,0.015029,0.012473,0.0107,0.010151,0.010729,0.011919,0.013384,0.014894,0.016488,0.018241,0.02054,0.024125
0.14869,0.16999,0.18468,0.19364,0.19932,0.2044,0.21022,0.21754,0.22628,0.23584,0.24549,0.25326,0.25972,0.26306,0.26261,0.25836,0.25107,0.23919,0.22292,0.20306,0.17952,0.15358,0.12573,0.099243,0.075596,0.057238,0.045563,0.040234,0.03793,0.038308,0.040366,0.043718,0.047767,0.052214,0.05677,0.061049,0.06476,0.067709,0.069977,0.07141,0.071563,0.069954,0.067053,0.063006,0.058403,0.053515,0.048877,0.044814,0.041325,0.038764,0.036749,0.035613,0.035838,0.038916,0.04435,0.052208,0.063542,0.07737,0.092284,0.10707,0.12048,0.13125,0.13877,0.14345,0.14551,0.1453,0.14149,0.13489,0.12554,0.1141,0.10162,0.088682,0.076192,0.065211,0.055595,0.047258,0.040432,0.035315,0.031905,0.029575,0.02847,0.028078,0.028384,0.029065,0.029239,0.028527,0.027018,0.024914,0.02235,0.019572,0.016973,0.015125,0.01435,0.014326,0.014817,0.015659,0.01661,0.017807,0.019662,0.02332
0.13495,0.15378,0.16793,0.17825,0.18695,0.19627,0.20729,0.22074,0.23679,0.25551,0.27504,0.29274,0.30877,0.31966,0.3243,0.32246,0.31511,0.30137,0.28196,0.25877,0.23151,0.20172,0.16943,0.13756,0.10757,0.081245,0.061404,0.04962,0.041902,0.03739,0.034847,0.03363,0.03309,0.033166,0.033511,0.034063,0.034658,0.03529,0.036018,0.036929,0.037656,0.037383,0.036382,0.034769,0.032683,0.030425,0.028312,0.026576,0.02507,0.024163,0.024023,0.025304,0.028393,0.034967,0.043661,0.054219,0.067368,0.08195,0.096353,0.10927,0.11963,0.12657,0.12974,0.12987,0.12751,0.12311,0.11624,0.10731,0.096705,0.085264,0.07458,0.064473,0.055149,0.047001,0.039796,0.033814,0.028873,0.025455,0.023627,0.022842,0.023446,0.024823,0.026664,0.028596,0.029917,0.03017,0.029666,0.028409,0.026557,0.02439,0.021991,0.019996,0.018967,0.018704,0.018862,0.019292,0.019907,0.020654,0.02182,0.024351
0.099475,0.11102,0.12058,0.12923,0.1385,0.14987,0.16458,0.18259,0.2038,0.22979,0.25981,0.29064,0.32134,0.34649,0.36411,0.37329,0.37421,0.36621,0.34997,0.32727,0.29804,0.26425,0.22688,0.18907,0.15281,0.11993,0.093496,0.075468,0.061399,0.051072,0.043517,0.037903,0.033483,0.030521,0.028431,0.026827,0.025406,0.024032,0.022839,0.02208,0.021489,0.020707,0.01982,0.018855,0.017897,0.017142,0.016757,0.016763,0.017141,0.018067,0.019927,0.023528,0.029085,0.03897,0.051154,0.064727,0.080023,0.095359,0.10934,0.12059,0.12823,0.13156,0.13024,0.12487,0.11655,0.10608,0.093555,0.079944,0.066803,0.05501,0.045621,0.037961,0.031799,0.026933,0.023128,0.020224,0.018199,0.017186,0.017436,0.018746,0.021445,0.025158,0.02923,0.033279,0.036417,0.037994,0.038273,0.037284,0.035359,0.032906,0.030083,0.02745,0.025579,0.024521,0.023892,0.023605,0.023594,0.023822,0.024478,0.026286
0.074691,0.081676,0.088847,0.096776,0.10634,0.11848,0.13463,0.15475,0.17809,0.20524,0.23541,0.26627,0.29746,0.32507,0.34739,0.36291,0.37103,0.37152,0.36467,0.35183,0.33275,0.30833,0.27887,0.2463,0.2127,0.18016,0.15234,0.1313,0.11277,0.096775,0.082602,0.069871,0.058397,0.049808,0.043195,0.037908,0.033269,0.029143,0.025506,0.022597,0.020319,0.018505,0.017014,0.015789,0.014759,0.01407,0.013934,0.014336,0.015349,0.017175,0.020155,0.025249,0.032127,0.042268,0.053617,0.065339,0.077156,0.087711,0.096378,0.10213,0.10435,0.10275,0.097417,0.089131,0.079178,0.068169,0.056806,0.046029,0.036976,0.029487,0.023876,0.019697,0.016562,0.014195,0.012574,0.011654,0.011253,0.011431,0.012477,0.014291,0.01738,0.022011,0.027383,0.032823,0.037413,0.040509,0.042233,0.042641,0.041886,0.040468,0.03877,0.037192,0.036052,0.035237,0.034551,0.033996,0.033525,0.033035,0.032613,0.032889
0.055029,0.059546,0.065339,0.072252,0.080856,0.091755,0.1065,0.1249,0.14615,0.17153,0.19949,0.22694,0.25333,0.27683,0.29715,0.31411,0.32658,0.33441,0.33751,0.33617,0.33029,0.31997,0.30541,0.28641,0.26408,0.23899,0.21487,0.19429,0.17467,0.15596,0.13799,0.12021,0.10291,0.088874,0.077303,0.067503,0.058544,0.050229,0.042467,0.03572,0.030192,0.025742,0.02207,0.019071,0.016848,0.015624,0.015367,0.016017,0.017527,0.019975,0.023655,0.029976,0.038053,0.048645,0.059749,0.070603,0.080847,0.089328,0.095754,0.098929,0.098565,0.094643,0.087519,0.077767,0.066879,0.055556,0.044555,0.034587,0.027188,0.021492,0.017599,0.01494,0.013174,0.012138,0.011783,0.011919,0.012516,0.013387,0.01459,0.016343,0.019039,0.023263,0.028334,0.03359,0.038265,0.041927,0.044508,0.045906,0.046218,0.045717,0.044606,0.043356,0.042181,0.041108,0.040044,0.039164,0.038363,0.037478,0.036481,0.036049
0.043863,0.047754,0.053262,0.059469,0.066523,0.074918,0.086156,0.10015,0.11626,0.13539,0.15602,0.17559,0.19304,0.20731,0.219,0.22851,0.23559,0.24105,0.24549,0.2494,0.25304,0.25623,0.25967,0.26108,0.26029,0.25584,0.24861,0.2399,0.22866,0.21517,0.19962,0.18225,0.16362,0.14698,0.13148,0.11679,0.10216,0.087821,0.073881,0.061303,0.050923,0.043308,0.037329,0.032777,0.02936,0.027181,0.026104,0.025847,0.026502,0.028007,0.030645,0.035774,0.042154,0.050176,0.058834,0.067207,0.074905,0.080875,0.084974,0.08611,0.084231,0.079589,0.072559,0.063652,0.054445,0.045532,0.037703,0.031342,0.027351,0.02475,0.023516,0.023226,0.023563,0.024177,0.024957,0.025818,0.026504,0.026867,0.027082,0.027536,0.028614,0.031325,0.034885,0.038741,0.042417,0.045808,0.048891,0.05135,0.053195,0.054512,0.055669,0.056639,0.057316,0.057527,0.057191,0.056343,0.054864,0.052429,0.048993,0.045531
0.04653,0.052617,0.059575,0.066094,0.072167,0.078087,0.085049,0.09309,0.10175,0.11179,0.12207,0.13124,0.13896,0.14484,0.1498,0.15448,0.15834,0.16198,0.1653,0.16836,0.17175,0.17645,0.18525,0.19733,0.21235,0.22721,0.23914,0.24773,0.25236,0.25258,0.24846,0.24004,0.22796,0.21527,0.20124,0.18563,0.16779,0.1482,0.12757,0.10748,0.089489,0.075584,0.064223,0.054795,0.047783,0.043267,0.040433,0.039128,0.039154,0.040105,0.041896,0.045399,0.049729,0.055203,0.060969,0.066808,0.072346,0.076689,0.079396,0.0797,0.077636,0.073673,0.067993,0.061191,0.054442,0.048159,0.04312,0.039435,0.037741,0.037211,0.037672,0.038724,0.039912,0.040952,0.041864,0.042576,0.042765,0.042141,0.040845,0.039152,0.037711,0.037504,0.038565,0.040437,0.042604,0.045209,0.048026,0.050848,0.053562,0.056122,0.058505,0.060778,0.062597,0.063717,0.064176,0.06394,0.06271,0.060283,0.056497,0.052297
0.056295,0.064854,0.073143,0.07962,0.084269,0.087527,0.090265,0.092676,0.094776,0.096862,0.098484,0.099141,0.098754,0.097781,0.097318,0.097862,0.098818,0.10041,0.10261,0.10529,0.10883,0.11376,0.12171,0.13134,0.14433,0.16055,0.17751,0.19353,0.20775,0.21851,0.2252,0.22742,0.22509,0.22,0.21196,0.20091,0.18637,0.16891,0.14957,0.13009,0.11238,0.098454,0.086779,0.076995,0.069578,0.064715,0.061425,0.05938,0.058263,0.057677,0.057602,0.058641,0.060018,0.061775,0.063786,0.066128,0.068574,0.070432,0.071484,0.071557,0.070771,0.06994,0.069137,0.06877,0.069125,0.069962,0.071402,0.0729,0.074878,0.076504,0.077213,0.077132,0.075996,0.073888,0.071162,0.068102,0.064536,0.060391,0.056146,0.052098,0.048558,0.04651,0.046279,0.047819,0.05042,0.053891,0.057986,0.062331,0.066738,0.071098,0.075372,0.079335,0.082398,0.084425,0.085384,0.085316,0.083831,0.080354,0.074489,0.066985
0.074386,0.082208,0.088571,0.092453,0.093968,0.09364,0.092043,0.089677,0.086942,0.084092,0.081264,0.078255,0.075158,0.072218,0.069997,0.068465,0.067253,0.066593,0.066646,0.06737,0.068867,0.071507,0.07662,0.083016,0.091311,0.10138,0.11247,0.12421,0.13636,0.1484,0.15965,0.16958,0.17765,0.18359,0.18682,0.18692,0.1836,0.1768,0.16763,0.15735,0.14674,0.13704,0.12741,0.11769,0.10873,0.10132,0.095148,0.089766,0.085139,0.081027,0.077698,0.074886,0.072626,0.070942,0.069949,0.069662,0.069795,0.070319,0.071196,0.07193,0.072935,0.074892,0.078195,0.083123,0.08961,0.096372,0.10331,0.10957,0.11463,0.1181,0.11959,0.11952,0.11771,0.11444,0.11022,0.10542,0.10029,0.094531,0.08868,0.082879,0.077253,0.072914,0.070875,0.070492,0.071234,0.073079,0.076533,0.08088,0.085654,0.090773,0.09606,0.10123,0.10556,0.10871,0.11059,0.11102,0.10948,0.10514,0.097236,0.086331
0.13171,0.15315,0.16762,0.17507,0.17731,0.17626,0.17317,0.16867,0.1632,0.15687,0.14986,0.14281,0.13596,0.12974,0.12391,0.11868,0.11327,0.1076,0.10247,0.097429,0.092514,0.088227,0.084814,0.082894,0.082876,0.085468,0.090701,0.097779,0.10568,0.11297,0.11887,0.12328,0.12659,0.12903,0.12966,0.12769,0.12383,0.11911,0.11446,0.11005,0.10617,0.10317,0.10067,0.097911,0.09455,0.090293,0.085529,0.08025,0.074674,0.069063,0.063978,0.059756,0.056839,0.055051,0.054618,0.055258,0.057012,0.059391,0.062703,0.067158,0.072345,0.077904,0.083353,0.088276,0.092476,0.096082,0.099199,0.10173,0.10375,0.10494,0.10546,0.1052,0.10473,0.10421,0.10326,0.10183,0.10098,0.10016,0.099074,0.097699,0.095696,0.093204,0.090408,0.087195,0.08378,0.080231,0.076587,0.073109,0.070321,0.06858,0.0679,0.068159,0.068991,0.069854,0.070263,0.069911,0.068747,0.066348,0.062746,0.059831
0.16106,0.18734,0.20523,0.2149,0.21873,0.21925,0.218,0.21538,0.21153,0.20631,0.19995,0.19319,0.18627,0.17931,0.1716,0.16381,0.15497,0.14495,0.1348,0.1239,0.11239,0.10102,0.090608,0.082007,0.07527,0.071888,0.070884,0.072242,0.075348,0.078973,0.082219,0.084894,0.087319,0.089757,0.091023,0.090418,0.088488,0.086204,0.083956,0.08139,0.078883,0.07678,0.075206,0.073688,0.071824,0.069373,0.06662,0.063598,0.060407,0.057244,0.054441,0.052324,0.051604,0.051998,0.054133,0.05761,0.06214,0.067216,0.0732,0.080188,0.087291,0.093859,0.099264,0.10331,0.10614,0.10804,0.10886,0.10824,0.10631,0.1027,0.097598,0.091565,0.085275,0.078959,0.072729,0.066414,0.061541,0.057809,0.054574,0.051989,0.049989,0.04879,0.048095,0.047603,0.047362,0.0474,0.047601,0.048002,0.049048,0.050975,0.053538,0.056152,0.058927,0.061368,0.062771,0.063003,0.061986,0.059386,0.055241,0.051158
0.16949,0.19719,0.21656,0.22824,0.23492,0.23931,0.24283,0.2457,0.24766,0.24827,0.24756,0.2454,0.24215,0.23833,0.23285,0.22648,0.21792,0.20699,0.19427,0.17907,0.1618,0.14322,0.12413,0.10605,0.089516,0.077011,0.066877,0.05944,0.054679,0.051897,0.050573,0.050254,0.050634,0.051806,0.052762,0.052818,0.052332,0.051918,0.051687,0.051441,0.051447,0.051911,0.052631,0.053164,0.053148,0.052461,0.05142,0.050069,0.048621,0.047426,0.046494,0.04623,0.047222,0.04953,0.054171,0.060737,0.068305,0.076048,0.084399,0.09292,0.10055,0.1068,0.11111,0.1131,0.11306,0.11123,0.10772,0.10233,0.095849,0.08804,0.079232,0.070419,0.06235,0.055521,0.049633,0.044369,0.040786,0.038351,0.036392,0.034762,0.033421,0.032554,0.0321,0.032148,0.032565,0.033459,0.034737,0.036377,0.038418,0.040907,0.043475,0.045761,0.04778,0.049456,0.050356,0.050379,0.049507,0.047592,0.044858,0.042669
0.15356,0.17934,0.19786,0.20988,0.21804,0.22497,0.23192,0.23914,0.24677,0.25454,0.26191,0.26681,0.26887,0.26835,0.26483,0.25943,0.25205,0.242,0.22944,0.21371,0.19516,0.17452,0.15247,0.13067,0.10947,0.0917,0.07591,0.062753,0.052363,0.045071,0.040277,0.037299,0.035657,0.035141,0.034967,0.034739,0.034658,0.035131,0.036248,0.037796,0.039567,0.041526,0.043526,0.045158,0.04598,0.046095,0.045819,0.045313,0.04486,0.044865,0.045737,0.047835,0.051698,0.057283,0.065424,0.07513,0.08511,0.094399,0.10339,0.11111,0.1167,0.11971,0.11995,0.11726,0.11274,0.10635,0.09852,0.089254,0.079866,0.070157,0.060288,0.051239,0.043602,0.037554,0.032761,0.028926,0.02678,0.025639,0.024907,0.024473,0.024346,0.024648,0.02542,0.026665,0.028412,0.030704,0.03345,0.036526,0.039837,0.042931,0.045429,0.047074,0.047839,0.048027,0.047577,0.046601,0.045072,0.042891,0.040395,0.038931
0.11943,0.13831,0.15284,0.16359,0.17265,0.18255,0.19429,0.20846,0.22504,0.24425,0.26589,0.28646,0.30367,0.31615,0.32268,0.32337,0.3187,0.30892,0.29485,0.27709,0.25595,0.23181,0.20529,0.17763,0.14933,0.12365,0.099872,0.078987,0.061591,0.048497,0.03946,0.03326,0.028975,0.026126,0.024077,0.02227,0.020896,0.020034,0.019986,0.020644,0.021955,0.0237,0.025966,0.02837,0.030472,0.032366,0.033999,0.035695,0.037563,0.03986,0.042847,0.047042,0.053035,0.060988,0.071452,0.083145,0.094504,0.10426,0.11274,0.11856,0.12118,0.12022,0.1159,0.10838,0.099732,0.089792,0.079078,0.067755,0.057289,0.047504,0.038737,0.031982,0.027369,0.024506,0.022711,0.021452,0.020777,0.020249,0.019628,0.019141,0.018938,0.01905,0.01941,0.020032,0.021071,0.022657,0.025072,0.028111,0.031827,0.0358,0.03962,0.042605,0.044556,0.045685,0.046002,0.045694,0.04476,0.043154,0.041229,0.040267
0.08614,0.09847,0.10853,0.11683,0.1253,0.13619,0.15041,0.168,0.18917,0.21452,0.24451,0.27505,0.3039,0.32924,0.34863,0.36111,0.36672,0.36511,0.35618,0.34054,0.3194,0.29371,0.26432,0.23323,0.20088,0.17015,0.14079,0.11415,0.09089,0.072661,0.059248,0.049188,0.041346,0.034895,0.029455,0.024793,0.020868,0.017813,0.015669,0.014204,0.013509,0.013768,0.0151,0.017055,0.019234,0.021797,0.024488,0.027531,0.031125,0.035387,0.040385,0.046622,0.054374,0.063796,0.075019,0.086896,0.097258,0.10501,0.11042,0.1123,0.11041,0.10505,0.096722,0.086015,0.075671,0.064944,0.054259,0.043716,0.034532,0.027044,0.021315,0.017453,0.015091,0.014153,0.014302,0.014863,0.015764,0.016526,0.016928,0.017218,0.017453,0.017946,0.018708,0.019677,0.021059,0.023117,0.026186,0.029896,0.034379,0.039365,0.043915,0.047264,0.049143,0.050061,0.050201,0.049864,0.048998,0.047532,0.045721,0.044508
0.06129,0.068324,0.074743,0.080718,0.087828,0.097954,0.11146,0.12842,0.14905,0.17375,0.20305,0.23329,0.26289,0.29102,0.31591,0.33677,0.35281,0.3631,0.36641,0.36226,0.3511,0.33306,0.30844,0.27879,0.24596,0.21316,0.18213,0.15379,0.12837,0.10757,0.091128,0.077555,0.065969,0.055525,0.046397,0.03854,0.031601,0.025752,0.021139,0.017527,0.014894,0.013395,0.013081,0.013744,0.015322,0.017739,0.020686,0.024287,0.028465,0.033375,0.039159,0.046047,0.054104,0.063403,0.073549,0.083584,0.091679,0.096943,0.099566,0.098611,0.09421,0.086913,0.07743,0.06624,0.05628,0.046605,0.037673,0.029806,0.023705,0.019107,0.015906,0.014101,0.013407,0.013741,0.01481,0.016418,0.018321,0.019975,0.021084,0.021753,0.022191,0.022826,0.023519,0.024191,0.025078,0.026356,0.028618,0.031802,0.036039,0.041368,0.047181,0.052129,0.055467,0.057632,0.058858,0.059382,0.059125,0.057935,0.055708,0.052668
0.040689,0.042692,0.045481,0.048727,0.053189,0.060551,0.071132,0.085227,0.10311,0.12494,0.15102,0.17851,0.20562,0.23255,0.258,0.28176,0.30415,0.32388,0.33986,0.35093,0.35649,0.35537,0.34658,0.32992,0.30628,0.27774,0.24744,0.21829,0.19169,0.16975,0.15107,0.1337,0.11701,0.10064,0.085529,0.072312,0.060216,0.049319,0.040082,0.03228,0.02577,0.021111,0.017869,0.01604,0.015868,0.017217,0.01937,0.022408,0.026272,0.030952,0.036344,0.04239,0.049131,0.056524,0.063983,0.070704,0.075482,0.077721,0.07762,0.074323,0.068316,0.06022,0.050749,0.04062,0.032471,0.025547,0.020445,0.017028,0.015295,0.014842,0.015504,0.017224,0.019838,0.02321,0.026946,0.031079,0.034644,0.036819,0.037321,0.036689,0.035469,0.034793,0.034496,0.034308,0.03446,0.035016,0.036675,0.039487,0.04373,0.049489,0.056114,0.062416,0.067379,0.071085,0.073702,0.075422,0.075878,0.074545,0.070915,0.064791
0.028231,0.027752,0.02859,0.029885,0.031972,0.035775,0.041614,0.049958,0.061216,0.076146,0.095363,0.11658,0.13837,0.16122,0.18381,0.20619,0.22828,0.2494,0.26926,0.28745,0.30342,0.31635,0.3249,0.32706,0.32293,0.31214,0.29614,0.27652,0.25526,0.23537,0.21703,0.19859,0.17933,0.15922,0.13971,0.12197,0.10496,0.088784,0.074056,0.060476,0.04799,0.03797,0.030177,0.024899,0.022263,0.021609,0.022284,0.024023,0.026708,0.030042,0.034022,0.038305,0.042582,0.046809,0.050389,0.053065,0.054368,0.053971,0.052216,0.048436,0.043283,0.037546,0.031637,0.026329,0.022729,0.020049,0.018362,0.017833,0.018671,0.020739,0.024295,0.029297,0.035486,0.042339,0.049041,0.055492,0.060204,0.062229,0.061317,0.058254,0.05375,0.049926,0.04694,0.044683,0.043418,0.042852,0.043265,0.044696,0.047676,0.052713,0.058915,0.065117,0.070492,0.074889,0.078359,0.080818,0.081587,0.080065,0.075547,0.068
0.026922,0.026597,0.027142,0.027861,0.028844,0.030614,0.033349,0.037333,0.043018,0.050912,0.061807,0.075812,0.092755,0.11267,0.13369,0.15532,0.17686,0.19723,0.21589,0.23236,0.24683,0.25903,0.26978,0.27821,0.28492,0.2886,0.28828,0.28387,0.2755,0.26449,0.25199,0.23778,0.2216,0.20366,0.18539,0.16793,0.15003,0.13173,0.11418,0.09681,0.079625,0.064521,0.051497,0.04149,0.034707,0.030724,0.028899,0.028555,0.029347,0.030757,0.032476,0.034277,0.036039,0.037536,0.038448,0.038643,0.038008,0.036436,0.034197,0.030761,0.026985,0.023442,0.020227,0.017917,0.016869,0.017047,0.018874,0.022881,0.029285,0.037901,0.048343,0.060002,0.07199,0.083332,0.093101,0.10099,0.10539,0.10524,0.10041,0.091935,0.081075,0.070587,0.061145,0.053543,0.047897,0.043542,0.040634,0.039318,0.039795,0.04249,0.046774,0.052142,0.057586,0.062492,0.066718,0.070097,0.071921,0.071553,0.068414,0.062605
0.032982,0.032983,0.033095,0.033121,0.033033,0.03309,0.033515,0.034511,0.03633,0.039304,0.043932,0.050281,0.05904,0.071485,0.087104,0.10512,0.12446,0.1438,0.16247,0.17977,0.1957,0.21002,0.22336,0.23467,0.2459,0.25688,0.26622,0.27311,0.27656,0.27571,0.27031,0.26081,0.24785,0.23249,0.21663,0.20119,0.18444,0.16625,0.1482,0.12958,0.11013,0.091913,0.075567,0.062383,0.052488,0.045535,0.040933,0.037612,0.035271,0.033547,0.031953,0.030412,0.028836,0.027207,0.025447,0.023367,0.021317,0.019517,0.018079,0.016804,0.01604,0.015954,0.016546,0.018516,0.021756,0.026503,0.0334,0.043024,0.054921,0.068394,0.08256,0.09656,0.10968,0.12091,0.12935,0.13489,0.13615,0.13249,0.12395,0.11137,0.096319,0.081415,0.068034,0.058152,0.050979,0.045191,0.040983,0.038603,0.038203,0.039933,0.043432,0.048014,0.05315,0.058154,0.062686,0.066484,0.06876,0.068826,0.066186,0.060866
0.049511,0.05149,0.052131,0.051652,0.050157,0.047934,0.045374,0.042893,0.040819,0.03929,0.038442,0.038483,0.040446,0.044371,0.050521,0.059299,0.070374,0.082833,0.096345,0.11014,0.12423,0.1386,0.15419,0.16984,0.18731,0.2059,0.22388,0.24084,0.25559,0.2667,0.27242,0.27242,0.26636,0.25561,0.24252,0.22846,0.21264,0.19469,0.17616,0.15614,0.13447,0.11285,0.092221,0.074827,0.061409,0.05169,0.044676,0.038955,0.034196,0.030211,0.026669,0.023487,0.020812,0.018443,0.016394,0.014493,0.013015,0.012098,0.011844,0.012396,0.013987,0.017107,0.021813,0.028979,0.038506,0.050515,0.065271,0.082695,0.10145,0.12053,0.13896,0.15579,0.17023,0.18142,0.18883,0.19192,0.18925,0.18016,0.16494,0.14503,0.12224,0.099726,0.079321,0.063936,0.052598,0.043473,0.03624,0.031042,0.027764,0.026902,0.028049,0.030415,0.033752,0.037409,0.041049,0.044483,0.047038,0.048253,0.047832,0.045935
0.07186,0.079116,0.082863,0.083506,0.081725,0.078016,0.072912,0.066766,0.060087,0.053131,0.046148,0.040232,0.036712,0.035219,0.035367,0.037238,0.041052,0.046279,0.052944,0.060712,0.069674,0.079994,0.092892,0.10713,0.12426,0.14333,0.16225,0.18053,0.19716,0.2105,0.21969,0.22473,0.22534,0.22212,0.21596,0.20753,0.19668,0.18307,0.16861,0.15223,0.13359,0.11404,0.094675,0.07737,0.063117,0.052128,0.044047,0.03745,0.031932,0.027525,0.023853,0.020849,0.018593,0.016722,0.015186,0.014116,0.013729,0.0143,0.01589,0.019503,0.025223,0.033541,0.044436,0.058619,0.074855,0.092935,0.11254,0.13344,0.15455,0.17508,0.19412,0.21113,0.2251,0.23492,0.24003,0.23967,0.23265,0.21851,0.19754,0.17149,0.14302,0.11523,0.09074,0.072695,0.058949,0.047541,0.037636,0.029763,0.024189,0.020929,0.019626,0.019424,0.020022,0.021309,0.023038,0.024887,0.026514,0.027742,0.028743,0.030161
0.098433,0.11131,0.11911,0.12208,0.12137,0.11784,0.11211,0.1044,0.095062,0.084299,0.072153,0.059889,0.050119,0.042417,0.036948,0.033479,0.032529,0.033478,0.035763,0.038898,0.043276,0.049036,0.056812,0.066442,0.079635,0.095967,0.11337,0.13142,0.14842,0.16298,0.1749,0.18403,0.1898,0.1926,0.19264,0.18993,0.18393,0.17453,0.16292,0.14853,0.13108,0.11187,0.09244,0.07473,0.060111,0.048454,0.039814,0.032982,0.02767,0.023802,0.021028,0.019248,0.018229,0.017779,0.017882,0.01876,0.020584,0.02357,0.028085,0.035656,0.046511,0.060673,0.077004,0.095164,0.11415,0.13377,0.15362,0.17335,0.19221,0.20951,0.22433,0.23587,0.24309,0.24591,0.24458,0.23863,0.2268,0.20917,0.18619,0.15955,0.1316,0.10518,0.083103,0.067308,0.05497,0.044376,0.03472,0.026651,0.020035,0.014989,0.011852,0.010136,0.0095406,0.010038,0.01114,0.012473,0.013814,0.015239,0.017066,0.020229
0.11775,0.13542,0.14669,0.15202,0.15298,0.15075,0.14601,0.13902,0.12995,0.11882,0.10553,0.091042,0.078082,0.065875,0.055028,0.046271,0.040714,0.037589,0.036197,0.036005,0.03707,0.039338,0.043052,0.047923,0.054724,0.063419,0.073554,0.085585,0.098414,0.11074,0.12256,0.13355,0.14286,0.15037,0.15572,0.15805,0.15676,0.15167,0.14339,0.1317,0.11661,0.099205,0.081181,0.064574,0.050798,0.039931,0.032396,0.02681,0.022878,0.02049,0.019332,0.019271,0.020201,0.021813,0.024274,0.028314,0.034324,0.042071,0.05138,0.0641,0.079237,0.096831,0.1155,0.13433,0.15289,0.17122,0.18924,0.20601,0.22101,0.23325,0.24179,0.24602,0.24556,0.24155,0.23466,0.22455,0.21029,0.19179,0.16953,0.14491,0.11952,0.09603,0.076908,0.063556,0.052847,0.043399,0.034619,0.026861,0.020005,0.014718,0.011216,0.0090994,0.0080803,0.0079714,0.0083514,0.0089563,0.009635,0.01046,0.01188,0.015199
0.14223,0.16559,0.18121,0.1894,0.19222,0.19125,0.18744,0.18107,0.17232,0.16135,0.14817,0.13362,0.1202,0.10632,0.09214,0.07815,0.06623,0.056748,0.049455,0.044071,0.040977,0.039772,0.039823,0.040977,0.043372,0.046806,0.051054,0.056549,0.063277,0.070652,0.078458,0.086577,0.094504,0.10222,0.10904,0.11367,0.11543,0.11407,0.10984,0.10255,0.092095,0.079449,0.06602,0.053648,0.043646,0.035552,0.029592,0.025473,0.02298,0.022067,0.022524,0.024201,0.027216,0.031401,0.036994,0.045089,0.055424,0.067178,0.079954,0.095058,0.11176,0.12985,0.14786,0.16466,0.17999,0.19403,0.20698,0.21785,0.2264,0.23152,0.23242,0.22959,0.22334,0.21515,0.20495,0.19227,0.17689,0.15895,0.13884,0.11737,0.096179,0.077315,0.062722,0.052649,0.044675,0.037768,0.031295,0.02557,0.020449,0.016053,0.012661,0.010109,0.008544,0.0078122,0.0076352,0.0077739,0.0081637,0.0088348,0.01027,0.013636
0.14006,0.16396,0.18074,0.1907,0.19584,0.1978,0.19758,0.19527,0.19099,0.18476,0.17667,0.16741,0.15883,0.1488,0.13678,0.12328,0.1097,0.096885,0.084714,0.07375,0.065335,0.059137,0.053898,0.049761,0.0467,0.044695,0.04365,0.043837,0.04527,0.047241,0.049689,0.052704,0.055941,0.059325,0.062711,0.065308,0.066373,0.065791,0.06365,0.059825,0.054221,0.047505,0.04095,0.035757,0.032012,0.02905,0.027174,0.026181,0.026356,0.02772,0.030446,0.034971,0.041323,0.04962,0.059488,0.072513,0.087734,0.1037,0.11958,0.136,0.15257,0.16936,0.18442,0.19688,0.20683,0.21536,0.22249,0.22708,0.22896,0.22735,0.22228,0.21394,0.20189,0.1885,0.17365,0.15706,0.13979,0.12184,0.10403,0.087004,0.071628,0.059075,0.050109,0.044183,0.039186,0.034596,0.030061,0.025875,0.021817,0.018242,0.015482,0.01335,0.011993,0.011281,0.011011,0.011023,0.011318,0.011862,0.012999,0.015778
0.12346,0.14534,0.16104,0.1713,0.17792,0.18255,0.1859,0.18786,0.18832,0.18696,0.18442,0.18094,0.17819,0.17421,0.16813,0.16101,0.15311,0.14423,0.13418,0.12323,0.11276,0.10272,0.092136,0.081781,0.071797,0.062853,0.055726,0.050637,0.047567,0.045877,0.044834,0.044251,0.043702,0.043133,0.042718,0.042085,0.041104,0.039546,0.037497,0.03499,0.031996,0.029048,0.026756,0.025738,0.025858,0.02674,0.028233,0.030282,0.033038,0.03643,0.04072,0.046246,0.05297,0.061415,0.071345,0.085004,0.10115,0.11824,0.13533,0.15209,0.16863,0.18505,0.19945,0.21046,0.21805,0.22296,0.22505,0.22385,0.21951,0.21189,0.2008,0.18626,0.16801,0.14925,0.13034,0.11083,0.092506,0.075548,0.061114,0.048995,0.039516,0.032842,0.028863,0.026768,0.025301,0.024215,0.023283,0.022562,0.022145,0.021977,0.021811,0.021538,0.021126,0.020714,0.020427,0.020276,0.02035,0.020596,0.021176,0.023111
0.10308,0.11984,0.13256,0.14186,0.14931,0.15641,0.16374,0.1713,0.17892,0.18599,0.19328,0.20061,0.20788,0.2134,0.21529,0.21312,0.20821,0.20122,0.19172,0.18009,0.16773,0.15442,0.1396,0.12409,0.10825,0.092954,0.079273,0.067925,0.059973,0.054456,0.050173,0.046826,0.043817,0.040702,0.037701,0.034549,0.031313,0.028303,0.025666,0.023643,0.022175,0.02172,0.02218,0.023731,0.025986,0.02879,0.031921,0.035509,0.039574,0.043997,0.048945,0.054549,0.060825,0.068885,0.077984,0.089809,0.10338,0.11732,0.13091,0.14382,0.15658,0.16921,0.18,0.18798,0.1932,0.19633,0.19674,0.19375,0.18711,0.17676,0.1628,0.14561,0.12576,0.10678,0.089121,0.07214,0.057588,0.045581,0.036427,0.02943,0.02426,0.020775,0.018874,0.018263,0.018442,0.019214,0.020319,0.0219,0.023804,0.025938,0.028191,0.030301,0.031972,0.033309,0.034119,0.034635,0.034929,0.034854,0.034447,0.034299
0.075036,0.086105,0.095108,0.10226,0.10865,0.11565,0.12392,0.13359,0.14485,0.15764,0.1733,0.1909,0.20911,0.22664,0.24168,0.25293,0.25942,0.26067,0.25642,0.24717,0.23463,0.21949,0.20197,0.18357,0.16439,0.14519,0.12698,0.1104,0.096655,0.085252,0.075452,0.06691,0.059232,0.052045,0.045546,0.039253,0.033447,0.028282,0.024229,0.021594,0.020047,0.019662,0.020356,0.021955,0.023983,0.026538,0.029487,0.032845,0.036693,0.040926,0.04569,0.05122,0.057525,0.065603,0.074527,0.085349,0.097389,0.10957,0.12139,0.13248,0.14302,0.1529,0.16085,0.16589,0.16795,0.16782,0.16453,0.15785,0.14803,0.13523,0.12021,0.10335,0.085272,0.069199,0.055668,0.043817,0.034586,0.027513,0.022473,0.018746,0.016142,0.014642,0.014169,0.014479,0.015544,0.017754,0.021185,0.025413,0.029926,0.034616,0.039403,0.043677,0.047236,0.050183,0.052272,0.053701,0.054424,0.054228,0.052943,0.050464
0.046726,0.051828,0.057057,0.062108,0.067489,0.073973,0.082078,0.092007,0.104,0.1184,0.13701,0.15944,0.18344,0.20879,0.23433,0.25862,0.2804,0.29678,0.30632,0.3082,0.30292,0.2905,0.27229,0.25125,0.22916,0.20722,0.18693,0.16822,0.15209,0.1375,0.12346,0.1095,0.095441,0.081521,0.06845,0.056348,0.045607,0.036363,0.028747,0.023469,0.02034,0.018876,0.018817,0.019783,0.021598,0.024146,0.027288,0.031216,0.035757,0.040588,0.045951,0.051939,0.058351,0.066142,0.074352,0.083351,0.092637,0.10165,0.10992,0.11697,0.12294,0.1277,0.13009,0.12956,0.12627,0.12179,0.11483,0.10561,0.09504,0.083709,0.072122,0.060581,0.049611,0.040914,0.034206,0.028451,0.023975,0.020574,0.018027,0.016124,0.014774,0.014021,0.013981,0.014336,0.015311,0.017581,0.021537,0.026813,0.033293,0.040577,0.048504,0.055927,0.062262,0.0676,0.071563,0.074197,0.075275,0.074332,0.070873,0.064956
0.027713,0.028609,0.030835,0.033705,0.037422,0.042356,0.048888,0.057109,0.067309,0.079943,0.096667,0.11733,0.14053,0.16688,0.19631,0.22636,0.25696,0.28549,0.30919,0.32642,0.33606,0.33702,0.3296,0.31501,0.2952,0.27237,0.2501,0.22949,0.21179,0.19591,0.18017,0.16367,0.14604,0.12737,0.10868,0.090406,0.073282,0.058097,0.045242,0.035618,0.028933,0.025055,0.023639,0.023809,0.024859,0.026831,0.029774,0.033108,0.036525,0.039907,0.043211,0.04639,0.049284,0.052899,0.056668,0.060668,0.064936,0.069296,0.07337,0.077009,0.080177,0.082852,0.08393,0.082851,0.079734,0.075673,0.069906,0.062933,0.055451,0.048347,0.042035,0.036552,0.031405,0.02744,0.024459,0.02156,0.019265,0.017746,0.016708,0.015984,0.015813,0.01599,0.016568,0.01747,0.019005,0.021917,0.026829,0.033469,0.041812,0.051248,0.061955,0.072295,0.081534,0.089502,0.095823,0.1002,0.10214,0.10079,0.0952,0.085083
0.017489,0.016496,0.017144,0.018344,0.019906,0.021961,0.024726,0.028285,0.032947,0.039339,0.048927,0.062479,0.08012,0.1037,0.13299,0.16446,0.19689,0.22878,0.25921,0.28703,0.31058,0.32812,0.33859,0.3406,0.33494,0.32252,0.30545,0.28539,0.26492,0.2449,0.22562,0.20702,0.18802,0.16833,0.14862,0.12906,0.10999,0.092204,0.075868,0.062184,0.051058,0.042238,0.036742,0.03407,0.033476,0.034102,0.035782,0.038064,0.040404,0.042328,0.043898,0.045128,0.045733,0.046389,0.046946,0.047374,0.047704,0.048246,0.048859,0.049565,0.050302,0.051432,0.052025,0.051633,0.050326,0.048586,0.045908,0.042692,0.039417,0.036783,0.034856,0.033715,0.033225,0.03339,0.033981,0.034514,0.034875,0.035136,0.03509,0.03457,0.033625,0.032389,0.031153,0.03027,0.03015,0.031282,0.034136,0.039441,0.047455,0.058059,0.071494,0.085229,0.097973,0.10919,0.11811,0.1244,0.1273,0.12558,0.11792,0.10373
0.015007,0.012596,0.012026,0.012117,0.012467,0.01319,0.014311,0.015784,0.017705,0.020484,0.024712,0.030981,0.039631,0.052891,0.072718,0.096245,0.1223,0.14925,0.17604,0.20278,0.22962,0.25677,0.28304,0.30437,0.31985,0.32862,0.33111,0.32805,0.32024,0.30835,0.29261,0.27379,0.25243,0.2295,0.20716,0.18534,0.16371,0.14269,0.12256,0.10437,0.088256,0.073707,0.062389,0.054171,0.048621,0.044869,0.042735,0.041642,0.040733,0.03968,0.038259,0.036511,0.034121,0.031524,0.029041,0.026832,0.024863,0.023541,0.022735,0.022637,0.023328,0.025006,0.027026,0.029279,0.031556,0.033754,0.035475,0.036938,0.038508,0.04075,0.044037,0.04873,0.054134,0.059309,0.063626,0.066466,0.067759,0.067577,0.0657,0.062217,0.057618,0.05256,0.047442,0.043025,0.040141,0.038552,0.038837,0.042001,0.04861,0.058117,0.070805,0.084459,0.097533,0.10918,0.11854,0.12507,0.12801,0.12616,0.1182,0.10367
0.020096,0.017515,0.016274,0.015505,0.01499,0.014713,0.014784,0.015104,0.015684,0.01674,0.018636,0.021588,0.025834,0.032837,0.043462,0.057959,0.075958,0.096094,0.11745,0.13996,0.16366,0.18898,0.21613,0.24198,0.26571,0.28569,0.30037,0.30934,0.31287,0.31144,0.30497,0.29383,0.2779,0.25729,0.23531,0.21429,0.19459,0.17543,0.1563,0.13787,0.1201,0.10218,0.086319,0.072544,0.06163,0.05293,0.046934,0.042598,0.038985,0.035894,0.032914,0.029839,0.026391,0.022914,0.020049,0.017797,0.015926,0.014565,0.014061,0.01446,0.016163,0.019125,0.02302,0.028059,0.0337,0.03926,0.044617,0.050419,0.056795,0.064294,0.072345,0.081702,0.091045,0.099007,0.10482,0.10817,0.10889,0.10688,0.10215,0.094914,0.085921,0.076113,0.066287,0.057908,0.052077,0.047693,0.045267,0.045812,0.049664,0.056257,0.06617,0.0776,0.089129,0.099751,0.10858,0.11489,0.11789,0.11641,0.10919,0.095961
0.028796,0.026945,0.025628,0.02431,0.022922,0.021606,0.020389,0.019412,0.01856,0.01802,0.018036,0.018765,0.020298,0.023283,0.028056,0.034576,0.043274,0.054004,0.066858,0.082759,0.10214,0.12515,0.15127,0.17693,0.20156,0.22457,0.24458,0.26082,0.27306,0.28174,0.28597,0.2855,0.28005,0.26869,0.25382,0.23726,0.21985,0.20214,0.18358,0.16477,0.14578,0.12577,0.10685,0.088717,0.072733,0.059456,0.04971,0.042491,0.036718,0.032017,0.027753,0.023664,0.019508,0.015835,0.013277,0.011563,0.010546,0.010286,0.011138,0.013375,0.017138,0.022472,0.029688,0.039695,0.050999,0.06251,0.074294,0.08687,0.09997,0.11324,0.12545,0.13705,0.14671,0.15337,0.15667,0.15668,0.15351,0.14688,0.13678,0.12349,0.10803,0.091642,0.07559,0.062589,0.053809,0.047372,0.043516,0.042687,0.04488,0.049391,0.056914,0.065827,0.075113,0.0839,0.091209,0.096418,0.098811,0.097506,0.091461,0.080541
0.040583,0.039779,0.038447,0.036333,0.033663,0.030969,0.028409,0.026217,0.024289,0.022757,0.021557,0.020785,0.020611,0.021226,0.022924,0.025767,0.02996,0.035375,0.042218,0.051334,0.063733,0.080986,0.10335,0.12701,0.15051,0.17287,0.19225,0.20804,0.22109,0.23244,0.24158,0.24873,0.25378,0.25476,0.25232,0.24657,0.23793,0.2264,0.21211,0.19552,0.17709,0.1562,0.13476,0.11284,0.091882,0.072746,0.05762,0.04604,0.037089,0.03058,0.024986,0.020059,0.015721,0.012266,0.01012,0.0092144,0.0095347,0.010879,0.013493,0.017714,0.023772,0.031859,0.042626,0.056764,0.072604,0.088458,0.10406,0.11967,0.13461,0.14786,0.15852,0.16716,0.17295,0.17567,0.17512,0.17177,0.16594,0.15692,0.14484,0.12998,0.11324,0.095695,0.078574,0.064882,0.055367,0.047735,0.043246,0.042166,0.043991,0.047575,0.053514,0.060409,0.067748,0.074829,0.080879,0.085284,0.087266,0.086111,0.08109,0.072135
0.057752,0.059765,0.059947,0.058296,0.055485,0.052368,0.049182,0.046376,0.043663,0.04106,0.038559,0.036173,0.034103,0.032378,0.031258,0.031186,0.032383,0.034354,0.037416,0.041832,0.048059,0.057073,0.069862,0.086124,0.10542,0.12617,0.14529,0.16176,0.17599,0.18869,0.19911,0.20748,0.2142,0.21812,0.21964,0.21915,0.21642,0.21086,0.20198,0.19006,0.17556,0.1581,0.13873,0.11782,0.096655,0.076254,0.058468,0.044582,0.034063,0.027181,0.021934,0.018028,0.015168,0.013351,0.012855,0.013889,0.01676,0.021451,0.028658,0.038781,0.051678,0.066744,0.084658,0.10558,0.12715,0.14762,0.16598,0.18262,0.19682,0.20718,0.21272,0.21431,0.2123,0.20729,0.19954,0.18965,0.17805,0.16407,0.14829,0.13079,0.11214,0.093055,0.07479,0.060139,0.049298,0.039954,0.032943,0.028982,0.027965,0.02887,0.032037,0.036473,0.041534,0.046534,0.051023,0.05458,0.056661,0.056861,0.054651,0.050361
0.07993,0.086155,0.089021,0.088816,0.086544,0.08361,0.080566,0.07782,0.075211,0.072619,0.069816,0.066666,0.063443,0.060072,0.056522,0.05333,0.051045,0.049436,0.048526,0.048424,0.049292,0.051426,0.054947,0.060443,0.06889,0.081736,0.096342,0.11088,0.12548,0.14044,0.15472,0.1682,0.18095,0.19128,0.19903,0.20351,0.20424,0.20073,0.19329,0.18217,0.16799,0.151,0.13211,0.11159,0.090612,0.070375,0.052496,0.038034,0.027187,0.020489,0.01606,0.013558,0.012656,0.013635,0.016349,0.020876,0.028527,0.039203,0.052753,0.068904,0.086489,0.10459,0.1234,0.14346,0.1628,0.18028,0.1946,0.20625,0.21449,0.21808,0.21654,0.211,0.20246,0.19237,0.18092,0.16889,0.15644,0.14311,0.12905,0.11379,0.097962,0.082198,0.067493,0.056024,0.047186,0.038703,0.03103,0.024895,0.020766,0.018698,0.019171,0.021193,0.023975,0.026956,0.029622,0.031903,0.033463,0.034102,0.033795,0.033007
0.10041,0.11232,0.11925,0.12174,0.12146,0.12024,0.11881,0.11761,0.11649,0.11523,0.11348,0.11093,0.10797,0.10428,0.1003,0.096364,0.092882,0.088405,0.08281,0.076393,0.069477,0.063129,0.058075,0.055382,0.055133,0.058446,0.06385,0.071164,0.079856,0.089984,0.1005,0.11096,0.12128,0.12995,0.1369,0.14174,0.14384,0.14288,0.13903,0.13246,0.12353,0.11243,0.099799,0.086012,0.071831,0.05817,0.046231,0.036679,0.029502,0.025275,0.022806,0.02211,0.023477,0.027345,0.033318,0.041818,0.055361,0.073446,0.094451,0.11682,0.13875,0.15906,0.17776,0.19534,0.21087,0.2235,0.2318,0.23613,0.23597,0.2303,0.21958,0.20533,0.18958,0.17401,0.15856,0.14306,0.12774,0.11271,0.098592,0.084882,0.071897,0.05973,0.049184,0.041357,0.035389,0.029634,0.024128,0.019177,0.015023,0.011943,0.010851,0.011244,0.012752,0.014623,0.016514,0.018322,0.019845,0.021009,0.021999,0.023605
0.10982,0.12364,0.13235,0.13672,0.13854,0.13971,0.14101,0.14267,0.14437,0.14634,0.14843,0.15038,0.15327,0.15577,0.15716,0.15733,0.15585,0.15147,0.14393,0.1332,0.11937,0.10338,0.086161,0.071032,0.059962,0.05377,0.050861,0.050639,0.051835,0.054757,0.05874,0.063636,0.069144,0.074152,0.078578,0.08219,0.084433,0.085196,0.084815,0.083165,0.0803,0.075906,0.070365,0.063982,0.057308,0.05088,0.044915,0.039989,0.03635,0.034645,0.034165,0.035254,0.038572,0.045257,0.054951,0.067463,0.085447,0.10697,0.12944,0.15153,0.17159,0.1884,0.20219,0.21317,0.22161,0.22704,0.22768,0.22374,0.21537,0.20336,0.18922,0.17344,0.15699,0.14065,0.12417,0.10802,0.092552,0.07878,0.067398,0.057636,0.049497,0.042252,0.036362,0.032216,0.028978,0.025605,0.022292,0.019088,0.015902,0.013185,0.011537,0.011079,0.011485,0.012249,0.013185,0.014285,0.015461,0.016729,0.0184,0.021193
0.10619,0.11981,0.12948,0.13587,0.1406,0.1453,0.15074,0.15697,0.16373,0.17096,0.17857,0.18595,0.19483,0.20249,0.20804,0.21099,0.21108,0.20696,0.19849,0.18565,0.16877,0.14856,0.12534,0.10196,0.080142,0.062958,0.051481,0.044875,0.04084,0.039317,0.039377,0.040361,0.041801,0.043343,0.044775,0.045992,0.046611,0.046673,0.04661,0.046532,0.046167,0.045145,0.043902,0.042269,0.040428,0.038711,0.0372,0.035985,0.035305,0.035557,0.036761,0.03935,0.044119,0.052787,0.064478,0.078895,0.098072,0.11993,0.14194,0.16253,0.18015,0.19382,0.20359,0.21066,0.21517,0.21646,0.21324,0.20611,0.19519,0.18138,0.1661,0.1493,0.13197,0.11524,0.099061,0.083897,0.069812,0.057775,0.048578,0.041503,0.036405,0.032369,0.029612,0.027977,0.026626,0.024884,0.022877,0.020691,0.018358,0.016149,0.014322,0.013393,0.013522,0.014201,0.015098,0.016216,0.017401,0.01872,0.020417,0.02321
0.096326,0.10865,0.11835,0.12612,0.13335,0.14145,0.15091,0.16146,0.17276,0.18492,0.19789,0.21092,0.22636,0.24065,0.25268,0.26179,0.26709,0.26662,0.25992,0.24722,0.2288,0.20582,0.17896,0.15098,0.12333,0.098098,0.07763,0.06379,0.053711,0.046995,0.042413,0.039205,0.036756,0.03498,0.033621,0.032299,0.030805,0.029386,0.028369,0.027913,0.027732,0.027473,0.027201,0.026985,0.026947,0.027172,0.027687,0.028706,0.030332,0.032956,0.037056,0.04341,0.052354,0.06673,0.083796,0.10228,0.12309,0.14414,0.16328,0.1796,0.19181,0.19915,0.20166,0.20001,0.19523,0.18743,0.17635,0.16245,0.14622,0.12926,0.11367,0.09856,0.084227,0.07129,0.059676,0.049392,0.040304,0.032915,0.027741,0.024012,0.021662,0.020115,0.019316,0.019256,0.019389,0.019325,0.019221,0.019026,0.018754,0.01843,0.018064,0.017916,0.01845,0.019219,0.020124,0.021131,0.022142,0.023166,0.024531,0.026916
0.068813,0.07508,0.081352,0.088093,0.096127,0.10621,0.11894,0.13414,0.15102,0.16991,0.19,0.2103,0.23377,0.25707,0.27886,0.29724,0.31043,0.31665,0.31519,0.30577,0.28856,0.2646,0.23478,0.20226,0.16886,0.13718,0.11064,0.091135,0.075206,0.063102,0.053801,0.046452,0.04012,0.035246,0.031265,0.027899,0.025027,0.022786,0.021214,0.02035,0.020027,0.020104,0.020425,0.02114,0.022141,0.023663,0.025827,0.028723,0.032523,0.037419,0.04399,0.05354,0.065874,0.084274,0.10444,0.12465,0.14516,0.16399,0.17965,0.19097,0.19719,0.19756,0.19236,0.18229,0.1692,0.15344,0.13574,0.11681,0.098272,0.081139,0.067443,0.055742,0.045635,0.0372,0.030006,0.023956,0.018937,0.015221,0.012944,0.011653,0.011279,0.011648,0.012614,0.014041,0.015414,0.016397,0.017221,0.017877,0.018401,0.01875,0.018983,0.019456,0.020326,0.021289,0.022262,0.023251,0.024164,0.025022,0.026046,0.02824
0.048805,0.050476,0.054038,0.059116,0.066027,0.075264,0.08789,0.10392,0.12269,0.14499,0.16942,0.19415,0.22121,0.24757,0.27247,0.29517,0.31392,0.32731,0.33408,0.33332,0.32479,0.30875,0.28558,0.25729,0.22613,0.19458,0.16638,0.14372,0.12347,0.10579,0.089991,0.075934,0.063334,0.053581,0.045507,0.038678,0.032697,0.027617,0.023565,0.020688,0.018999,0.01821,0.018002,0.018566,0.019793,0.021687,0.024428,0.028031,0.032704,0.038618,0.046409,0.057796,0.071664,0.090507,0.11023,0.12923,0.1472,0.16229,0.17346,0.17992,0.18111,0.17669,0.16692,0.15276,0.13635,0.11817,0.099351,0.08113,0.06568,0.052831,0.043599,0.036517,0.030743,0.026056,0.022191,0.01918,0.016764,0.014822,0.013672,0.013097,0.013021,0.013557,0.014646,0.016003,0.017276,0.01833,0.019348,0.020275,0.021081,0.021705,0.022235,0.022835,0.023696,0.024515,0.025275,0.026021,0.026678,0.027207,0.027774,0.029323
0.040485,0.041556,0.044897,0.049605,0.055823,0.063979,0.075388,0.090058,0.10735,0.1281,0.1509,0.1738,0.19748,0.21941,0.24006,0.25967,0.27671,0.29087,0.30179,0.30805,0.30945,0.30539,0.29579,0.28099,0.26235,0.24066,0.21912,0.20003,0.18123,0.16266,0.14393,0.12512,0.10641,0.090818,0.077469,0.065987,0.055752,0.046699,0.038727,0.032625,0.028342,0.025784,0.024172,0.023636,0.024064,0.02552,0.027937,0.031334,0.035874,0.041768,0.049376,0.060856,0.07436,0.091148,0.10789,0.12332,0.13674,0.14687,0.15319,0.15498,0.15207,0.14453,0.13258,0.11738,0.10136,0.085226,0.069922,0.05614,0.04625,0.038785,0.033941,0.030726,0.028237,0.026224,0.024666,0.023402,0.022131,0.020688,0.019189,0.017895,0.016822,0.016485,0.016854,0.017594,0.018415,0.019408,0.020656,0.022034,0.02347,0.024996,0.026539,0.028052,0.029445,0.030573,0.031349,0.031738,0.031753,0.031314,0.030578,0.030587
0.036764,0.039164,0.043319,0.048112,0.053654,0.060335,0.069364,0.080594,0.093875,0.10997,0.12756,0.14496,0.16227,0.17781,0.19238,0.20638,0.21828,0.22837,0.23678,0.24345,0.24924,0.25374,0.25733,0.25841,0.25735,0.25307,0.24622,0.23794,0.22724,0.21419,0.19896,0.18146,0.16232,0.14506,0.1285,0.11251,0.096609,0.081151,0.066278,0.053124,0.043184,0.036908,0.032562,0.029915,0.028864,0.029404,0.031013,0.033812,0.037863,0.04333,0.050716,0.062016,0.074832,0.089821,0.10465,0.11815,0.12967,0.13797,0.14274,0.14307,0.13887,0.13055,0.11856,0.10393,0.089148,0.075561,0.063861,0.054149,0.048336,0.044648,0.042662,0.041669,0.041175,0.040785,0.040315,0.03958,0.038149,0.03594,0.033206,0.03028,0.027222,0.024981,0.023585,0.022674,0.022061,0.021902,0.022351,0.023486,0.025054,0.026926,0.028971,0.031136,0.033202,0.034955,0.036264,0.036888,0.036759,0.035793,0.034366,0.033695
0.035725,0.038805,0.043171,0.047188,0.050744,0.054288,0.058662,0.064135,0.0709,0.079241,0.088425,0.097596,0.1065,0.11454,0.12258,0.13107,0.13878,0.14573,0.15169,0.15653,0.16077,0.16555,0.17323,0.18291,0.19608,0.21032,0.22324,0.23348,0.23992,0.2417,0.23868,0.23085,0.21861,0.20521,0.19007,0.17341,0.15489,0.13493,0.11407,0.094132,0.077548,0.066226,0.057765,0.05163,0.048097,0.046937,0.047048,0.048221,0.050417,0.053745,0.058278,0.065549,0.073712,0.083082,0.092726,0.10214,0.11056,0.11701,0.12097,0.1217,0.11932,0.11422,0.10665,0.097068,0.087181,0.078098,0.07079,0.06532,0.063346,0.062958,0.063959,0.066066,0.068238,0.070043,0.070955,0.070778,0.069077,0.065474,0.060074,0.053607,0.046653,0.040948,0.036957,0.034101,0.032338,0.031628,0.0322,0.033818,0.036081,0.038733,0.041524,0.044443,0.047048,0.049053,0.050368,0.050694,0.049931,0.047997,0.044948,0.042016
0.046617,0.051686,0.057169,0.061251,0.063783,0.065165,0.066178,0.067239,0.068684,0.070435,0.072117,0.073373,0.074211,0.07473,0.075961,0.078328,0.081136,0.084457,0.088107,0.09181,0.09576,0.10046,0.1076,0.11678,0.13051,0.14922,0.17045,0.19205,0.21218,0.22853,0.23995,0.24549,0.24479,0.23986,0.23045,0.21682,0.19894,0.17757,0.15427,0.13137,0.11108,0.095877,0.083794,0.074209,0.067338,0.063178,0.060367,0.058787,0.058311,0.058664,0.05989,0.062582,0.065725,0.069301,0.073395,0.07815,0.082962,0.087388,0.09096,0.093201,0.094122,0.094015,0.093013,0.091412,0.090091,0.089327,0.090124,0.091817,0.095308,0.098811,0.10183,0.10414,0.10532,0.10505,0.10321,0.099726,0.094257,0.086643,0.077578,0.067899,0.058066,0.049969,0.044602,0.041095,0.039217,0.039159,0.040661,0.043276,0.046724,0.050643,0.054894,0.059302,0.06327,0.066451,0.068796,0.069777,0.069134,0.066556,0.062021,0.056433
0.068168,0.074316,0.079908,0.083393,0.084811,0.084662,0.083252,0.081153,0.078646,0.075719,0.07247,0.06912,0.065957,0.063414,0.061603,0.06049,0.059667,0.05919,0.059147,0.059335,0.059924,0.061574,0.065239,0.070553,0.078329,0.088558,0.10015,0.11279,0.12648,0.14052,0.15374,0.16548,0.17459,0.18101,0.18424,0.18371,0.17867,0.16933,0.15668,0.14262,0.12886,0.11771,0.10761,0.098641,0.09117,0.085216,0.08009,0.075758,0.072186,0.069109,0.06647,0.064636,0.063494,0.062779,0.062677,0.063413,0.06495,0.066959,0.069156,0.071495,0.07433,0.078268,0.083437,0.089851,0.097853,0.1074,0.11868,0.13011,0.14081,0.14977,0.15624,0.16036,0.16193,0.1607,0.15727,0.15201,0.14501,0.13599,0.12562,0.11466,0.10349,0.093835,0.086804,0.081534,0.077846,0.075755,0.075497,0.076952,0.079924,0.0838,0.088408,0.093421,0.098064,0.10208,0.10513,0.10657,0.10585,0.10212,0.094831,0.084441
0.11043,0.13,0.14359,0.15118,0.15437,0.15482,0.15364,0.15143,0.14835,0.14442,0.13996,0.13567,0.13155,0.12753,0.12315,0.11869,0.11349,0.10747,0.10173,0.09585,0.09001,0.084984,0.081555,0.080371,0.081368,0.085014,0.090919,0.098304,0.10602,0.11262,0.11726,0.12014,0.12142,0.12142,0.11962,0.11591,0.11108,0.10604,0.10143,0.097237,0.093411,0.089934,0.086428,0.082842,0.078942,0.074626,0.070346,0.066211,0.062413,0.058998,0.056161,0.053897,0.052531,0.05202,0.052761,0.054371,0.056613,0.059654,0.063976,0.069493,0.075757,0.082339,0.088722,0.094679,0.10006,0.10513,0.10961,0.11329,0.1161,0.11748,0.1179,0.11759,0.11713,0.11669,0.11607,0.11486,0.1139,0.11268,0.11038,0.10755,0.10388,0.10014,0.0967,0.093534,0.090782,0.08826,0.085953,0.084425,0.083832,0.084323,0.085545,0.087098,0.088811,0.090167,0.09064,0.089978,0.088137,0.08468,0.079422,0.07347
0.1153,0.13446,0.14806,0.15642,0.16142,0.16484,0.16784,0.17059,0.17333,0.17574,0.17766,0.17862,0.1785,0.17707,0.17361,0.16831,0.16086,0.15128,0.14102,0.12966,0.11756,0.10552,0.094076,0.084343,0.076587,0.072373,0.070347,0.070202,0.071414,0.072891,0.073715,0.073825,0.073472,0.073096,0.07225,0.070513,0.067978,0.065264,0.062901,0.06071,0.058776,0.057073,0.055532,0.054181,0.052781,0.051421,0.05024,0.049089,0.048228,0.047771,0.047777,0.04853,0.050524,0.053849,0.059078,0.065627,0.073091,0.081129,0.090243,0.1005,0.11091,0.12092,0.1298,0.13697,0.14217,0.1457,0.14725,0.14646,0.14348,0.13796,0.13026,0.12139,0.11245,0.10383,0.095551,0.087215,0.080623,0.075196,0.070354,0.066099,0.062037,0.058358,0.05547,0.053274,0.051575,0.050552,0.050165,0.050866,0.052685,0.055542,0.05905,0.062864,0.06666,0.069715,0.071535,0.072054,0.071286,0.068805,0.064558,0.059903
0.11122,0.12908,0.14172,0.14954,0.15455,0.15864,0.1633,0.16867,0.17503,0.1821,0.18997,0.19743,0.2036,0.20791,0.20888,0.20645,0.20048,0.19083,0.17895,0.1646,0.1484,0.13112,0.11348,0.096762,0.081538,0.070329,0.06139,0.054903,0.050591,0.047776,0.045878,0.044466,0.043594,0.04319,0.042799,0.042306,0.041695,0.041383,0.041675,0.042231,0.043062,0.044097,0.045034,0.045692,0.045815,0.045769,0.045802,0.045942,0.04639,0.047259,0.049081,0.052706,0.058302,0.065769,0.07608,0.087868,0.10007,0.1122,0.12501,0.13786,0.14968,0.15956,0.16676,0.17094,0.17228,0.17087,0.16667,0.15943,0.15015,0.1384,0.12483,0.11076,0.09736,0.085315,0.074611,0.064875,0.057742,0.052453,0.047963,0.044208,0.040959,0.038422,0.036755,0.035685,0.035236,0.035551,0.036599,0.038587,0.041433,0.044907,0.048554,0.052004,0.055113,0.057555,0.058901,0.059111,0.058293,0.056297,0.053328,0.050854
0.10873,0.12724,0.14114,0.15101,0.15871,0.16617,0.17439,0.18347,0.19352,0.20446,0.21661,0.22819,0.23838,0.24582,0.24916,0.24807,0.24258,0.23278,0.21979,0.20346,0.1845,0.16362,0.14179,0.12039,0.099919,0.08379,0.070026,0.059001,0.050646,0.045006,0.041157,0.038471,0.036533,0.035237,0.034113,0.032848,0.031767,0.0313,0.03149,0.032047,0.033044,0.034394,0.035838,0.037045,0.038033,0.039142,0.040311,0.041578,0.043148,0.045548,0.049086,0.054883,0.063364,0.074096,0.087672,0.10259,0.11749,0.13131,0.1447,0.15667,0.166,0.17191,0.17413,0.17249,0.16802,0.16074,0.15121,0.13908,0.1258,0.11127,0.095873,0.081018,0.067542,0.056284,0.047252,0.039858,0.035021,0.031871,0.029474,0.027644,0.025973,0.024748,0.023978,0.023398,0.023168,0.023448,0.024197,0.025705,0.028243,0.031741,0.035644,0.039237,0.042226,0.044589,0.046069,0.046663,0.04641,0.045238,0.043474,0.042663
0.092673,0.10746,0.1193,0.12854,0.13703,0.14667,0.1584,0.17258,0.18898,0.20768,0.22839,0.24877,0.26706,0.28106,0.28905,0.29083,0.28697,0.278,0.26485,0.24793,0.22773,0.20485,0.17967,0.15369,0.12758,0.10492,0.08438,0.066898,0.052911,0.043067,0.036474,0.031852,0.028336,0.025668,0.023443,0.021392,0.01979,0.018825,0.018461,0.018662,0.019661,0.021286,0.023423,0.025836,0.028193,0.030852,0.033534,0.036467,0.039982,0.04457,0.050662,0.059229,0.0704,0.083641,0.09951,0.11641,0.13251,0.1465,0.15877,0.1678,0.17298,0.17364,0.16999,0.16223,0.15242,0.14021,0.12621,0.1107,0.095361,0.080663,0.066714,0.054719,0.045201,0.038519,0.033762,0.029994,0.027271,0.025047,0.023151,0.021554,0.020102,0.019083,0.018446,0.01812,0.018144,0.018799,0.020086,0.022013,0.024544,0.027591,0.031069,0.034369,0.036949,0.038892,0.040086,0.040647,0.040547,0.039829,0.038929,0.039125
0.073148,0.083112,0.091615,0.099146,0.10713,0.11727,0.13017,0.14601,0.16481,0.18713,0.21326,0.23965,0.26454,0.28645,0.30307,0.31339,0.31727,0.31454,0.30562,0.29122,0.27264,0.25098,0.22671,0.20099,0.17432,0.1494,0.12545,0.10359,0.084178,0.06907,0.057733,0.048641,0.041049,0.034469,0.028623,0.02353,0.019314,0.016026,0.01361,0.011969,0.011235,0.011968,0.014202,0.017361,0.0211,0.025804,0.030957,0.036805,0.043594,0.051577,0.060936,0.072419,0.085986,0.10127,0.11829,0.1358,0.15148,0.16386,0.17303,0.17737,0.17657,0.17053,0.15992,0.14544,0.13034,0.11384,0.096713,0.079331,0.06363,0.050246,0.03928,0.031193,0.02557,0.022474,0.020645,0.019549,0.019063,0.018652,0.018128,0.017496,0.016622,0.015939,0.015433,0.015015,0.014828,0.015094,0.015908,0.017266,0.019522,0.022277,0.025392,0.028508,0.031078,0.033148,0.034608,0.035586,0.036123,0.036237,0.036245,0.037088
0.049687,0.053657,0.058283,0.063473,0.07035,0.080464,0.09411,0.11136,0.13229,0.15747,0.18751,0.21815,0.24763,0.27545,0.29987,0.31987,0.33498,0.34402,0.3461,0.34062,0.32801,0.30875,0.28358,0.25415,0.2226,0.19199,0.16272,0.13597,0.11191,0.092734,0.077505,0.064796,0.053891,0.044249,0.035974,0.029205,0.023585,0.019137,0.015941,0.013684,0.012421,0.012407,0.014022,0.017041,0.021356,0.027161,0.034033,0.042023,0.050955,0.060829,0.071468,0.083065,0.095668,0.10935,0.1235,0.13696,0.14754,0.15418,0.15704,0.15498,0.1481,0.13711,0.12275,0.10601,0.090469,0.07521,0.060876,0.047942,0.037734,0.030338,0.025137,0.021777,0.020038,0.019767,0.020614,0.022281,0.024361,0.026142,0.027187,0.02751,0.027095,0.026634,0.026012,0.025083,0.024172,0.02356,0.023444,0.023874,0.025139,0.027471,0.030405,0.033328,0.03587,0.037905,0.039315,0.040244,0.040671,0.040532,0.04008,0.039957
0.033174,0.033895,0.036069,0.039088,0.043578,0.050771,0.061011,0.0749,0.092686,0.1149,0.14215,0.17094,0.19936,0.22773,0.2543,0.2787,0.30069,0.31936,0.3338,0.34266,0.34533,0.34109,0.32939,0.31004,0.2843,0.25462,0.22438,0.19602,0.16971,0.14733,0.12788,0.10989,0.092953,0.077251,0.063548,0.052301,0.042711,0.034751,0.028431,0.023577,0.020226,0.018496,0.018492,0.020139,0.023511,0.028582,0.03483,0.04221,0.050529,0.059339,0.068339,0.077436,0.086523,0.095577,0.1039,0.11091,0.11539,0.11673,0.11545,0.11039,0.1019,0.09069,0.077653,0.063769,0.052322,0.042369,0.03453,0.028713,0.025016,0.023329,0.023181,0.024485,0.026943,0.030602,0.035062,0.040335,0.045066,0.048022,0.048663,0.047556,0.045233,0.043204,0.041368,0.039611,0.037866,0.036089,0.034659,0.033597,0.033287,0.034054,0.035812,0.037706,0.039376,0.040873,0.04206,0.043012,0.043457,0.043306,0.042681,0.042081
0.022212,0.021347,0.022264,0.0239,0.026462,0.030711,0.036932,0.045734,0.057815,0.074071,0.095233,0.11864,0.14277,0.16829,0.19353,0.21796,0.24108,0.26169,0.27931,0.2934,0.30403,0.3106,0.31226,0.30782,0.29761,0.28184,0.26235,0.24108,0.21998,0.20098,0.18266,0.16403,0.14507,0.12613,0.10855,0.093692,0.080134,0.067595,0.056745,0.047342,0.039276,0.033319,0.029547,0.028188,0.029703,0.033276,0.038018,0.043876,0.050537,0.057632,0.064665,0.071244,0.077055,0.082249,0.08617,0.088653,0.088976,0.087045,0.083296,0.076683,0.068087,0.058504,0.048895,0.040314,0.034458,0.030589,0.02852,0.027917,0.028891,0.031675,0.036396,0.042852,0.050962,0.060268,0.069854,0.079284,0.086297,0.089466,0.08848,0.084069,0.077069,0.069826,0.062601,0.056342,0.050976,0.046308,0.042272,0.039147,0.037266,0.036887,0.038202,0.040509,0.043213,0.045922,0.048264,0.050198,0.051251,0.051051,0.049377,0.046515
0.021343,0.020002,0.020221,0.020819,0.021752,0.023379,0.025935,0.02991,0.035999,0.044828,0.057232,0.072998,0.091377,0.11311,0.13639,0.16048,0.18443,0.20693,0.22727,0.2447,0.25886,0.2695,0.27685,0.28042,0.28099,0.27801,0.27158,0.26186,0.24954,0.23564,0.21985,0.2022,0.18322,0.16355,0.1448,0.12842,0.11276,0.097636,0.084361,0.072136,0.060817,0.051693,0.044814,0.040294,0.038574,0.038888,0.040595,0.043262,0.046584,0.050153,0.053415,0.056158,0.057896,0.05886,0.058747,0.057519,0.055074,0.051599,0.047788,0.042591,0.036946,0.031902,0.027644,0.025047,0.024735,0.026197,0.029516,0.034973,0.042972,0.053614,0.066361,0.080604,0.095382,0.10982,0.12287,0.13421,0.14171,0.14387,0.14057,0.13283,0.12179,0.10989,0.097892,0.08702,0.077509,0.068715,0.06053,0.053427,0.047704,0.043981,0.042321,0.042235,0.043364,0.045088,0.047062,0.048895,0.05007,0.050144,0.048895,0.046405
0.025139,0.023562,0.023094,0.022933,0.022864,0.022982,0.023412,0.024437,0.026441,0.02994,0.035597,0.043383,0.053545,0.0677,0.085074,0.10514,0.12653,0.14784,0.16838,0.18734,0.20407,0.21825,0.23018,0.23852,0.24462,0.24787,0.24806,0.2449,0.23877,0.22998,0.21818,0.20461,0.1892,0.17242,0.15585,0.14058,0.12515,0.10934,0.095096,0.081555,0.068633,0.057808,0.049281,0.043422,0.04032,0.038996,0.03884,0.03936,0.040275,0.041098,0.041575,0.041555,0.040627,0.039106,0.037085,0.03459,0.031886,0.029431,0.027706,0.026232,0.025552,0.025842,0.027353,0.031065,0.036878,0.044542,0.054242,0.066826,0.081723,0.098019,0.11486,0.13164,0.14777,0.16222,0.1741,0.18307,0.18735,0.18613,0.17944,0.16829,0.15403,0.13914,0.12383,0.11012,0.097871,0.086051,0.074387,0.063849,0.055021,0.048454,0.043982,0.041281,0.040401,0.040792,0.041753,0.043015,0.043885,0.043977,0.043024,0.041513
0.035208,0.034495,0.033812,0.032854,0.031488,0.029802,0.02807,0.026448,0.025299,0.024884,0.025202,0.026784,0.030075,0.035748,0.043648,0.054148,0.06718,0.081733,0.097187,0.11287,0.12857,0.14394,0.15948,0.17372,0.18824,0.20178,0.21261,0.2199,0.22368,0.22372,0.21943,0.21183,0.20124,0.18853,0.17485,0.16118,0.14628,0.13028,0.11527,0.10027,0.085045,0.071038,0.058939,0.049712,0.043475,0.039438,0.037015,0.035356,0.033986,0.032724,0.031246,0.029551,0.027553,0.02544,0.023343,0.021279,0.019761,0.01909,0.01949,0.020897,0.023671,0.028403,0.035065,0.044859,0.057177,0.071899,0.088989,0.10858,0.12937,0.15054,0.17127,0.19107,0.20941,0.22497,0.23708,0.24502,0.24668,0.24156,0.22968,0.21224,0.19116,0.16912,0.14753,0.12945,0.11366,0.098228,0.082817,0.068537,0.056017,0.046115,0.039005,0.034139,0.031585,0.030847,0.030921,0.031501,0.032068,0.032277,0.032141,0.032594
0.047824,0.049527,0.049915,0.04903,0.047082,0.044242,0.040756,0.036834,0.032791,0.028846,0.02515,0.022411,0.021446,0.022091,0.024132,0.027478,0.032811,0.03974,0.047907,0.056828,0.066756,0.077729,0.090376,0.10383,0.11951,0.13589,0.15076,0.16355,0.17354,0.18003,0.18276,0.18252,0.17908,0.17298,0.16483,0.15474,0.14211,0.12708,0.11224,0.096833,0.080746,0.065198,0.051543,0.041057,0.033872,0.029071,0.026109,0.024167,0.022774,0.021901,0.02118,0.020633,0.020118,0.01956,0.019333,0.019675,0.020691,0.022667,0.025926,0.031479,0.039628,0.050972,0.065129,0.083133,0.1034,0.12551,0.14905,0.17425,0.19969,0.22474,0.24819,0.26921,0.28697,0.29977,0.30643,0.30627,0.29778,0.28102,0.25727,0.22903,0.1991,0.17024,0.14474,0.12501,0.10845,0.092878,0.077605,0.063397,0.050486,0.039698,0.031703,0.026188,0.023265,0.022115,0.021934,0.022274,0.022793,0.023176,0.023468,0.024593
0.063463,0.069842,0.073587,0.074655,0.07361,0.070853,0.06674,0.061395,0.055124,0.048128,0.040439,0.033038,0.02762,0.023696,0.021321,0.020287,0.021106,0.023174,0.026249,0.030076,0.034964,0.040919,0.048436,0.057284,0.068959,0.082803,0.096969,0.1109,0.12362,0.13425,0.14252,0.14828,0.15097,0.15097,0.14827,0.14282,0.13422,0.12257,0.10977,0.095315,0.079217,0.062744,0.047534,0.035526,0.026993,0.02143,0.018174,0.016354,0.015514,0.015393,0.01575,0.016615,0.017787,0.019239,0.021261,0.024241,0.028459,0.034141,0.041459,0.052319,0.066381,0.083945,0.10386,0.1259,0.14857,0.1715,0.19465,0.21822,0.24149,0.26365,0.28347,0.30025,0.31192,0.31704,0.31569,0.30789,0.29329,0.27238,0.24612,0.21644,0.1862,0.15774,0.13314,0.11464,0.099264,0.085205,0.071654,0.059308,0.048021,0.038277,0.030578,0.024653,0.020744,0.018727,0.017966,0.017726,0.017808,0.017982,0.018426,0.020258
0.076181,0.085832,0.092082,0.095035,0.09544,0.093904,0.09081,0.086208,0.080178,0.072776,0.063809,0.053997,0.045363,0.037567,0.030698,0.024953,0.021964,0.020949,0.021257,0.02245,0.024744,0.027975,0.03212,0.037134,0.043847,0.051837,0.060498,0.069846,0.079201,0.087813,0.095386,0.1018,0.1064,0.10936,0.11053,0.10928,0.1051,0.09785,0.088851,0.077814,0.064777,0.050952,0.037986,0.027529,0.020412,0.015607,0.013212,0.012184,0.012326,0.013404,0.015339,0.018098,0.021607,0.025803,0.030877,0.037962,0.047122,0.058172,0.070896,0.087576,0.10685,0.12838,0.15066,0.17314,0.19537,0.21732,0.23954,0.26162,0.28277,0.30086,0.31408,0.32178,0.32322,0.31855,0.30888,0.29463,0.27677,0.25504,0.22972,0.20167,0.17248,0.1447,0.12119,0.10396,0.089626,0.076951,0.065244,0.054876,0.045243,0.036613,0.029351,0.023245,0.018742,0.016104,0.014871,0.014227,0.014066,0.014238,0.014958,0.017205
0.088707,0.10118,0.10967,0.11415,0.1157,0.11519,0.11313,0.10965,0.10486,0.098664,0.091025,0.082353,0.074378,0.06589,0.056837,0.04806,0.040768,0.035312,0.031577,0.0291,0.02821,0.028202,0.028636,0.029605,0.031451,0.034282,0.037887,0.042302,0.047179,0.05201,0.056612,0.061033,0.064952,0.068521,0.071395,0.072587,0.071498,0.068049,0.062988,0.056285,0.047985,0.039058,0.030789,0.024357,0.019873,0.016882,0.015337,0.015152,0.016543,0.019292,0.023419,0.029113,0.036365,0.045522,0.05688,0.071373,0.0881,0.1058,0.12372,0.14378,0.16486,0.18709,0.20903,0.22976,0.24938,0.26767,0.28437,0.29743,0.30521,0.30672,0.3019,0.29183,0.27797,0.26294,0.24816,0.23275,0.21629,0.19755,0.17703,0.15507,0.13282,0.1121,0.095486,0.083565,0.073451,0.064333,0.055645,0.04781,0.040512,0.034006,0.028388,0.023575,0.019823,0.017294,0.015916,0.015142,0.014787,0.0147,0.015013,0.016745
0.088098,0.10122,0.11036,0.11559,0.11797,0.11853,0.11778,0.11596,0.11338,0.11021,0.10649,0.10254,0.099371,0.095224,0.089579,0.082465,0.075134,0.068055,0.061274,0.055135,0.050513,0.046788,0.04324,0.040077,0.037368,0.035334,0.0341,0.033752,0.034304,0.035325,0.03652,0.037752,0.038849,0.04004,0.041459,0.042451,0.042477,0.041392,0.039523,0.036742,0.033255,0.029853,0.027073,0.025166,0.024407,0.0245,0.025611,0.027936,0.031816,0.037131,0.044264,0.053584,0.064939,0.078332,0.093161,0.11111,0.13076,0.15039,0.16931,0.18857,0.20739,0.22619,0.24337,0.25819,0.27111,0.28185,0.28899,0.29092,0.2876,0.27963,0.26833,0.25512,0.24071,0.22653,0.21144,0.19493,0.178,0.16012,0.14175,0.12293,0.10442,0.087744,0.074621,0.065327,0.057617,0.050689,0.044339,0.039053,0.034357,0.030255,0.026634,0.023191,0.020152,0.017905,0.016512,0.015573,0.015114,0.014971,0.015322,0.016879
0.08026,0.091538,0.099883,0.10518,0.10831,0.11029,0.11167,0.11266,0.11341,0.11418,0.11546,0.11721,0.12006,0.12177,0.12128,0.11877,0.1149,0.10992,0.10353,0.095878,0.088319,0.080434,0.071707,0.062931,0.054246,0.046417,0.040009,0.035357,0.032397,0.030593,0.029285,0.028215,0.027141,0.026181,0.025649,0.025148,0.024512,0.023723,0.023095,0.022588,0.022137,0.022415,0.023674,0.025909,0.029017,0.032877,0.037517,0.043204,0.050652,0.059664,0.07044,0.082981,0.096919,0.11254,0.12895,0.14819,0.16876,0.18865,0.20705,0.22425,0.24035,0.25562,0.26871,0.27774,0.28243,0.28359,0.28017,0.272,0.26012,0.24552,0.22914,0.21112,0.1914,0.17187,0.15273,0.13328,0.11512,0.098138,0.083005,0.069186,0.057029,0.047341,0.040503,0.036132,0.032745,0.029976,0.027923,0.026509,0.025461,0.024604,0.023673,0.022485,0.02105,0.019785,0.018791,0.018021,0.017554,0.017253,0.017267,0.018306
0.068264,0.076627,0.083186,0.087858,0.09132,0.094393,0.097691,0.10137,0.10555,0.11045,0.11734,0.12571,0.13503,0.14301,0.14841,0.15151,0.15326,0.15325,0.1512,0.14668,0.14037,0.13186,0.12092,0.10851,0.094973,0.081192,0.068575,0.057744,0.049445,0.043388,0.038653,0.034604,0.030923,0.027402,0.024299,0.021467,0.01897,0.017216,0.016368,0.016668,0.018096,0.020989,0.025404,0.031123,0.037718,0.044979,0.052731,0.061226,0.070699,0.08069,0.09128,0.1026,0.11445,0.12758,0.14099,0.15671,0.17347,0.18968,0.20464,0.21772,0.22897,0.23871,0.24649,0.25127,0.2524,0.25109,0.24589,0.23652,0.22368,0.20784,0.18956,0.16911,0.14709,0.12621,0.1068,0.088166,0.072101,0.058281,0.047148,0.038012,0.030721,0.025291,0.021722,0.019541,0.018295,0.017902,0.018401,0.019594,0.020873,0.022206,0.023601,0.024778,0.025566,0.026092,0.026383,0.026511,0.026532,0.026287,0.025956,0.026081
0.056004,0.062354,0.067729,0.071947,0.075551,0.079308,0.08366,0.088902,0.095342,0.10313,0.11427,0.12853,0.14475,0.1615,0.17627,0.18858,0.1986,0.2058,0.20947,0.20923,0.20579,0.19848,0.18738,0.17357,0.15764,0.14046,0.12336,0.10698,0.09262,0.080469,0.069899,0.060486,0.052008,0.044244,0.037512,0.031365,0.025997,0.02208,0.019964,0.019541,0.020912,0.024465,0.02998,0.037286,0.045363,0.053917,0.062467,0.071065,0.079859,0.088486,0.097144,0.10599,0.11491,0.12513,0.13551,0.14707,0.1589,0.17029,0.18066,0.18947,0.19695,0.20307,0.20702,0.20773,0.20528,0.20141,0.1941,0.18326,0.16949,0.15338,0.13576,0.11697,0.097709,0.080618,0.066192,0.053399,0.04313,0.035031,0.02899,0.024092,0.019873,0.016764,0.014671,0.013247,0.012408,0.012526,0.013733,0.015899,0.018759,0.022353,0.026518,0.03045,0.033785,0.036643,0.038707,0.040035,0.040609,0.040253,0.038985,0.037253
0.03809,0.041205,0.044465,0.047496,0.050576,0.054096,0.058404,0.063642,0.070125,0.078277,0.090016,0.10589,0.1251,0.1473,0.17045,0.19284,0.21333,0.23079,0.24404,0.25177,0.25366,0.249,0.23889,0.22569,0.21029,0.19411,0.17807,0.16206,0.14704,0.13309,0.11945,0.10563,0.091613,0.077642,0.06458,0.052527,0.041879,0.033269,0.027391,0.024683,0.024917,0.027571,0.032806,0.039954,0.048392,0.057627,0.066999,0.076453,0.085819,0.094722,0.10337,0.11177,0.11976,0.12867,0.13706,0.14552,0.15349,0.16067,0.16633,0.17013,0.17242,0.17327,0.17215,0.16831,0.16202,0.15516,0.14555,0.13331,0.11921,0.1043,0.089764,0.075982,0.063272,0.053119,0.045095,0.037832,0.031967,0.027459,0.024113,0.021245,0.018648,0.016421,0.014561,0.0129,0.011656,0.011144,0.01158,0.013219,0.016233,0.020179,0.02525,0.030623,0.035749,0.040483,0.044338,0.0472,0.048821,0.048953,0.047584,0.045028
0.027303,0.027739,0.029522,0.031816,0.034679,0.038294,0.042813,0.04846,0.05562,0.064668,0.077202,0.093581,0.11332,0.13809,0.1661,0.19429,0.22145,0.24666,0.26894,0.28638,0.2971,0.29981,0.29437,0.28208,0.26519,0.24625,0.22769,0.21034,0.19458,0.17991,0.16502,0.14905,0.13196,0.11417,0.09665,0.07995,0.064868,0.05232,0.042408,0.03622,0.033777,0.034594,0.038382,0.044096,0.050822,0.058306,0.066094,0.073919,0.08143,0.088275,0.094587,0.10033,0.10525,0.11048,0.11502,0.11902,0.1224,0.12547,0.12749,0.12816,0.1274,0.12537,0.12156,0.11562,0.10795,0.10026,0.09102,0.080852,0.070618,0.061104,0.052678,0.045678,0.039979,0.035875,0.03289,0.030119,0.027855,0.026237,0.025029,0.023724,0.022337,0.020982,0.019592,0.017841,0.016328,0.015086,0.014618,0.015316,0.017452,0.021234,0.026712,0.032862,0.038857,0.044464,0.049199,0.052963,0.055451,0.056261,0.055121,0.052223
0.020119,0.019267,0.019952,0.020993,0.022303,0.023886,0.025836,0.02834,0.031749,0.036648,0.044188,0.054994,0.068937,0.088719,0.11489,0.14449,0.17544,0.20603,0.23494,0.26143,0.2844,0.30225,0.3133,0.31671,0.31278,0.30237,0.28779,0.27065,0.25287,0.23523,0.21797,0.2002,0.18114,0.16083,0.14027,0.11982,0.09998,0.081938,0.066218,0.054323,0.046953,0.043403,0.044019,0.047286,0.052367,0.058541,0.0653,0.072038,0.078168,0.083114,0.086995,0.08986,0.091233,0.092153,0.092378,0.091865,0.090963,0.09047,0.089635,0.088439,0.087033,0.085634,0.083326,0.079852,0.075499,0.071203,0.066064,0.060596,0.055523,0.051758,0.049377,0.048641,0.048998,0.050456,0.052708,0.054512,0.055804,0.056609,0.056416,0.054788,0.051814,0.048047,0.043429,0.038246,0.033314,0.02888,0.025244,0.023271,0.023703,0.02602,0.030393,0.036145,0.042612,0.048991,0.054675,0.059369,0.062517,0.063539,0.061903,0.057656
0.01857,0.016716,0.016644,0.017004,0.017588,0.018322,0.01922,0.020323,0.021713,0.023689,0.026776,0.031561,0.03864,0.050465,0.068323,0.091283,0.11817,0.14686,0.17598,0.20547,0.23458,0.26286,0.28822,0.30801,0.32137,0.32729,0.32612,0.31861,0.30615,0.28996,0.27124,0.25045,0.2279,0.20413,0.18077,0.15793,0.13548,0.11439,0.094933,0.078184,0.065169,0.055513,0.050479,0.048162,0.047565,0.048314,0.049964,0.051839,0.053419,0.054286,0.054471,0.053745,0.051895,0.049553,0.046817,0.043808,0.040854,0.038946,0.037911,0.037923,0.038781,0.040782,0.043254,0.045885,0.048468,0.050861,0.052595,0.054108,0.055707,0.05821,0.06203,0.067928,0.075117,0.082763,0.089945,0.095764,0.099717,0.10155,0.10078,0.09702,0.090621,0.082376,0.073033,0.06359,0.05578,0.048668,0.042338,0.038119,0.036614,0.037416,0.041201,0.046731,0.053149,0.059737,0.065724,0.070604,0.07368,0.074132,0.071271,0.065052
0.022041,0.020288,0.01972,0.019493,0.019377,0.01931,0.019251,0.019199,0.01919,0.019467,0.020369,0.022008,0.024497,0.029515,0.037969,0.049918,0.066084,0.085516,0.10718,0.13119,0.15695,0.18415,0.21121,0.23584,0.25741,0.27451,0.28587,0.29089,0.28978,0.28313,0.27148,0.25543,0.23589,0.21451,0.19426,0.17455,0.15448,0.13449,0.11493,0.097245,0.082277,0.06909,0.059915,0.053594,0.049725,0.047333,0.046213,0.045561,0.044805,0.043719,0.042174,0.040163,0.037604,0.034864,0.032511,0.030427,0.028815,0.028344,0.028645,0.029929,0.032173,0.035504,0.039889,0.045369,0.051395,0.057648,0.063935,0.070707,0.078303,0.087747,0.098605,0.1118,0.12599,0.13944,0.1513,0.16075,0.16694,0.16949,0.16776,0.16134,0.15078,0.13704,0.12133,0.10578,0.092053,0.078603,0.066723,0.057736,0.051703,0.048587,0.048957,0.051452,0.05529,0.059846,0.064246,0.06786,0.069975,0.069915,0.067064,0.061478
0.027716,0.026702,0.026104,0.025291,0.024351,0.023392,0.02244,0.021547,0.020783,0.020245,0.019973,0.020094,0.02067,0.02244,0.025737,0.030511,0.037509,0.047348,0.060392,0.077377,0.098202,0.12285,0.14934,0.17479,0.19815,0.21862,0.23512,0.24743,0.2556,0.25952,0.25899,0.25411,0.24506,0.23161,0.2164,0.20034,0.18286,0.16379,0.1435,0.12343,0.105,0.087244,0.072677,0.060623,0.051205,0.043751,0.038221,0.033964,0.030358,0.027301,0.024572,0.021961,0.019316,0.017091,0.015541,0.014901,0.015177,0.016474,0.018923,0.022725,0.028028,0.034618,0.042784,0.052679,0.063951,0.076093,0.088812,0.10229,0.11612,0.1304,0.14444,0.1594,0.17392,0.18645,0.19645,0.2034,0.20659,0.20518,0.19884,0.18757,0.17197,0.15318,0.13272,0.11369,0.097728,0.082449,0.069215,0.059401,0.053256,0.050298,0.050713,0.053289,0.057075,0.061354,0.065471,0.068748,0.070554,0.07015,0.066944,0.06115
0.0375,0.037147,0.036661,0.035492,0.033885,0.032157,0.03041,0.028751,0.027068,0.02547,0.023907,0.022572,0.021491,0.021118,0.021528,0.023091,0.025927,0.03038,0.036962,0.046555,0.05969,0.076857,0.097579,0.11925,0.14024,0.15987,0.17609,0.18848,0.19735,0.20319,0.20604,0.20617,0.204,0.19887,0.19245,0.18467,0.17475,0.16201,0.14638,0.12926,0.11193,0.093884,0.077129,0.06159,0.048024,0.037093,0.028997,0.023034,0.018673,0.015893,0.013869,0.012428,0.011654,0.011602,0.012355,0.014054,0.016946,0.02119,0.02715,0.034877,0.044654,0.056265,0.070334,0.087569,0.10644,0.12526,0.14363,0.16135,0.17808,0.19323,0.20597,0.21757,0.22741,0.23432,0.23806,0.23886,0.23626,0.2295,0.21849,0.20323,0.18464,0.16375,0.14189,0.1223,0.10583,0.089362,0.074038,0.061277,0.052365,0.046825,0.044859,0.044971,0.046449,0.048631,0.050792,0.052608,0.053591,0.053224,0.051122,0.04764
0.044379,0.045208,0.045607,0.045079,0.04385,0.042419,0.040825,0.039282,0.037575,0.035786,0.033774,0.031611,0.029331,0.027153,0.025193,0.024099,0.024244,0.025573,0.028355,0.033099,0.040208,0.049946,0.062652,0.078393,0.096345,0.11535,0.13233,0.14643,0.15814,0.1679,0.17541,0.18037,0.18341,0.18328,0.1811,0.17697,0.1703,0.16053,0.14776,0.13297,0.11726,0.10048,0.083961,0.06752,0.052422,0.039548,0.029751,0.022615,0.017472,0.014562,0.012818,0.012076,0.012327,0.013593,0.016068,0.020051,0.026522,0.035078,0.04564,0.058462,0.073068,0.088745,0.10637,0.12678,0.14796,0.16803,0.18628,0.20284,0.21739,0.22896,0.2369,0.24242,0.245,0.24419,0.24024,0.23378,0.22526,0.2141,0.20038,0.18382,0.16514,0.14509,0.12492,0.10773,0.09381,0.080107,0.067374,0.056357,0.047777,0.041597,0.038507,0.037479,0.038134,0.039857,0.041848,0.043484,0.044368,0.044057,0.042307,0.039842
0.054549,0.05751,0.059296,0.059574,0.058783,0.057661,0.056415,0.055203,0.053826,0.052133,0.050026,0.047583,0.044922,0.04185,0.038364,0.035431,0.033547,0.032722,0.033015,0.03447,0.037019,0.040683,0.045572,0.052337,0.061027,0.072982,0.085783,0.097814,0.10901,0.11957,0.12891,0.13686,0.14375,0.14778,0.14951,0.14877,0.14521,0.13824,0.12814,0.116,0.10291,0.088903,0.074821,0.060691,0.047526,0.036003,0.027016,0.020643,0.016463,0.014488,0.013966,0.015038,0.017921,0.02273,0.029599,0.038733,0.051889,0.06787,0.085667,0.10459,0.12351,0.14149,0.15953,0.17874,0.19767,0.21533,0.23109,0.24511,0.25692,0.26459,0.26675,0.26411,0.25704,0.24645,0.23332,0.21887,0.20408,0.18909,0.17392,0.1573,0.13976,0.12163,0.10419,0.090082,0.078804,0.067812,0.057359,0.047911,0.039481,0.032708,0.028701,0.026727,0.026697,0.027449,0.028311,0.029151,0.029692,0.02967,0.029139,0.028557
0.062758,0.067806,0.071199,0.072937,0.073453,0.073703,0.07394,0.074111,0.074033,0.07377,0.07327,0.072556,0.072222,0.071356,0.070034,0.068608,0.067289,0.065395,0.062717,0.059249,0.055306,0.051622,0.048425,0.046629,0.0463,0.048539,0.051874,0.05619,0.061403,0.067552,0.074082,0.080852,0.087747,0.09297,0.096705,0.098448,0.097686,0.094202,0.088678,0.081692,0.073886,0.065586,0.057174,0.048611,0.04047,0.033153,0.027159,0.022749,0.019856,0.01891,0.019495,0.021816,0.026841,0.034817,0.045894,0.060084,0.079563,0.10227,0.12601,0.14972,0.17209,0.19205,0.21102,0.23092,0.25097,0.26932,0.28362,0.29303,0.29642,0.29299,0.28325,0.26844,0.25032,0.2315,0.21329,0.19616,0.17936,0.1627,0.14656,0.13032,0.11427,0.09844,0.083867,0.072642,0.0639,0.055569,0.047747,0.040697,0.03418,0.028763,0.025235,0.023346,0.023043,0.023579,0.024232,0.024861,0.025287,0.025353,0.025212,0.025579
0.06749,0.074171,0.079234,0.082454,0.084524,0.086627,0.088984,0.091584,0.094129,0.096609,0.098939,0.10094,0.10386,0.10651,0.10882,0.1106,0.11163,0.11067,0.10728,0.10111,0.092251,0.081141,0.068671,0.057639,0.048969,0.043896,0.040903,0.039603,0.039554,0.040965,0.043273,0.046272,0.050076,0.053224,0.055859,0.05758,0.057733,0.056252,0.053793,0.05094,0.04789,0.044589,0.041194,0.03763,0.034272,0.031439,0.029321,0.028178,0.028156,0.029646,0.032806,0.038111,0.0468,0.060003,0.076624,0.095953,0.12063,0.14788,0.17511,0.2015,0.22526,0.24533,0.26277,0.27866,0.29201,0.30053,0.30226,0.29719,0.28521,0.26772,0.24724,0.22512,0.2034,0.18332,0.16438,0.14609,0.12822,0.11151,0.097064,0.083827,0.072143,0.061758,0.053052,0.046956,0.042526,0.038449,0.03468,0.03126,0.027851,0.024689,0.022149,0.020373,0.019718,0.019591,0.019735,0.020139,0.020581,0.021013,0.021588,0.022898
0.066647,0.073587,0.079152,0.083563,0.087491,0.091908,0.097169,0.10312,0.10934,0.11601,0.12277,0.12925,0.1377,0.14547,0.15207,0.15719,0.16062,0.16123,0.15841,0.15181,0.14132,0.12723,0.10994,0.091548,0.073793,0.059954,0.049968,0.043704,0.039544,0.037343,0.036336,0.035969,0.035884,0.035496,0.034931,0.034028,0.032368,0.030225,0.028396,0.027326,0.026768,0.026345,0.026083,0.026153,0.026677,0.027698,0.029253,0.03139,0.034452,0.038808,0.044593,0.052279,0.063381,0.080122,0.099649,0.12096,0.14654,0.17404,0.20051,0.22527,0.24708,0.26457,0.27768,0.28665,0.29027,0.28687,0.27705,0.262,0.24296,0.2221,0.20176,0.18104,0.16046,0.1408,0.12199,0.1042,0.087421,0.072855,0.061374,0.051902,0.044404,0.038219,0.03372,0.030928,0.029177,0.027522,0.026008,0.024642,0.023295,0.022037,0.021008,0.020368,0.020589,0.021053,0.02162,0.02228,0.022953,0.023578,0.024144,0.025165
0.057001,0.061135,0.065173,0.069469,0.074418,0.080773,0.088753,0.09824,0.10881,0.12083,0.13382,0.147,0.16274,0.1776,0.19087,0.20202,0.21027,0.2144,0.21375,0.20789,0.19675,0.18069,0.16005,0.137,0.11301,0.090657,0.072098,0.058907,0.049209,0.042819,0.038283,0.034987,0.03219,0.02971,0.027681,0.025956,0.024371,0.023304,0.023161,0.023852,0.025198,0.026917,0.028955,0.031464,0.0346,0.0382,0.042368,0.047238,0.052989,0.059803,0.068348,0.079433,0.093826,0.11413,0.13615,0.15856,0.18292,0.20698,0.22832,0.24576,0.25799,0.2638,0.26347,0.25751,0.24713,0.23243,0.21458,0.19466,0.17344,0.15228,0.13329,0.11514,0.097881,0.082093,0.06785,0.055174,0.043932,0.034837,0.028237,0.023277,0.019667,0.017055,0.015637,0.015474,0.016005,0.016485,0.017004,0.017586,0.018056,0.018485,0.018976,0.019662,0.020846,0.021956,0.023097,0.024232,0.025289,0.026321,0.027309,0.02874
0.046604,0.049289,0.05292,0.05755,0.063458,0.071175,0.081144,0.093181,0.10687,0.12277,0.13997,0.15752,0.17796,0.19744,0.21519,0.23076,0.24349,0.25246,0.25679,0.25545,0.24804,0.23464,0.21558,0.19236,0.16674,0.14111,0.11781,0.098962,0.082984,0.070101,0.059529,0.050495,0.042286,0.035449,0.029849,0.025177,0.021267,0.018449,0.017014,0.016851,0.017681,0.01932,0.021613,0.024798,0.028833,0.03368,0.039526,0.046375,0.054366,0.063791,0.075311,0.090141,0.10732,0.12951,0.15204,0.17349,0.19435,0.2127,0.22732,0.23749,0.24207,0.24047,0.23271,0.21957,0.20286,0.18299,0.16164,0.13996,0.11942,0.10088,0.086099,0.073079,0.061378,0.050983,0.041809,0.033918,0.027049,0.021532,0.017509,0.014485,0.012204,0.010517,0.0096754,0.0094302,0.0096882,0.01018,0.011072,0.0123,0.013788,0.015505,0.017347,0.019261,0.021453,0.023392,0.025141,0.026655,0.027945,0.028979,0.029858,0.031003
0.03717,0.037654,0.039955,0.043512,0.048415,0.055098,0.064169,0.075492,0.088907,0.105,0.12277,0.14124,0.16251,0.18351,0.20378,0.22267,0.2386,0.25099,0.25935,0.26256,0.2605,0.25268,0.23927,0.22123,0.19993,0.17668,0.15435,0.13485,0.11725,0.10163,0.087425,0.074309,0.061992,0.052106,0.043958,0.03717,0.031432,0.027055,0.024073,0.022554,0.022399,0.023417,0.025359,0.028736,0.033661,0.040061,0.047875,0.057079,0.06768,0.079678,0.093517,0.11095,0.12989,0.15292,0.17517,0.19507,0.21232,0.22541,0.23367,0.23673,0.23384,0.22491,0.2102,0.19093,0.16957,0.14689,0.12432,0.10305,0.084947,0.069605,0.058238,0.048962,0.041107,0.034531,0.029085,0.024664,0.02091,0.01763,0.014956,0.012816,0.011055,0.0096588,0.0088421,0.0085661,0.0088316,0.0095268,0.010701,0.012312,0.014218,0.016298,0.018478,0.020698,0.023067,0.025127,0.026928,0.028379,0.029498,0.030186,0.030592,0.03142
0.031962,0.03215,0.034409,0.037487,0.041444,0.046708,0.054122,0.063852,0.075994,0.091228,0.10832,0.12616,0.14571,0.16445,0.18291,0.20128,0.21792,0.23219,0.24364,0.25173,0.25632,0.25707,0.25349,0.24554,0.23419,0.21979,0.20438,0.18938,0.17419,0.1587,0.14252,0.1257,0.10828,0.092997,0.079294,0.067092,0.056115,0.046773,0.039287,0.034015,0.031005,0.030312,0.03131,0.034267,0.038871,0.044949,0.052484,0.061407,0.071722,0.083336,0.096467,0.11317,0.13045,0.14975,0.16765,0.1831,0.19529,0.20304,0.20596,0.20402,0.19707,0.18512,0.16838,0.14818,0.12751,0.1074,0.088826,0.072502,0.060818,0.051813,0.045967,0.041875,0.03874,0.036238,0.034153,0.03221,0.030052,0.027402,0.024558,0.021707,0.018561,0.015931,0.013773,0.01204,0.010963,0.010645,0.011101,0.01217,0.013685,0.015526,0.017591,0.019795,0.022137,0.024341,0.026309,0.027801,0.028766,0.029201,0.029331,0.030044
0.029612,0.030579,0.033248,0.036298,0.039688,0.043758,0.04914,0.056117,0.064961,0.075911,0.088122,0.10077,0.11446,0.12779,0.1416,0.15589,0.16894,0.18054,0.19036,0.1978,0.20333,0.20745,0.21106,0.21404,0.21701,0.21836,0.21771,0.21493,0.20941,0.20098,0.1894,0.17469,0.15737,0.14054,0.12364,0.107,0.090752,0.07537,0.061306,0.050038,0.042981,0.039843,0.039076,0.040734,0.044647,0.050622,0.058129,0.067102,0.077411,0.088764,0.1012,0.11707,0.13313,0.15041,0.16598,0.17888,0.18838,0.19369,0.1944,0.19034,0.18178,0.1692,0.15287,0.13399,0.11551,0.098768,0.084376,0.072269,0.064683,0.059538,0.056781,0.055377,0.054767,0.054434,0.053899,0.052965,0.051191,0.048208,0.043879,0.038927,0.033212,0.028161,0.024014,0.020316,0.017268,0.015268,0.014294,0.014456,0.015443,0.017056,0.019277,0.021925,0.02481,0.027481,0.029724,0.031241,0.032038,0.032052,0.031642,0.032039
0.034395,0.037455,0.041441,0.044864,0.0477,0.050282,0.053139,0.056439,0.060851,0.066598,0.072963,0.079617,0.086884,0.094259,0.10263,0.11206,0.12116,0.12976,0.13727,0.14296,0.14725,0.15093,0.15495,0.15968,0.16747,0.1778,0.18881,0.19887,0.20653,0.21056,0.21028,0.20524,0.19544,0.18358,0.16925,0.15316,0.13543,0.11659,0.097538,0.080159,0.067073,0.059374,0.054487,0.052231,0.052305,0.054437,0.058056,0.062917,0.068913,0.075945,0.084098,0.095055,0.10631,0.11812,0.12891,0.13816,0.1455,0.15041,0.15223,0.15085,0.14642,0.13944,0.12976,0.11822,0.10691,0.097093,0.089427,0.083996,0.083248,0.08463,0.087435,0.090986,0.09453,0.097301,0.098728,0.098492,0.095886,0.090454,0.082593,0.072953,0.06171,0.051091,0.04226,0.0347,0.028694,0.024533,0.021942,0.020983,0.021327,0.022788,0.025167,0.02828,0.031642,0.034777,0.037497,0.039252,0.039784,0.03904,0.037363,0.036308
0.049924,0.055717,0.061606,0.065717,0.068018,0.069296,0.069763,0.069722,0.070117,0.070979,0.072071,0.073358,0.074906,0.076639,0.079227,0.082862,0.086411,0.089781,0.09272,0.094773,0.096268,0.097897,0.10084,0.10515,0.11311,0.12542,0.1405,0.15737,0.17424,0.18887,0.19986,0.20611,0.2067,0.20298,0.19458,0.18194,0.16521,0.14527,0.1238,0.10341,0.086216,0.07487,0.066839,0.06204,0.059727,0.059427,0.060348,0.06214,0.064675,0.067908,0.071726,0.076847,0.082038,0.087493,0.092637,0.097307,0.10131,0.10448,0.10632,0.10665,0.10595,0.10463,0.10267,0.10051,0.098922,0.098664,0.10056,0.10423,0.11091,0.1184,0.12547,0.13172,0.1367,0.13993,0.14103,0.13992,0.13567,0.1277,0.11653,0.10323,0.088449,0.07488,0.064018,0.055266,0.048728,0.044124,0.041306,0.040151,0.040436,0.041792,0.043836,0.046631,0.049662,0.05251,0.054925,0.056278,0.056338,0.054852,0.052098,0.049082
0.064732,0.069397,0.073857,0.076206,0.07666,0.075772,0.073745,0.071447,0.069537,0.067605,0.065598,0.063718,0.062135,0.061029,0.060628,0.060548,0.060657,0.060895,0.061194,0.061543,0.062274,0.063652,0.066586,0.071133,0.078152,0.087777,0.099014,0.11125,0.12445,0.13761,0.14982,0.15994,0.16672,0.16964,0.16856,0.16342,0.15394,0.14055,0.125,0.10952,0.096206,0.08713,0.080453,0.075692,0.071872,0.069267,0.067445,0.066135,0.065198,0.064491,0.063924,0.063607,0.063576,0.064106,0.065127,0.066768,0.069035,0.071683,0.074261,0.076908,0.080013,0.084205,0.090017,0.097758,0.10725,0.11837,0.13192,0.14646,0.16078,0.17345,0.18365,0.1911,0.19557,0.19713,0.19576,0.19187,0.18493,0.17474,0.16198,0.14775,0.13223,0.11811,0.10653,0.096601,0.088681,0.082799,0.078746,0.07631,0.075383,0.075661,0.077106,0.079695,0.082663,0.08559,0.088195,0.089638,0.089526,0.087176,0.082109,0.075064
0.096992,0.11421,0.12649,0.13393,0.1379,0.13968,0.13993,0.13929,0.13767,0.13502,0.1316,0.12774,0.12341,0.11869,0.11319,0.10716,0.10032,0.092801,0.085955,0.07945,0.073763,0.069516,0.066939,0.066624,0.068617,0.072352,0.077229,0.08285,0.088693,0.09373,0.097268,0.099451,0.10045,0.10068,0.10037,0.099412,0.097475,0.095236,0.092876,0.090206,0.087242,0.083821,0.079833,0.07556,0.071147,0.066938,0.063229,0.060065,0.057619,0.055807,0.054622,0.054204,0.054585,0.055507,0.057072,0.059296,0.062286,0.065852,0.070559,0.076416,0.083021,0.089894,0.096847,0.10377,0.11037,0.11669,0.12254,0.12744,0.13117,0.13313,0.13369,0.13296,0.13216,0.13132,0.13048,0.12879,0.12728,0.12556,0.12319,0.12068,0.11753,0.11409,0.1107,0.10747,0.10452,0.10186,0.099623,0.098764,0.099205,0.10086,0.10325,0.10592,0.10857,0.11062,0.11151,0.11108,0.10916,0.10496,0.098054,0.089204
0.095246,0.1118,0.12397,0.13212,0.13768,0.14199,0.14586,0.1494,0.15234,0.15428,0.15518,0.15487,0.15314,0.14995,0.14467,0.13746,0.12828,0.11714,0.10569,0.093811,0.081963,0.07143,0.062794,0.056477,0.052396,0.051123,0.051318,0.052968,0.055455,0.057919,0.059826,0.061409,0.062686,0.063971,0.064864,0.065442,0.065305,0.064831,0.064287,0.0634,0.062045,0.060083,0.057538,0.054793,0.052025,0.049787,0.048219,0.047316,0.047257,0.048047,0.049744,0.052759,0.056969,0.06186,0.067985,0.074795,0.081931,0.089531,0.098362,0.10844,0.11897,0.12935,0.1396,0.1493,0.15818,0.16588,0.17201,0.1757,0.17656,0.17332,0.16618,0.15603,0.14449,0.13237,0.12039,0.10825,0.097841,0.08915,0.081661,0.075438,0.070021,0.06574,0.062534,0.060359,0.059186,0.059078,0.06012,0.063002,0.067149,0.072332,0.078221,0.084117,0.089279,0.093337,0.095733,0.096382,0.095325,0.091989,0.086206,0.078912
0.084089,0.096362,0.10575,0.11267,0.11839,0.1243,0.13118,0.13893,0.14738,0.15611,0.16479,0.17221,0.17757,0.18043,0.17986,0.1757,0.16791,0.15633,0.14258,0.12695,0.11013,0.093352,0.077494,0.063652,0.052239,0.045126,0.040255,0.037358,0.035572,0.034622,0.034095,0.03409,0.03452,0.035515,0.036968,0.038754,0.040388,0.042117,0.043848,0.045049,0.045679,0.045644,0.04508,0.044239,0.043179,0.042437,0.042178,0.042498,0.043476,0.045466,0.049062,0.055522,0.064642,0.075582,0.08888,0.10371,0.119,0.13405,0.14962,0.16513,0.17961,0.19234,0.20319,0.21155,0.21696,0.21928,0.21817,0.21279,0.20366,0.19029,0.17314,0.15397,0.13449,0.1165,0.10027,0.085177,0.073263,0.064075,0.056753,0.050896,0.045969,0.041913,0.038841,0.036457,0.034716,0.033956,0.034307,0.036418,0.040071,0.045002,0.050878,0.056708,0.061914,0.066114,0.068893,0.070203,0.070073,0.068314,0.065237,0.062107
0.075552,0.085547,0.093657,0.1002,0.10626,0.11308,0.12143,0.13144,0.14305,0.15606,0.17016,0.18358,0.19522,0.20401,0.20884,0.20904,0.20463,0.19547,0.18255,0.16643,0.14789,0.12809,0.10789,0.088824,0.071699,0.059153,0.049413,0.042198,0.037213,0.033981,0.031721,0.03019,0.029365,0.029127,0.029384,0.029887,0.0307,0.031835,0.03326,0.03478,0.036585,0.038346,0.040007,0.041437,0.042735,0.044369,0.046199,0.048543,0.051685,0.05602,0.062119,0.071384,0.083585,0.097891,0.11489,0.1332,0.1513,0.16824,0.18473,0.19967,0.2122,0.22122,0.22623,0.22704,0.22436,0.21782,0.20765,0.19371,0.17739,0.15864,0.13801,0.11741,0.097847,0.081449,0.068166,0.057301,0.04948,0.04367,0.038983,0.035144,0.031818,0.029142,0.027138,0.025692,0.024746,0.024411,0.02454,0.025758,0.028263,0.032309,0.037517,0.042662,0.047179,0.050845,0.053377,0.05476,0.054984,0.053907,0.051922,0.050749
0.062107,0.068584,0.074614,0.080399,0.086978,0.095553,0.10665,0.12016,0.13617,0.15455,0.17509,0.19509,0.21294,0.22753,0.23732,0.24176,0.24101,0.23458,0.22294,0.20678,0.18689,0.1644,0.14031,0.11644,0.094069,0.076313,0.061436,0.049919,0.041402,0.035898,0.032344,0.029883,0.028008,0.026627,0.025706,0.025026,0.024834,0.025186,0.026109,0.027413,0.02933,0.031549,0.034192,0.037108,0.040212,0.044196,0.048523,0.053617,0.059791,0.067454,0.076949,0.089557,0.10482,0.12227,0.14216,0.16302,0.183,0.20104,0.21742,0.23024,0.23833,0.24078,0.23775,0.22972,0.21904,0.20511,0.18825,0.16856,0.14798,0.12723,0.1065,0.087603,0.071688,0.060056,0.051195,0.043919,0.038666,0.034719,0.031374,0.028342,0.025389,0.022776,0.020458,0.018367,0.01665,0.015453,0.014714,0.014813,0.015854,0.018092,0.021213,0.024602,0.02779,0.030605,0.032691,0.034113,0.034978,0.035267,0.035389,0.036845
0.052162,0.056584,0.061614,0.067088,0.07391,0.083394,0.096008,0.11158,0.13001,0.15143,0.17597,0.19979,0.2215,0.23983,0.25341,0.26157,0.26414,0.26119,0.25304,0.24027,0.22359,0.20363,0.18132,0.15761,0.1334,0.11156,0.091719,0.074717,0.060709,0.050772,0.043608,0.037912,0.033221,0.029156,0.025652,0.022732,0.020438,0.01903,0.01869,0.019183,0.020958,0.023994,0.028113,0.032929,0.038421,0.045454,0.053145,0.061907,0.071773,0.08267,0.094721,0.10877,0.12459,0.14192,0.16094,0.18018,0.19769,0.21181,0.22252,0.22811,0.22796,0.22182,0.21045,0.19464,0.1779,0.15962,0.14019,0.11981,0.10039,0.083166,0.068147,0.056521,0.0478,0.042102,0.038262,0.035434,0.033511,0.031856,0.030191,0.028386,0.026385,0.024498,0.022746,0.02099,0.019317,0.017949,0.016924,0.016422,0.016489,0.017361,0.019088,0.021157,0.023191,0.025156,0.026832,0.028281,0.029474,0.030276,0.031048,0.033267
0.036909,0.037633,0.039925,0.04324,0.048151,0.055901,0.067067,0.081508,0.099188,0.12055,0.14605,0.17188,0.19624,0.21835,0.23689,0.25127,0.26139,0.26694,0.26756,0.26309,0.2537,0.23944,0.22077,0.19882,0.17516,0.15193,0.12957,0.10923,0.09108,0.076976,0.065944,0.056451,0.047994,0.040372,0.033783,0.028527,0.024537,0.021679,0.02004,0.019633,0.020628,0.023346,0.02809,0.034562,0.042802,0.053346,0.064647,0.076795,0.089568,0.10272,0.1161,0.13014,0.1447,0.15997,0.17537,0.19013,0.20219,0.21021,0.21436,0.21304,0.20594,0.19346,0.17676,0.15693,0.13756,0.11782,0.098523,0.080177,0.064842,0.053884,0.045912,0.040748,0.037842,0.037115,0.037949,0.039969,0.042455,0.044252,0.044841,0.044281,0.042519,0.040195,0.037326,0.034007,0.030469,0.02711,0.023992,0.021518,0.019836,0.018937,0.019162,0.020038,0.021222,0.022551,0.02388,0.025145,0.026276,0.027144,0.027993,0.030245
0.025369,0.024102,0.02503,0.027111,0.030614,0.036458,0.045214,0.057392,0.073193,0.093197,0.11789,0.14387,0.1693,0.19396,0.21635,0.2356,0.2512,0.26272,0.26988,0.27236,0.26954,0.26132,0.24795,0.22974,0.20809,0.18476,0.16151,0.13982,0.12014,0.10375,0.08943,0.076423,0.064429,0.053492,0.044386,0.037427,0.031858,0.027622,0.024576,0.022945,0.022766,0.024829,0.029207,0.035689,0.044814,0.056536,0.069164,0.082579,0.096258,0.10957,0.12214,0.13389,0.14471,0.15469,0.16324,0.16981,0.17345,0.17371,0.17111,0.16415,0.15315,0.13873,0.12189,0.10373,0.087708,0.07318,0.061183,0.052007,0.046154,0.043051,0.041864,0.042598,0.045177,0.049639,0.05554,0.062414,0.068633,0.072752,0.074249,0.073539,0.070789,0.06718,0.062607,0.057341,0.051859,0.046163,0.040342,0.035307,0.031253,0.028349,0.026487,0.025873,0.025989,0.026534,0.027187,0.02789,0.028508,0.029041,0.02973,0.031419
0.020197,0.018345,0.01866,0.019738,0.021596,0.02483,0.029984,0.037615,0.048481,0.063459,0.083049,0.10463,0.12671,0.15007,0.17288,0.19437,0.21368,0.22954,0.24149,0.24882,0.25092,0.2477,0.23947,0.22646,0.21023,0.19212,0.17396,0.15658,0.14046,0.12626,0.11316,0.10008,0.086935,0.074176,0.062886,0.054082,0.046886,0.040908,0.036502,0.033429,0.032008,0.032755,0.035659,0.040875,0.049733,0.061219,0.073539,0.086307,0.098813,0.11034,0.12042,0.12864,0.13474,0.1388,0.14038,0.13955,0.13614,0.13047,0.12376,0.11442,0.10313,0.09081,0.07837,0.066829,0.058495,0.052455,0.049,0.047954,0.049448,0.053654,0.060198,0.069133,0.080331,0.092984,0.10602,0.11876,0.12882,0.13461,0.13578,0.13298,0.12663,0.11832,0.10826,0.097249,0.08581,0.074255,0.062638,0.052179,0.043636,0.037556,0.034105,0.032571,0.032515,0.033191,0.034063,0.03494,0.035517,0.035526,0.035014,0.03475
0.019573,0.017165,0.016636,0.016634,0.017021,0.017922,0.019556,0.022322,0.026755,0.033598,0.04422,0.057928,0.073969,0.093339,0.11446,0.13656,0.15849,0.17878,0.19663,0.21121,0.22181,0.22821,0.23024,0.22744,0.22084,0.2108,0.19879,0.18581,0.17285,0.15993,0.14644,0.13194,0.11675,0.10151,0.087952,0.077018,0.06723,0.058315,0.051318,0.046044,0.042484,0.041233,0.041977,0.044774,0.050507,0.058054,0.066156,0.074283,0.081882,0.08826,0.093028,0.095922,0.096719,0.095909,0.093344,0.089135,0.083687,0.077767,0.072189,0.065652,0.058864,0.052772,0.047489,0.044188,0.043183,0.044091,0.047143,0.052727,0.061173,0.072997,0.087313,0.10347,0.12073,0.13811,0.1547,0.16975,0.18113,0.18712,0.18758,0.183,0.17397,0.16285,0.15004,0.13681,0.12339,0.10917,0.093993,0.079158,0.066078,0.055448,0.047751,0.042614,0.03993,0.038766,0.038298,0.038287,0.038247,0.037784,0.03686,0.03605
0.023233,0.020775,0.019663,0.018868,0.018146,0.017425,0.01689,0.016803,0.017563,0.019565,0.023347,0.029309,0.037734,0.050127,0.06554,0.08318,0.10211,0.12107,0.13929,0.15596,0.17055,0.18253,0.192,0.19797,0.20151,0.20202,0.19959,0.19484,0.1884,0.18036,0.17021,0.15818,0.14412,0.1288,0.11382,0.10051,0.088034,0.076283,0.066935,0.059285,0.053131,0.04879,0.046434,0.045828,0.047495,0.050258,0.053453,0.056742,0.059638,0.06185,0.062919,0.062584,0.060631,0.057495,0.053457,0.048946,0.04446,0.040589,0.038194,0.036259,0.035302,0.035618,0.03726,0.041389,0.047912,0.056528,0.06748,0.08177,0.098487,0.11705,0.13655,0.15629,0.17571,0.19358,0.20898,0.2212,0.2283,0.22943,0.22501,0.21573,0.20328,0.18946,0.17452,0.16024,0.14598,0.13065,0.1138,0.096549,0.079831,0.065133,0.053673,0.045417,0.040547,0.037884,0.036499,0.0359,0.035523,0.035034,0.034258,0.033979
0.025882,0.023889,0.022584,0.021414,0.020074,0.018453,0.016749,0.015166,0.013964,0.013532,0.014065,0.015882,0.019586,0.025901,0.034418,0.045152,0.057628,0.070972,0.08471,0.098271,0.11126,0.12341,0.13496,0.14481,0.15412,0.16198,0.16768,0.17076,0.17135,0.16924,0.16408,0.15618,0.14571,0.13335,0.1205,0.10795,0.095027,0.081749,0.070463,0.060312,0.050976,0.043093,0.03689,0.032769,0.031179,0.03099,0.031892,0.033077,0.034154,0.034978,0.035313,0.035171,0.034388,0.033221,0.031967,0.03056,0.02965,0.029439,0.030335,0.032327,0.035822,0.041045,0.048099,0.058316,0.070674,0.085702,0.10319,0.12323,0.14463,0.16713,0.19,0.21267,0.23465,0.25447,0.27118,0.28362,0.28943,0.28698,0.27645,0.25954,0.2391,0.21888,0.19956,0.18299,0.16756,0.15126,0.13349,0.11485,0.096,0.078273,0.063023,0.051149,0.043307,0.038703,0.035958,0.034236,0.033051,0.032022,0.031013,0.030766
0.033435,0.032941,0.03256,0.031723,0.030294,0.028233,0.025722,0.022869,0.019887,0.017118,0.014632,0.012907,0.0125,0.013686,0.016264,0.020155,0.025691,0.032195,0.039606,0.04768,0.056388,0.065629,0.075892,0.086357,0.097942,0.10946,0.11993,0.12865,0.13524,0.13911,0.13966,0.13706,0.13146,0.12342,0.11372,0.10295,0.090741,0.077386,0.06541,0.054004,0.04302,0.0336,0.026144,0.021144,0.018847,0.018178,0.018527,0.019375,0.020383,0.021422,0.022385,0.023209,0.023698,0.024252,0.025191,0.026332,0.028021,0.030489,0.034148,0.039802,0.047506,0.057943,0.071046,0.087689,0.10692,0.12778,0.15028,0.17466,0.1999,0.22604,0.2528,0.28018,0.30696,0.33041,0.34823,0.3584,0.35845,0.34746,0.32619,0.29683,0.26343,0.232,0.20526,0.18473,0.1667,0.14875,0.12987,0.11087,0.09205,0.074485,0.059143,0.046763,0.038559,0.033873,0.03124,0.029581,0.028443,0.027526,0.026621,0.026537
0.036061,0.036644,0.037102,0.036912,0.035962,0.034266,0.031971,0.029159,0.025995,0.022641,0.019029,0.015856,0.013962,0.013151,0.013123,0.013995,0.015881,0.018498,0.021691,0.025281,0.029263,0.03378,0.039211,0.045434,0.053634,0.063032,0.072467,0.081145,0.088708,0.09439,0.097698,0.098814,0.097611,0.094569,0.089882,0.08358,0.075421,0.06569,0.056249,0.046673,0.036905,0.028163,0.021288,0.016628,0.013947,0.012706,0.01231,0.01263,0.013511,0.015009,0.017151,0.020032,0.023327,0.027167,0.031551,0.036553,0.042288,0.048868,0.056466,0.066796,0.079625,0.095293,0.1128,0.13216,0.15225,0.17275,0.19404,0.21677,0.2409,0.26635,0.29164,0.31601,0.3376,0.3538,0.3632,0.36456,0.35707,0.34042,0.31559,0.28527,0.25301,0.22325,0.19849,0.17959,0.16282,0.14625,0.12907,0.1119,0.094715,0.078272,0.063462,0.05072,0.041258,0.034958,0.031377,0.029093,0.027692,0.026709,0.02591,0.02609
0.047046,0.050613,0.05305,0.054067,0.053833,0.052459,0.050112,0.046833,0.042768,0.037985,0.03239,0.026846,0.022662,0.019365,0.016987,0.015354,0.014765,0.015065,0.016084,0.017574,0.019663,0.022142,0.025081,0.028557,0.0333,0.039022,0.04526,0.051809,0.05822,0.063862,0.068225,0.071416,0.073037,0.073376,0.072355,0.069634,0.064808,0.058116,0.050942,0.043047,0.034554,0.026617,0.020072,0.015225,0.012252,0.010627,0.010226,0.010854,0.01244,0.014982,0.018634,0.023369,0.028967,0.035441,0.043136,0.052421,0.063297,0.075141,0.087679,0.10297,0.1203,0.13935,0.15902,0.17873,0.19766,0.21591,0.23542,0.25649,0.27798,0.29822,0.31565,0.32985,0.33969,0.3439,0.34213,0.33395,0.32,0.30072,0.27733,0.25149,0.22536,0.20059,0.17869,0.16145,0.14591,0.1309,0.11585,0.10141,0.087247,0.073987,0.062313,0.051933,0.043586,0.037615,0.034128,0.031857,0.030337,0.02901,0.027897,0.027846
0.054802,0.060548,0.064699,0.06691,0.067518,0.066829,0.065052,0.062299,0.058665,0.054219,0.048931,0.043347,0.038685,0.034275,0.030078,0.026314,0.023616,0.021933,0.021045,0.020741,0.02129,0.022199,0.023247,0.02459,0.026452,0.028806,0.031499,0.034394,0.037361,0.039968,0.042139,0.044064,0.045593,0.04698,0.048053,0.048095,0.046552,0.043522,0.039772,0.035186,0.029912,0.024683,0.020287,0.017135,0.015068,0.01406,0.014421,0.016186,0.01952,0.024424,0.031046,0.039838,0.050647,0.063447,0.077784,0.094425,0.11234,0.13007,0.14713,0.16569,0.18484,0.2047,0.2247,0.24349,0.26112,0.27778,0.29291,0.30467,0.31218,0.31519,0.31389,0.30883,0.3002,0.28896,0.2765,0.26271,0.24816,0.23181,0.21354,0.1935,0.17276,0.15296,0.13592,0.12291,0.11131,0.10028,0.089643,0.079764,0.070264,0.061436,0.053528,0.046459,0.040447,0.035751,0.032837,0.030689,0.029306,0.028237,0.027406,0.027367
0.048134,0.051968,0.054841,0.056521,0.05721,0.057231,0.056827,0.05603,0.055017,0.053852,0.052826,0.05197,0.051845,0.051016,0.04916,0.046422,0.043438,0.04066,0.03809,0.035712,0.033871,0.032089,0.030019,0.027913,0.025934,0.024478,0.023532,0.02316,0.023238,0.023492,0.023765,0.024088,0.024371,0.025,0.025994,0.026748,0.027005,0.026668,0.02593,0.024882,0.023465,0.02235,0.022002,0.022638,0.024308,0.02708,0.031181,0.036979,0.045239,0.055579,0.068231,0.083237,0.10025,0.11864,0.13756,0.15825,0.17929,0.19878,0.21614,0.23268,0.24812,0.26302,0.27745,0.28966,0.29842,0.30313,0.30308,0.29795,0.28851,0.27594,0.26224,0.2493,0.23737,0.22651,0.21612,0.20471,0.19254,0.17896,0.16423,0.14833,0.13213,0.11701,0.10446,0.095149,0.086814,0.07906,0.071659,0.065021,0.059002,0.053649,0.04875,0.044183,0.039995,0.036486,0.034005,0.032004,0.030471,0.028997,0.027694,0.027264
0.043988,0.047088,0.049797,0.051507,0.052362,0.05275,0.052902,0.053035,0.053385,0.054261,0.05651,0.060066,0.06527,0.07012,0.073327,0.074794,0.074959,0.074166,0.072406,0.069715,0.066546,0.062363,0.056913,0.050863,0.044497,0.038331,0.033022,0.028787,0.025732,0.023639,0.021964,0.020507,0.019043,0.017871,0.017276,0.017055,0.017148,0.017682,0.01862,0.019965,0.021802,0.024525,0.028297,0.033261,0.039124,0.045752,0.053276,0.06239,0.074111,0.087695,0.1033,0.12067,0.13935,0.15916,0.17895,0.20025,0.22164,0.24127,0.25872,0.27498,0.28992,0.30398,0.31459,0.31861,0.31604,0.30846,0.29567,0.27917,0.26096,0.24256,0.22489,0.20723,0.1892,0.1719,0.15526,0.13882,0.12404,0.1101,0.097403,0.085705,0.074899,0.065525,0.058443,0.053625,0.049691,0.046408,0.04374,0.041767,0.040063,0.038823,0.037549,0.036148,0.034613,0.033054,0.031754,0.030484,0.029288,0.027967,0.026592,0.025775
0.038411,0.040792,0.043029,0.044537,0.045427,0.046052,0.046846,0.047987,0.049853,0.052809,0.058274,0.066517,0.077253,0.088866,0.099665,0.1089,0.11626,0.12134,0.12408,0.12397,0.12136,0.11581,0.10745,0.097101,0.085092,0.072586,0.06097,0.050652,0.042378,0.036154,0.031223,0.026964,0.02323,0.020255,0.018213,0.016983,0.016707,0.017653,0.019856,0.023237,0.028139,0.035281,0.044494,0.054917,0.066005,0.077456,0.088979,0.10111,0.11433,0.12798,0.14233,0.1573,0.17252,0.18851,0.20394,0.22036,0.23668,0.25127,0.26365,0.27373,0.28127,0.28576,0.28544,0.27901,0.26751,0.25446,0.23861,0.22067,0.20157,0.18225,0.16328,0.14421,0.12533,0.10819,0.092995,0.079088,0.06768,0.058157,0.050607,0.044198,0.038714,0.034583,0.031721,0.029727,0.028099,0.027001,0.026684,0.027272,0.028468,0.030231,0.032155,0.033816,0.035051,0.035771,0.036075,0.035892,0.035309,0.034131,0.032447,0.030818
0.035228,0.036503,0.038119,0.039417,0.040498,0.041555,0.042877,0.044626,0.047152,0.050925,0.057649,0.067883,0.081255,0.096744,0.11289,0.12858,0.14289,0.15491,0.16418,0.16986,0.17193,0.1696,0.16279,0.15247,0.13925,0.12423,0.10908,0.094248,0.080799,0.069088,0.05873,0.049505,0.041111,0.033825,0.028032,0.023344,0.020269,0.019468,0.020851,0.024486,0.030711,0.040562,0.053318,0.067598,0.082307,0.097148,0.11126,0.12488,0.13825,0.15099,0.16332,0.17544,0.18688,0.19846,0.20894,0.2194,0.22925,0.23783,0.24479,0.24955,0.25204,0.25206,0.24813,0.23967,0.2275,0.21475,0.19897,0.18052,0.16035,0.13943,0.11917,0.099421,0.080987,0.065931,0.054303,0.044778,0.037669,0.032266,0.028337,0.025013,0.022079,0.019902,0.018205,0.016706,0.015575,0.01503,0.015441,0.017022,0.019467,0.022625,0.026168,0.029712,0.032782,0.035294,0.037121,0.038212,0.038575,0.038043,0.036622,0.035118
0.036478,0.038075,0.039893,0.041423,0.042798,0.044287,0.046169,0.048475,0.051467,0.055418,0.061949,0.071456,0.084046,0.099853,0.11751,0.1358,0.15349,0.1692,0.18219,0.1917,0.19758,0.1992,0.19658,0.19034,0.18063,0.16852,0.15531,0.14141,0.12779,0.11476,0.10194,0.088985,0.075945,0.063518,0.052393,0.042683,0.03471,0.029618,0.027792,0.029389,0.034583,0.043726,0.056386,0.07112,0.086552,0.10203,0.1165,0.12996,0.14237,0.15347,0.1636,0.17285,0.18082,0.1888,0.19569,0.20192,0.20742,0.2125,0.2159,0.21729,0.21623,0.21283,0.20654,0.19708,0.18475,0.17216,0.15667,0.13878,0.11951,0.10042,0.083234,0.068049,0.055082,0.045355,0.038625,0.033098,0.029114,0.026314,0.024345,0.022529,0.020624,0.018947,0.017247,0.015276,0.013593,0.012228,0.011492,0.011707,0.012954,0.01515,0.018191,0.021988,0.025882,0.029638,0.032822,0.035245,0.036797,0.037345,0.036939,0.036362
0.034759,0.035791,0.037634,0.039164,0.040427,0.04168,0.043116,0.044983,0.047542,0.05119,0.057028,0.065497,0.076436,0.091585,0.11053,0.1315,0.15275,0.17253,0.18982,0.20329,0.21236,0.21641,0.21557,0.21096,0.20391,0.1951,0.18545,0.17492,0.16386,0.15227,0.1396,0.12562,0.11035,0.094889,0.080127,0.066457,0.05447,0.045405,0.040199,0.039394,0.042556,0.05005,0.061485,0.075481,0.090777,0.10649,0.12125,0.1348,0.14693,0.1573,0.16624,0.17361,0.17921,0.18396,0.18707,0.18903,0.18987,0.19046,0.18933,0.18631,0.18133,0.17481,0.16608,0.15484,0.14173,0.12908,0.11479,0.0996,0.084486,0.071221,0.060754,0.052829,0.047035,0.043268,0.041093,0.039377,0.038397,0.038141,0.038168,0.037541,0.035827,0.033294,0.030069,0.025856,0.021965,0.018559,0.015865,0.014109,0.013417,0.013785,0.015448,0.018221,0.021528,0.025086,0.028406,0.031266,0.033418,0.034697,0.035144,0.035334
0.029842,0.029408,0.030258,0.031155,0.031924,0.032657,0.033536,0.034571,0.036115,0.038535,0.042807,0.049313,0.058296,0.071952,0.090471,0.11277,0.1382,0.16436,0.18908,0.21121,0.22989,0.2441,0.25235,0.25462,0.25179,0.24493,0.23547,0.22411,0.21186,0.19904,0.18539,0.17027,0.15341,0.13557,0.11771,0.10028,0.083994,0.070096,0.059724,0.054055,0.053243,0.056578,0.063775,0.073696,0.084991,0.097097,0.10907,0.12002,0.12934,0.13639,0.14135,0.14422,0.14456,0.14364,0.14109,0.13729,0.1328,0.12931,0.1253,0.12078,0.11585,0.11066,0.1045,0.097145,0.089475,0.082741,0.075527,0.068357,0.062051,0.057802,0.055589,0.05597,0.058254,0.06201,0.066752,0.071522,0.076061,0.079982,0.08229,0.081909,0.078518,0.072463,0.064144,0.054302,0.044779,0.036061,0.028497,0.02256,0.018943,0.017253,0.017609,0.019465,0.02211,0.025285,0.028649,0.031838,0.034423,0.036107,0.036822,0.036935
0.032201,0.031652,0.032246,0.032779,0.033131,0.033285,0.033285,0.033195,0.033259,0.033695,0.035055,0.038038,0.043087,0.05218,0.065675,0.082833,0.10338,0.1267,0.1512,0.17597,0.19993,0.2224,0.24128,0.25599,0.26602,0.27056,0.27008,0.26528,0.25658,0.24447,0.22942,0.21181,0.19158,0.16999,0.1485,0.12765,0.1076,0.089548,0.073993,0.062738,0.057044,0.055143,0.057524,0.062633,0.069298,0.076752,0.084075,0.090461,0.095366,0.098383,0.099654,0.098982,0.095954,0.091619,0.086282,0.080296,0.074331,0.070199,0.066384,0.063104,0.060629,0.058944,0.057588,0.056765,0.056495,0.056813,0.056924,0.05725,0.058563,0.061477,0.066221,0.073952,0.084214,0.095751,0.10744,0.11834,0.12774,0.13507,0.13923,0.13891,0.13386,0.12451,0.11165,0.096655,0.082098,0.067614,0.05415,0.043303,0.035506,0.030326,0.028111,0.027928,0.02902,0.030965,0.033124,0.035212,0.036859,0.037722,0.037688,0.037243
0.03277,0.032314,0.0324,0.032147,0.031576,0.030749,0.029694,0.028443,0.02712,0.025978,0.025175,0.025074,0.02601,0.029383,0.035389,0.043851,0.055521,0.070901,0.089306,0.11084,0.13466,0.15995,0.18448,0.20693,0.22655,0.24197,0.25237,0.25736,0.25729,0.2524,0.24351,0.23094,0.21507,0.19632,0.17628,0.15558,0.13439,0.11385,0.094486,0.077833,0.065947,0.057701,0.054205,0.052983,0.052986,0.053938,0.055541,0.057115,0.058128,0.058195,0.057556,0.056109,0.053621,0.050789,0.047886,0.044991,0.042399,0.041172,0.04065,0.040838,0.041848,0.043461,0.045886,0.049278,0.053434,0.058038,0.062996,0.068723,0.07572,0.085033,0.096585,0.11198,0.12999,0.1485,0.1662,0.18206,0.19473,0.20327,0.20665,0.20417,0.19577,0.18214,0.16418,0.144,0.12409,0.10341,0.083255,0.065677,0.052481,0.043734,0.038948,0.036711,0.036716,0.038033,0.039686,0.041324,0.042545,0.042918,0.042289,0.041032
0.036256,0.03666,0.037082,0.036903,0.036173,0.035031,0.033599,0.03195,0.030173,0.028275,0.026275,0.024372,0.022903,0.022648,0.023552,0.026012,0.030355,0.037284,0.047782,0.062967,0.082586,0.10584,0.13003,0.15342,0.17484,0.19291,0.20663,0.21581,0.22081,0.22176,0.21892,0.21218,0.20204,0.18848,0.17323,0.15661,0.13855,0.11981,0.10063,0.082762,0.067997,0.055566,0.047758,0.042447,0.038913,0.036332,0.034772,0.03386,0.033446,0.03331,0.033435,0.033555,0.033511,0.033507,0.033758,0.034293,0.035268,0.036981,0.038959,0.041425,0.044777,0.048754,0.053864,0.060733,0.06891,0.077775,0.087575,0.098414,0.11067,0.1246,0.1397,0.15755,0.17712,0.19586,0.21296,0.228,0.23968,0.24669,0.24798,0.24305,0.23236,0.21658,0.19655,0.17496,0.15371,0.13084,0.10767,0.086422,0.069677,0.057112,0.049085,0.044412,0.042088,0.041324,0.041258,0.041479,0.041493,0.041002,0.039913,0.038618
0.039656,0.041071,0.042062,0.042159,0.041488,0.040316,0.038703,0.036761,0.034539,0.03207,0.029395,0.026636,0.023984,0.021769,0.020017,0.018951,0.019131,0.021184,0.026055,0.034198,0.046511,0.063339,0.08341,0.10489,0.12611,0.14579,0.16192,0.17387,0.18216,0.18697,0.18867,0.18738,0.18372,0.17656,0.16731,0.15598,0.14219,0.1263,0.10869,0.091,0.074935,0.060235,0.048634,0.038928,0.031232,0.02517,0.020889,0.018069,0.016312,0.01565,0.015764,0.016359,0.0176,0.019569,0.022482,0.026075,0.030533,0.035517,0.040907,0.046993,0.054302,0.062535,0.072578,0.085328,0.09966,0.11424,0.12892,0.14357,0.15807,0.17256,0.18681,0.20277,0.21977,0.23573,0.24994,0.2614,0.26828,0.26913,0.26372,0.25239,0.23633,0.21689,0.1954,0.17471,0.15537,0.13482,0.11399,0.09403,0.076797,0.062677,0.052633,0.045598,0.041473,0.039352,0.038242,0.03765,0.03721,0.036492,0.035494,0.034929
0.038782,0.040252,0.041259,0.041427,0.04087,0.039921,0.03862,0.03709,0.035306,0.033298,0.030988,0.028386,0.02553,0.022446,0.019327,0.016968,0.015643,0.015403,0.016566,0.019609,0.025299,0.034325,0.046342,0.061344,0.078082,0.09559,0.11108,0.12383,0.13405,0.1419,0.1473,0.15026,0.15131,0.14894,0.14396,0.13643,0.12613,0.11308,0.097795,0.081956,0.067049,0.052798,0.040765,0.030381,0.022181,0.016398,0.01256,0.010214,0.0091119,0.0091806,0.01021,0.012,0.015083,0.019622,0.02552,0.032454,0.041056,0.050573,0.061316,0.073431,0.08703,0.10124,0.11706,0.13532,0.15475,0.17361,0.19145,0.20801,0.2234,0.23714,0.24906,0.26041,0.27048,0.27777,0.28168,0.28176,0.27691,0.26669,0.25212,0.23407,0.21379,0.19292,0.17208,0.15392,0.13827,0.12232,0.10634,0.090915,0.076573,0.063878,0.054557,0.047997,0.044277,0.042721,0.042032,0.041669,0.041138,0.040045,0.038117,0.036088
0.038073,0.039807,0.041268,0.041912,0.041969,0.041787,0.041412,0.040893,0.04007,0.038917,0.037198,0.034918,0.032201,0.02907,0.025509,0.022224,0.019627,0.018067,0.017733,0.01894,0.022022,0.02665,0.032478,0.03957,0.04778,0.058514,0.06943,0.079034,0.08743,0.094682,0.10044,0.10447,0.10736,0.10754,0.10581,0.10199,0.095719,0.087057,0.076496,0.06543,0.055074,0.0453,0.036556,0.02872,0.022346,0.017598,0.014311,0.012193,0.011256,0.011769,0.013666,0.017219,0.023646,0.032583,0.04361,0.056209,0.072001,0.089396,0.1076,0.12602,0.14408,0.1607,0.17728,0.19571,0.21448,0.23237,0.24872,0.26307,0.27478,0.2826,0.28635,0.28734,0.28554,0.28074,0.27335,0.26374,0.25151,0.23686,0.22092,0.20376,0.18592,0.16765,0.14938,0.13399,0.12108,0.10816,0.095397,0.083537,0.072162,0.061599,0.053476,0.047499,0.043797,0.041888,0.040659,0.039806,0.038964,0.037783,0.036179,0.034621
0.034711,0.036153,0.038029,0.039381,0.040271,0.041108,0.041971,0.042876,0.04359,0.044086,0.044291,0.044164,0.044172,0.04371,0.042635,0.04149,0.040421,0.039117,0.037709,0.036138,0.034581,0.033101,0.032189,0.032323,0.033496,0.036931,0.040886,0.044999,0.049447,0.05408,0.058551,0.062644,0.066543,0.068541,0.069189,0.068363,0.0659,0.061632,0.056199,0.050326,0.044799,0.039346,0.03417,0.029192,0.024757,0.021279,0.018903,0.01768,0.017841,0.019794,0.023794,0.030894,0.042803,0.059137,0.078264,0.099074,0.12375,0.14993,0.1757,0.20001,0.22156,0.2392,0.25443,0.26951,0.28365,0.29538,0.30406,0.30875,0.30848,0.30295,0.29306,0.27992,0.26463,0.24829,0.23181,0.21622,0.20095,0.18621,0.17231,0.15794,0.14312,0.128,0.11343,0.10151,0.091919,0.082737,0.074028,0.066212,0.058778,0.051927,0.04649,0.042169,0.039784,0.038428,0.037522,0.036997,0.036616,0.036129,0.035388,0.034856
0.039505,0.041455,0.043677,0.045566,0.047101,0.04882,0.050825,0.052941,0.055102,0.057172,0.059284,0.061221,0.064229,0.066983,0.069145,0.070854,0.072173,0.072275,0.070672,0.067085,0.061615,0.05478,0.047301,0.040826,0.03582,0.033372,0.031963,0.031419,0.031365,0.031864,0.032778,0.034218,0.036138,0.037111,0.037534,0.037489,0.036578,0.035,0.03332,0.031886,0.03068,0.02943,0.028406,0.027704,0.02748,0.028149,0.029657,0.032158,0.035933,0.041528,0.049582,0.060657,0.076575,0.096961,0.11917,0.14236,0.16926,0.19737,0.22418,0.24842,0.26917,0.28504,0.29725,0.30718,0.31374,0.31467,0.31004,0.30035,0.28586,0.26803,0.24863,0.22839,0.20904,0.19137,0.17552,0.16055,0.14551,0.13107,0.11808,0.10577,0.094068,0.083023,0.07352,0.066603,0.061797,0.057354,0.053216,0.049453,0.045589,0.041806,0.0386,0.035988,0.034575,0.033839,0.033537,0.03345,0.033297,0.032849,0.032064,0.0316
0.035294,0.036105,0.037976,0.04037,0.043092,0.046554,0.050791,0.055563,0.060677,0.066276,0.072211,0.07828,0.086446,0.094693,0.10265,0.10987,0.11584,0.1193,0.1194,0.11573,0.10838,0.097501,0.083668,0.068703,0.05478,0.044819,0.037639,0.032721,0.02924,0.027056,0.025604,0.024762,0.024205,0.023438,0.022913,0.022563,0.02225,0.022181,0.022729,0.023614,0.024798,0.026155,0.027698,0.02967,0.032467,0.036456,0.041614,0.048169,0.05632,0.066138,0.078377,0.093459,0.1129,0.13691,0.16209,0.18744,0.2157,0.24423,0.27068,0.29444,0.31355,0.3254,0.32983,0.32748,0.31843,0.30231,0.28186,0.25903,0.23491,0.21125,0.19016,0.17056,0.15194,0.13439,0.11807,0.10292,0.088711,0.076035,0.065954,0.057669,0.050777,0.044714,0.039943,0.037086,0.035883,0.035273,0.035031,0.035035,0.034777,0.034219,0.033612,0.032902,0.032721,0.032531,0.032622,0.03298,0.033292,0.033357,0.033135,0.032945
0.032348,0.032534,0.034302,0.036922,0.040286,0.044638,0.050103,0.056658,0.064025,0.072714,0.082409,0.092942,0.10712,0.12156,0.13549,0.14816,0.15862,0.16563,0.16832,0.16601,0.15879,0.14698,0.13108,0.1125,0.092776,0.074485,0.059121,0.047657,0.03908,0.033128,0.028759,0.025358,0.022281,0.019387,0.017031,0.015318,0.014379,0.014504,0.015757,0.017774,0.020344,0.023604,0.027406,0.032258,0.038384,0.045616,0.05403,0.063868,0.075317,0.088557,0.10403,0.12198,0.1429,0.16844,0.19459,0.2205,0.24822,0.27529,0.29896,0.31704,0.32712,0.32732,0.31813,0.30104,0.2786,0.25194,0.22498,0.19904,0.1743,0.15158,0.13234,0.11454,0.097976,0.082822,0.069201,0.057292,0.046903,0.038279,0.032044,0.02746,0.024069,0.021587,0.020301,0.020291,0.021279,0.022772,0.024718,0.027026,0.029498,0.032002,0.034556,0.036846,0.03924,0.041005,0.04248,0.043497,0.043971,0.043714,0.042474,0.040362
0.027806,0.026644,0.027522,0.029501,0.032481,0.036784,0.04264,0.050076,0.058979,0.069799,0.082099,0.095469,0.11244,0.12964,0.14647,0.16211,0.1751,0.1845,0.18954,0.18974,0.18536,0.17634,0.16302,0.14652,0.12787,0.10885,0.091264,0.076193,0.063369,0.052961,0.044437,0.037353,0.030921,0.025378,0.020895,0.017612,0.015728,0.015562,0.016738,0.019388,0.023074,0.027778,0.033596,0.041259,0.050729,0.061853,0.074646,0.08882,0.1043,0.12077,0.13864,0.15853,0.18019,0.20637,0.23218,0.25579,0.27817,0.29683,0.30963,0.3152,0.31212,0.29998,0.27971,0.2535,0.22492,0.19526,0.1674,0.14235,0.12012,0.10108,0.086299,0.073626,0.062476,0.052555,0.043742,0.036086,0.02932,0.023638,0.019442,0.016221,0.013626,0.011539,0.010448,0.010279,0.010899,0.0121,0.01392,0.016259,0.01905,0.022123,0.025353,0.02867,0.032137,0.035049,0.037713,0.039898,0.041532,0.042356,0.04201,0.040459
0.026376,0.024842,0.02534,0.026731,0.029001,0.032453,0.037487,0.044178,0.052658,0.063389,0.075799,0.089594,0.10668,0.12422,0.14215,0.15994,0.17573,0.18876,0.19817,0.20309,0.20357,0.19929,0.19045,0.1778,0.16233,0.14527,0.12875,0.11356,0.099517,0.086777,0.074816,0.063391,0.052429,0.043034,0.035141,0.02901,0.024894,0.023469,0.024395,0.027147,0.031405,0.037313,0.044904,0.055082,0.067774,0.082374,0.09859,0.11606,0.13447,0.15319,0.17244,0.19338,0.21371,0.23588,0.25562,0.27176,0.28417,0.29098,0.29133,0.28523,0.27251,0.25375,0.22931,0.20108,0.17208,0.14413,0.11872,0.096794,0.07908,0.064791,0.054538,0.046507,0.039856,0.034281,0.0296,0.025654,0.022139,0.018998,0.016543,0.01459,0.012519,0.010515,0.0090024,0.0082609,0.008371,0.0091972,0.010641,0.012716,0.015344,0.018336,0.021504,0.024818,0.028216,0.031122,0.033774,0.035947,0.037548,0.038476,0.038557,0.038175
0.029232,0.02828,0.029291,0.030929,0.033123,0.036103,0.040288,0.045857,0.05311,0.062539,0.073483,0.085735,0.10031,0.11521,0.13094,0.14733,0.16232,0.1753,0.18561,0.19251,0.19615,0.19634,0.19328,0.18754,0.18021,0.17144,0.16217,0.15275,0.14238,0.13156,0.11978,0.10677,0.092676,0.079708,0.067813,0.057585,0.049458,0.044224,0.041727,0.041355,0.043255,0.0478,0.054401,0.06432,0.077077,0.091829,0.10803,0.12507,0.1427,0.16017,0.17758,0.19656,0.21375,0.23103,0.24483,0.25425,0.25868,0.25777,0.25184,0.24112,0.22585,0.20625,0.18253,0.1562,0.13038,0.10698,0.086495,0.069363,0.057192,0.04838,0.042649,0.038523,0.035587,0.033555,0.032227,0.031307,0.030266,0.028812,0.026934,0.024757,0.021832,0.018744,0.015998,0.013757,0.012328,0.011686,0.011764,0.012535,0.013879,0.01566,0.01784,0.020357,0.022997,0.025467,0.027755,0.029575,0.030902,0.031677,0.03199,0.032677
0.030525,0.030073,0.031163,0.032389,0.033724,0.035561,0.038276,0.04205,0.047226,0.054176,0.062415,0.071743,0.082543,0.09365,0.10601,0.11974,0.13293,0.1452,0.15577,0.16379,0.16943,0.17278,0.17399,0.17354,0.17303,0.17277,0.17267,0.17184,0.16924,0.1643,0.15664,0.14614,0.13291,0.11939,0.10576,0.092628,0.080467,0.06984,0.061107,0.055029,0.052234,0.053492,0.057346,0.064542,0.074207,0.085799,0.09875,0.11268,0.12716,0.14187,0.15671,0.17342,0.18906,0.204,0.21617,0.22484,0.22944,0.22976,0.22546,0.21655,0.20321,0.18638,0.16602,0.14341,0.12159,0.1026,0.086194,0.072845,0.064736,0.059578,0.05721,0.056463,0.056934,0.058221,0.05972,0.061106,0.061368,0.060029,0.056902,0.05248,0.046173,0.039496,0.033118,0.02714,0.022384,0.019244,0.017293,0.016488,0.016584,0.017442,0.018654,0.020326,0.022158,0.023976,0.025714,0.027164,0.02811,0.028527,0.028716,0.029941
0.040872,0.043072,0.045853,0.047739,0.048766,0.049595,0.050404,0.051485,0.053427,0.056364,0.060047,0.06432,0.069286,0.074634,0.081233,0.089239,0.097213,0.10503,0.11225,0.11845,0.12374,0.12839,0.13291,0.13769,0.14418,0.15257,0.16196,0.17173,0.18029,0.18607,0.18835,0.18647,0.17993,0.17044,0.15818,0.14373,0.1276,0.11069,0.094089,0.079953,0.070249,0.065738,0.06405,0.065574,0.069714,0.076087,0.083996,0.092871,0.10232,0.11203,0.12167,0.13244,0.14205,0.15083,0.15739,0.16158,0.16337,0.16276,0.15934,0.15329,0.14502,0.13527,0.12361,0.11089,0.099161,0.090068,0.083509,0.079634,0.079975,0.082856,0.087624,0.093287,0.099487,0.10562,0.11064,0.11413,0.11501,0.11267,0.10669,0.097881,0.085942,0.073389,0.06166,0.050712,0.041402,0.034721,0.030101,0.027463,0.026511,0.026826,0.02778,0.029422,0.031275,0.033019,0.034479,0.035227,0.035248,0.034558,0.033604,0.033737
0.050999,0.054395,0.058144,0.060559,0.061623,0.061979,0.061569,0.060661,0.060214,0.060422,0.060943,0.061816,0.062981,0.06468,0.067098,0.070202,0.073275,0.076398,0.079281,0.08164,0.083973,0.086626,0.090334,0.095438,0.10365,0.11528,0.12872,0.14276,0.15632,0.16804,0.17707,0.18255,0.18348,0.18019,0.17263,0.16122,0.14635,0.129,0.1106,0.093304,0.080111,0.072607,0.068445,0.06735,0.068206,0.070713,0.074342,0.078457,0.082932,0.087593,0.092187,0.097106,0.1012,0.10471,0.1074,0.10911,0.11,0.11026,0.10933,0.10731,0.10445,0.10155,0.098459,0.095409,0.093612,0.093985,0.096917,0.10242,0.11157,0.12227,0.13308,0.14362,0.15382,0.1629,0.16973,0.17376,0.17388,0.16939,0.16009,0.14691,0.12983,0.11211,0.095434,0.079679,0.066269,0.056258,0.048671,0.04365,0.04076,0.039429,0.039405,0.040717,0.042774,0.04515,0.047545,0.04909,0.049582,0.048808,0.04719,0.046203
0.066468,0.070638,0.074333,0.075918,0.075628,0.074395,0.072108,0.069251,0.066783,0.06476,0.063304,0.06229,0.061692,0.061216,0.06094,0.060696,0.060433,0.060354,0.060414,0.060561,0.060967,0.061911,0.064134,0.067771,0.073985,0.083282,0.094562,0.10655,0.11805,0.12823,0.13666,0.14251,0.14502,0.1439,0.13936,0.13148,0.12018,0.10631,0.091391,0.077611,0.06742,0.061827,0.05881,0.057397,0.057358,0.058105,0.059262,0.060572,0.062068,0.063808,0.065628,0.067489,0.069071,0.070336,0.071377,0.07242,0.073723,0.075433,0.076968,0.078737,0.081104,0.084858,0.09018,0.097709,0.10751,0.11918,0.1333,0.1487,0.16423,0.17849,0.19064,0.2007,0.20862,0.21438,0.21737,0.21761,0.21451,0.20739,0.19646,0.18252,0.16614,0.14998,0.13543,0.12174,0.10968,0.10005,0.092283,0.086566,0.082879,0.081037,0.080607,0.081588,0.08323,0.085034,0.086721,0.087499,0.086919,0.084499,0.07999,0.074032
0.087358,0.10161,0.11199,0.1184,0.12197,0.1237,0.12412,0.12361,0.12208,0.11951,0.11603,0.11166,0.10656,0.10072,0.093961,0.086475,0.078332,0.06952,0.061354,0.054329,0.048919,0.046169,0.046271,0.048813,0.053197,0.05861,0.064792,0.071302,0.077424,0.082178,0.085244,0.08701,0.087645,0.087372,0.086562,0.085751,0.084708,0.083595,0.08248,0.081016,0.078956,0.07595,0.071981,0.067872,0.063795,0.060192,0.057394,0.055506,0.054438,0.054204,0.054854,0.056212,0.058021,0.059956,0.06201,0.064017,0.066302,0.069164,0.073077,0.078177,0.084258,0.090964,0.098328,0.10627,0.11445,0.12272,0.13075,0.13781,0.14336,0.14659,0.14782,0.14702,0.14523,0.14321,0.14152,0.1393,0.13745,0.13589,0.13436,0.13323,0.13204,0.1308,0.1297,0.12862,0.12768,0.12697,0.12648,0.12717,0.12848,0.13037,0.13283,0.13544,0.13761,0.13895,0.13906,0.13768,0.13451,0.12857,0.11941,0.10786
0.064472,0.072999,0.079607,0.084424,0.088085,0.091308,0.094433,0.097478,0.10031,0.10245,0.10386,0.10411,0.10303,0.10036,0.096003,0.08985,0.082195,0.07324,0.06436,0.055869,0.048421,0.043059,0.039857,0.038445,0.038604,0.040199,0.042629,0.045502,0.048748,0.051871,0.054474,0.056805,0.059043,0.061194,0.063319,0.065911,0.068072,0.069939,0.071126,0.071221,0.070053,0.067365,0.063376,0.058837,0.054289,0.050623,0.048039,0.046751,0.046786,0.048271,0.051233,0.056378,0.063137,0.070795,0.079085,0.087434,0.096181,0.10534,0.11557,0.12684,0.13873,0.15116,0.16415,0.17758,0.19024,0.20168,0.21081,0.21619,0.21718,0.21268,0.20316,0.18954,0.17361,0.15751,0.14254,0.12806,0.11557,0.10504,0.096202,0.089069,0.083001,0.077989,0.07432,0.071863,0.070667,0.070976,0.072798,0.077165,0.083247,0.090464,0.098547,0.1067,0.11422,0.12041,0.12472,0.12676,0.12622,0.12218,0.11394,0.10214
0.057674,0.064888,0.071051,0.076022,0.080408,0.085063,0.090371,0.096264,0.10238,0.10832,0.11431,0.11942,0.12286,0.12399,0.12223,0.11742,0.10994,0.10002,0.088867,0.077111,0.065662,0.055403,0.046835,0.040389,0.03586,0.033607,0.03268,0.032617,0.033122,0.033995,0.034966,0.036102,0.037692,0.039841,0.042645,0.046188,0.049459,0.05235,0.054603,0.05586,0.056216,0.05532,0.053421,0.051111,0.048713,0.047047,0.046208,0.046422,0.048211,0.05204,0.057979,0.067069,0.078567,0.091664,0.10627,0.12137,0.13648,0.15169,0.16793,0.18474,0.20177,0.21827,0.23395,0.24764,0.25807,0.26415,0.26523,0.26034,0.24972,0.23332,0.21191,0.18782,0.16296,0.14013,0.12004,0.10182,0.087352,0.076234,0.067558,0.060645,0.05491,0.050279,0.046864,0.044302,0.042535,0.041736,0.042001,0.044374,0.048914,0.055353,0.06315,0.071226,0.078701,0.085186,0.090089,0.093211,0.094323,0.092943,0.088582,0.081985
0.050753,0.055053,0.059348,0.063124,0.066996,0.071803,0.07806,0.085618,0.094149,0.10343,0.11331,0.12245,0.13003,0.13493,0.13637,0.13376,0.12769,0.11832,0.1065,0.093236,0.079446,0.066179,0.054303,0.04449,0.037017,0.032291,0.029021,0.026808,0.025506,0.025054,0.025141,0.02583,0.027302,0.029517,0.032242,0.035512,0.038956,0.042329,0.045564,0.04834,0.050771,0.052465,0.053538,0.054127,0.054443,0.055878,0.058137,0.061452,0.066233,0.072846,0.081626,0.094157,0.10966,0.12726,0.147,0.16805,0.18943,0.21071,0.2327,0.25373,0.2724,0.28691,0.29632,0.30003,0.29841,0.29131,0.27887,0.26101,0.2392,0.21394,0.18595,0.15763,0.13055,0.10766,0.089225,0.074234,0.062755,0.053935,0.046959,0.041299,0.036452,0.032473,0.029602,0.027536,0.026154,0.025683,0.025855,0.027309,0.030016,0.034153,0.039747,0.045762,0.05116,0.055822,0.059517,0.062041,0.063296,0.062989,0.061297,0.059512
0.046035,0.049338,0.052954,0.056227,0.059659,0.064108,0.070271,0.078245,0.087847,0.098947,0.11127,0.12305,0.13345,0.14133,0.14578,0.14656,0.14375,0.13741,0.12833,0.11708,0.10439,0.091122,0.077779,0.065155,0.053923,0.045349,0.03859,0.033561,0.030051,0.028108,0.027049,0.026495,0.026547,0.027095,0.02826,0.02995,0.032253,0.034997,0.037945,0.041038,0.044403,0.047591,0.050639,0.053676,0.056746,0.060956,0.065858,0.072112,0.080013,0.089697,0.10149,0.11708,0.13591,0.15717,0.18117,0.2068,0.23221,0.25608,0.27826,0.29628,0.30863,0.31416,0.31284,0.30492,0.29228,0.27492,0.25341,0.22823,0.20116,0.1733,0.14484,0.11812,0.094696,0.077336,0.064866,0.055019,0.04749,0.04165,0.03682,0.032752,0.029045,0.02595,0.023462,0.021226,0.019354,0.018006,0.016868,0.016521,0.017412,0.019646,0.023111,0.027378,0.031715,0.035835,0.039502,0.042473,0.044605,0.04566,0.046021,0.046875
0.034562,0.035726,0.03796,0.040577,0.043962,0.048896,0.055899,0.065369,0.077216,0.091541,0.10845,0.12536,0.14104,0.15415,0.16367,0.16929,0.17116,0.16936,0.16427,0.15582,0.14456,0.13113,0.11603,0.10029,0.084988,0.071849,0.060649,0.051525,0.044277,0.039422,0.035952,0.033269,0.031226,0.029634,0.028743,0.028838,0.029782,0.031585,0.034389,0.038373,0.043458,0.049029,0.055282,0.06216,0.069775,0.079393,0.089421,0.10022,0.11179,0.12418,0.13768,0.15352,0.17152,0.19137,0.21284,0.23456,0.25463,0.27138,0.28414,0.2908,0.29052,0.28312,0.26976,0.25154,0.23149,0.20914,0.18539,0.16058,0.13662,0.11502,0.09555,0.079734,0.067556,0.05953,0.053926,0.049646,0.046526,0.043994,0.041578,0.039195,0.036495,0.033769,0.030962,0.02797,0.025015,0.022185,0.019491,0.017502,0.016407,0.016334,0.017413,0.019228,0.021101,0.022985,0.024791,0.026429,0.027953,0.029268,0.03082,0.03385
0.033451,0.033974,0.035519,0.037459,0.040003,0.043906,0.049737,0.058025,0.068896,0.082787,0.10005,0.11777,0.1345,0.14927,0.16114,0.16957,0.17447,0.1757,0.1737,0.16832,0.1602,0.14949,0.13657,0.12226,0.10737,0.09315,0.080174,0.069104,0.059941,0.05339,0.048184,0.043618,0.039637,0.036109,0.033339,0.031637,0.03112,0.031869,0.034039,0.038089,0.044427,0.052617,0.06256,0.073816,0.08662,0.10161,0.11641,0.13105,0.14532,0.15924,0.17292,0.18703,0.20144,0.21627,0.23076,0.24374,0.25363,0.25929,0.26093,0.25691,0.24714,0.23213,0.21317,0.19127,0.16953,0.14754,0.12607,0.10533,0.08729,0.074052,0.063981,0.056918,0.052339,0.05053,0.050684,0.051906,0.053638,0.0552,0.056057,0.056135,0.055111,0.053171,0.050173,0.046185,0.041403,0.036159,0.030569,0.025386,0.021256,0.018359,0.017079,0.016827,0.017177,0.017827,0.018648,0.019683,0.020768,0.021897,0.023417,0.026801
0.025245,0.024013,0.024602,0.025969,0.028039,0.031342,0.036475,0.043792,0.053824,0.067282,0.08493,0.10457,0.12419,0.14329,0.16038,0.17464,0.1856,0.19272,0.19589,0.19488,0.18959,0.18024,0.16795,0.15299,0.13632,0.1188,0.10205,0.087004,0.07409,0.064393,0.056795,0.050173,0.04433,0.039288,0.0356,0.033469,0.032529,0.032407,0.033397,0.035919,0.040557,0.04757,0.056971,0.068584,0.082943,0.099533,0.11588,0.13171,0.14647,0.1597,0.1712,0.18114,0.18965,0.19715,0.20369,0.20844,0.2107,0.2101,0.20744,0.20057,0.18956,0.17504,0.15799,0.13929,0.12182,0.10517,0.090586,0.078617,0.070169,0.065203,0.062498,0.062238,0.064339,0.068917,0.075344,0.082921,0.090115,0.095503,0.098709,0.099854,0.098761,0.095986,0.091326,0.084833,0.07709,0.06824,0.058413,0.04859,0.039727,0.03255,0.027637,0.02476,0.023499,0.023027,0.022958,0.023203,0.023503,0.023867,0.024592,0.027317
0.025054,0.023396,0.023398,0.023771,0.024326,0.02524,0.026848,0.02986,0.034672,0.042301,0.053543,0.067338,0.082326,0.098636,0.11496,0.13064,0.1446,0.15611,0.1648,0.17018,0.17148,0.16881,0.16264,0.15288,0.1406,0.12658,0.11236,0.099,0.08738,0.077821,0.069548,0.062018,0.055002,0.048699,0.043423,0.039729,0.037231,0.035774,0.035803,0.037712,0.042252,0.049404,0.059404,0.072114,0.088304,0.10615,0.12317,0.13885,0.15241,0.1633,0.17131,0.17637,0.17872,0.17881,0.17648,0.17203,0.16585,0.15857,0.15118,0.14171,0.13016,0.11752,0.10451,0.091855,0.081318,0.072615,0.066266,0.062716,0.062028,0.064413,0.069449,0.077374,0.088205,0.10134,0.11557,0.13012,0.14295,0.15266,0.15901,0.16238,0.16273,0.16035,0.15486,0.14644,0.13542,0.12206,0.10635,0.089531,0.072867,0.057921,0.046439,0.038571,0.033797,0.030819,0.028792,0.027538,0.026837,0.026474,0.026514,0.028225
0.022101,0.019741,0.018706,0.018108,0.017642,0.017354,0.017471,0.018293,0.020212,0.023954,0.030421,0.039647,0.050944,0.065078,0.080586,0.096837,0.11275,0.12728,0.13988,0.15013,0.15707,0.1605,0.1607,0.15721,0.15078,0.14183,0.13161,0.12094,0.11035,0.10036,0.090738,0.081291,0.072079,0.063329,0.055977,0.050511,0.04622,0.042925,0.041246,0.041351,0.043645,0.048303,0.055398,0.064798,0.077926,0.092112,0.10529,0.117,0.12657,0.13353,0.13783,0.13924,0.13782,0.13389,0.12792,0.12048,0.11229,0.10446,0.097872,0.090592,0.08274,0.07512,0.068167,0.062967,0.060238,0.059577,0.061218,0.065439,0.07233,0.082529,0.095386,0.11048,0.12705,0.14457,0.16241,0.17969,0.1944,0.20503,0.21185,0.21488,0.2144,0.21103,0.2042,0.19439,0.18174,0.16619,0.14752,0.12682,0.10524,0.084572,0.066983,0.053674,0.044916,0.039074,0.035071,0.032418,0.030674,0.029529,0.028936,0.029789
0.023751,0.021737,0.020616,0.01974,0.018763,0.017643,0.016477,0.015449,0.01491,0.015305,0.017228,0.021083,0.026926,0.035538,0.046502,0.059385,0.073239,0.087023,0.10041,0.1129,0.12377,0.13262,0.13957,0.14396,0.14627,0.14611,0.14393,0.13967,0.13385,0.1267,0.11778,0.10725,0.095586,0.083622,0.072684,0.063546,0.055579,0.048844,0.04434,0.041773,0.041073,0.042488,0.045711,0.05076,0.058758,0.06732,0.07497,0.08124,0.085713,0.088206,0.088717,0.08712,0.083463,0.078391,0.072377,0.065973,0.060121,0.055461,0.052418,0.049713,0.047461,0.046179,0.046352,0.049079,0.054545,0.062672,0.074117,0.089149,0.10667,0.12648,0.14753,0.1691,0.19079,0.21144,0.23017,0.24605,0.25723,0.26243,0.2623,0.25756,0.24887,0.23833,0.22624,0.21389,0.20046,0.18491,0.16653,0.14586,0.12382,0.10207,0.082448,0.06649,0.055272,0.047929,0.043054,0.039799,0.037619,0.035921,0.034498,0.03396
0.023828,0.022095,0.021183,0.020306,0.019159,0.017618,0.015837,0.013984,0.012333,0.011213,0.01095,0.011965,0.014251,0.018536,0.024431,0.031962,0.040605,0.049815,0.059393,0.069155,0.078506,0.087231,0.095602,0.10276,0.10926,0.11437,0.11778,0.11913,0.11836,0.11516,0.10924,0.1012,0.09165,0.081236,0.070907,0.06147,0.052644,0.044394,0.038398,0.034227,0.031486,0.030159,0.030351,0.032152,0.035886,0.040208,0.044333,0.047751,0.05002,0.051168,0.051218,0.050243,0.048328,0.045944,0.043368,0.040759,0.038724,0.037606,0.03777,0.038951,0.041259,0.045177,0.050682,0.05893,0.070087,0.084,0.10035,0.11939,0.14025,0.16278,0.18638,0.21107,0.23686,0.26206,0.28594,0.30728,0.32314,0.33149,0.33246,0.32507,0.30986,0.29004,0.2688,0.24982,0.23154,0.2118,0.18954,0.16551,0.14031,0.11563,0.092938,0.073605,0.059733,0.050594,0.044726,0.040842,0.038304,0.036448,0.034698,0.033606
0.023675,0.022022,0.021274,0.020526,0.019452,0.01793,0.016074,0.014041,0.01206,0.010438,0.00912,0.0084416,0.0084808,0.0097343,0.011748,0.014713,0.018654,0.023271,0.028513,0.034125,0.039894,0.045818,0.052124,0.058396,0.06538,0.072301,0.078269,0.082769,0.085609,0.086256,0.084402,0.080392,0.074514,0.06753,0.060032,0.05253,0.044897,0.037248,0.031322,0.026491,0.022293,0.019147,0.017198,0.016693,0.017693,0.019639,0.02189,0.024251,0.026432,0.028399,0.030106,0.031509,0.032566,0.033375,0.034148,0.034863,0.035865,0.037588,0.040344,0.04477,0.051226,0.060009,0.071273,0.086076,0.10349,0.12225,0.14236,0.16429,0.18749,0.212,0.23747,0.26456,0.29348,0.3219,0.34768,0.36813,0.38056,0.38314,0.37615,0.35919,0.33357,0.30314,0.2722,0.24682,0.22558,0.20573,0.18524,0.16383,0.14159,0.11981,0.099461,0.081544,0.067763,0.058336,0.052333,0.048265,0.045401,0.043013,0.040482,0.038425
0.026971,0.026068,0.025865,0.025597,0.024943,0.023783,0.022198,0.020251,0.018115,0.016,0.013996,0.012437,0.011449,0.011113,0.011402,0.012403,0.014179,0.016536,0.019492,0.022815,0.026455,0.03043,0.034909,0.039909,0.045881,0.052352,0.058522,0.063947,0.068296,0.070976,0.071645,0.070566,0.067768,0.063789,0.058938,0.053334,0.046799,0.039642,0.033518,0.027951,0.022838,0.01845,0.015181,0.01337,0.012708,0.012732,0.013166,0.01398,0.015261,0.017221,0.019792,0.022912,0.026297,0.029865,0.033926,0.038232,0.042744,0.047488,0.052848,0.060264,0.069785,0.081698,0.095372,0.11113,0.12808,0.14578,0.1641,0.18355,0.20396,0.22614,0.25068,0.27781,0.30637,0.33262,0.35459,0.37021,0.3778,0.37609,0.36557,0.34629,0.32,0.29003,0.26146,0.23846,0.21855,0.19954,0.17989,0.16005,0.14038,0.12146,0.10387,0.088192,0.075442,0.066181,0.060225,0.055895,0.052674,0.049813,0.046845,0.043956
0.031216,0.031374,0.031955,0.032223,0.031901,0.030933,0.029397,0.027366,0.024913,0.022112,0.019157,0.016477,0.014495,0.013273,0.012645,0.012331,0.01266,0.013522,0.014853,0.016493,0.018433,0.02056,0.022922,0.025602,0.028932,0.032841,0.037044,0.041127,0.04487,0.047759,0.049543,0.050328,0.05,0.049004,0.04741,0.045032,0.041517,0.037058,0.032579,0.027982,0.023243,0.018725,0.015189,0.012815,0.011201,0.010438,0.010496,0.011614,0.014089,0.017773,0.022739,0.02897,0.036176,0.044394,0.053785,0.064055,0.074985,0.086125,0.097455,0.11068,0.12523,0.14104,0.1571,0.17284,0.18768,0.20133,0.21459,0.22782,0.24135,0.25579,0.27078,0.28624,0.30102,0.31293,0.32087,0.32351,0.32071,0.31169,0.29711,0.27808,0.2574,0.23702,0.21977,0.20615,0.19333,0.18044,0.16648,0.15237,0.13813,0.12444,0.11118,0.098699,0.087969,0.079333,0.073556,0.069012,0.065317,0.061596,0.057213,0.052286
0.029006,0.028924,0.029404,0.02975,0.029722,0.029233,0.028332,0.027032,0.025446,0.02364,0.021607,0.019698,0.018418,0.017371,0.016531,0.015909,0.015793,0.016049,0.01654,0.017145,0.018069,0.019113,0.020058,0.021116,0.022435,0.024027,0.025822,0.027712,0.02949,0.030883,0.031813,0.03238,0.032497,0.032558,0.032511,0.031961,0.030615,0.028474,0.025961,0.023117,0.020072,0.017354,0.015371,0.014607,0.01491,0.01633,0.018898,0.022956,0.028955,0.036662,0.046394,0.058307,0.072294,0.087923,0.10445,0.12177,0.13879,0.15422,0.16756,0.18034,0.19198,0.2026,0.21196,0.22024,0.22761,0.23387,0.23886,0.24234,0.24484,0.24699,0.2489,0.2512,0.25359,0.25521,0.25573,0.25395,0.25031,0.24371,0.23425,0.2227,0.21014,0.19738,0.18579,0.17598,0.16597,0.15549,0.14444,0.13346,0.12238,0.11167,0.10161,0.092266,0.083835,0.076601,0.071518,0.067252,0.063709,0.060092,0.055818,0.050982
0.027976,0.027697,0.028217,0.028733,0.028922,0.028762,0.028307,0.027666,0.02705,0.026614,0.026445,0.026732,0.027988,0.029104,0.029584,0.029635,0.029504,0.029429,0.029426,0.029317,0.029237,0.028716,0.027601,0.026293,0.024911,0.02363,0.022693,0.022002,0.021638,0.021307,0.020908,0.02057,0.02018,0.020172,0.020634,0.021239,0.021613,0.021692,0.02163,0.021519,0.021495,0.021974,0.023422,0.026073,0.029555,0.03385,0.039397,0.04684,0.057266,0.07013,0.085952,0.10454,0.12541,0.14761,0.16998,0.1926,0.21393,0.23209,0.24672,0.25942,0.27012,0.27879,0.28443,0.28607,0.28324,0.27649,0.26579,0.25203,0.23708,0.22278,0.2109,0.20181,0.19463,0.18875,0.18367,0.17846,0.17352,0.16768,0.16095,0.15328,0.14521,0.13711,0.1298,0.12372,0.1176,0.11126,0.10482,0.098884,0.093507,0.088676,0.084061,0.079477,0.074826,0.070318,0.066941,0.063796,0.060888,0.057492,0.053222,0.048238
0.023637,0.022623,0.022795,0.023049,0.023105,0.02296,0.022734,0.02264,0.022977,0.023929,0.026,0.029448,0.034397,0.039615,0.044218,0.047912,0.050829,0.052935,0.054134,0.054171,0.053257,0.050861,0.046871,0.041959,0.036472,0.030956,0.026267,0.022256,0.019045,0.0165,0.014455,0.012865,0.011649,0.011084,0.011432,0.01236,0.013884,0.016097,0.018786,0.022051,0.026236,0.031833,0.039017,0.047252,0.055947,0.065231,0.075457,0.087503,0.10228,0.11882,0.13738,0.15795,0.18022,0.20346,0.22628,0.24956,0.27197,0.29153,0.30772,0.3202,0.32763,0.3288,0.32322,0.31158,0.29481,0.27576,0.25429,0.23183,0.21034,0.19121,0.17455,0.15957,0.14621,0.13464,0.12472,0.11558,0.10784,0.10082,0.09466,0.088904,0.083546,0.078966,0.075294,0.072858,0.070769,0.068953,0.067419,0.066442,0.065694,0.065115,0.064486,0.063598,0.062245,0.060578,0.058997,0.05718,0.055206,0.052482,0.048796,0.044611
0.023496,0.022912,0.023191,0.023376,0.02326,0.022922,0.022439,0.022071,0.022083,0.022839,0.025203,0.029406,0.035692,0.043401,0.051463,0.059315,0.066618,0.072894,0.077783,0.080626,0.081267,0.079204,0.074347,0.06739,0.058815,0.049679,0.041219,0.033618,0.02733,0.022349,0.018409,0.015462,0.013295,0.012129,0.012237,0.013369,0.015541,0.018993,0.02351,0.029191,0.036896,0.047075,0.059123,0.072011,0.085165,0.098469,0.1118,0.12575,0.14112,0.15714,0.17443,0.1931,0.21304,0.23448,0.25617,0.27917,0.30174,0.32088,0.33479,0.34231,0.34265,0.33552,0.32136,0.30228,0.2799,0.25812,0.23511,0.2112,0.187,0.16386,0.14273,0.12297,0.10484,0.089616,0.077205,0.066709,0.058756,0.052605,0.047997,0.044273,0.041012,0.038316,0.036376,0.035475,0.035327,0.036046,0.037732,0.040391,0.043144,0.045997,0.048483,0.050474,0.051732,0.052245,0.052289,0.051694,0.050539,0.048428,0.045242,0.041673
0.026393,0.025539,0.025346,0.024989,0.024373,0.023593,0.022778,0.022089,0.021789,0.022412,0.025001,0.030112,0.037741,0.047723,0.059509,0.072304,0.085451,0.09795,0.10877,0.11668,0.1211,0.12145,0.11772,0.11071,0.10073,0.089111,0.077428,0.065793,0.055087,0.045769,0.037602,0.030544,0.024522,0.019914,0.016907,0.015478,0.016274,0.019525,0.024999,0.033135,0.044729,0.060334,0.078542,0.097795,0.11727,0.13639,0.1545,0.17197,0.18926,0.20593,0.22248,0.23913,0.25566,0.27245,0.28763,0.30166,0.31325,0.32109,0.32357,0.31994,0.31008,0.29465,0.27516,0.25383,0.23123,0.2098,0.18648,0.16165,0.13639,0.11254,0.091358,0.072156,0.055891,0.043761,0.03541,0.029624,0.026275,0.02437,0.023565,0.023284,0.023215,0.023472,0.023624,0.023534,0.023458,0.023726,0.024456,0.025952,0.02825,0.031146,0.034208,0.037232,0.039841,0.041869,0.043384,0.044248,0.044426,0.04359,0.041688,0.039335
0.040976,0.042473,0.044161,0.044948,0.044944,0.044378,0.043459,0.042391,0.041405,0.040969,0.042414,0.046359,0.052943,0.06238,0.074577,0.088637,0.10406,0.11986,0.13477,0.14715,0.15597,0.16057,0.16044,0.15609,0.148,0.1373,0.12558,0.11322,0.10077,0.088587,0.076639,0.064913,0.053637,0.044196,0.03691,0.031881,0.029905,0.031062,0.034989,0.04175,0.05248,0.068093,0.086996,0.10721,0.12734,0.14682,0.16462,0.1808,0.19545,0.20845,0.22038,0.23142,0.24075,0.24897,0.25454,0.25814,0.25987,0.26071,0.25881,0.25388,0.24568,0.23475,0.22064,0.20379,0.18466,0.16611,0.1452,0.12255,0.099675,0.078807,0.061603,0.047464,0.036598,0.029663,0.025854,0.023667,0.022712,0.022669,0.023309,0.024039,0.024354,0.024436,0.023998,0.022785,0.021168,0.019474,0.017817,0.01675,0.016347,0.016866,0.018092,0.02001,0.022364,0.024917,0.027201,0.029061,0.030393,0.031093,0.031228,0.031524
0.049053,0.05158,0.053661,0.054452,0.054309,0.053525,0.052356,0.05084,0.049242,0.047948,0.047989,0.049823,0.053875,0.060636,0.07023,0.081888,0.095446,0.11011,0.12474,0.1379,0.14855,0.15616,0.16017,0.16083,0.15858,0.15408,0.14789,0.14015,0.13114,0.121,0.10983,0.097579,0.084371,0.071799,0.060508,0.051097,0.044745,0.042566,0.044697,0.050471,0.060783,0.076269,0.096067,0.11802,0.14008,0.16135,0.18042,0.1972,0.21157,0.22345,0.23289,0.2398,0.24363,0.24548,0.24446,0.24105,0.23585,0.23074,0.2234,0.21393,0.2022,0.18834,0.17239,0.1552,0.13724,0.12081,0.10361,0.086352,0.070403,0.057336,0.04783,0.041162,0.03708,0.035293,0.035066,0.035669,0.037158,0.0392,0.041355,0.042455,0.04196,0.039988,0.036548,0.031617,0.026521,0.02154,0.01699,0.013569,0.011503,0.01076,0.011121,0.012283,0.01414,0.016426,0.018885,0.021244,0.023267,0.024725,0.025761,0.027149
0.053761,0.057085,0.059954,0.061491,0.062013,0.061778,0.060955,0.059653,0.058141,0.056774,0.056235,0.057065,0.059653,0.065395,0.074726,0.086287,0.10002,0.11582,0.13299,0.15026,0.16633,0.1802,0.19057,0.19754,0.20121,0.20141,0.19883,0.19358,0.18591,0.17578,0.16349,0.14908,0.13258,0.1157,0.099452,0.08439,0.071718,0.063367,0.06015,0.061163,0.067019,0.07719,0.091381,0.10798,0.12514,0.14197,0.15707,0.1699,0.1802,0.18783,0.19298,0.19553,0.19487,0.19208,0.18692,0.17981,0.17134,0.16372,0.15451,0.14376,0.13166,0.1186,0.10502,0.091625,0.079172,0.069064,0.059645,0.051141,0.04398,0.039277,0.037234,0.037719,0.040302,0.044661,0.050487,0.057095,0.06424,0.071567,0.077744,0.081288,0.08153,0.078489,0.072253,0.063215,0.053339,0.043112,0.033179,0.024867,0.019033,0.015454,0.013586,0.012816,0.013092,0.014226,0.01594,0.01793,0.019984,0.021794,0.023487,0.02583
0.058168,0.061882,0.064603,0.065594,0.065275,0.063958,0.061842,0.059023,0.055724,0.052243,0.049052,0.046787,0.046235,0.048604,0.054412,0.063177,0.074275,0.088156,0.10452,0.12334,0.14365,0.16465,0.18405,0.20127,0.21568,0.22605,0.23206,0.23362,0.23067,0.22323,0.21168,0.19628,0.1776,0.15731,0.13678,0.11694,0.098598,0.083573,0.073376,0.068313,0.068626,0.07275,0.081057,0.09195,0.10379,0.11561,0.1261,0.13479,0.14108,0.14458,0.14538,0.14326,0.13774,0.12992,0.12021,0.10925,0.098159,0.089724,0.081817,0.074435,0.06786,0.062191,0.057059,0.052516,0.04885,0.046282,0.044205,0.042863,0.042731,0.044601,0.048977,0.056958,0.068494,0.081914,0.096671,0.1117,0.12613,0.13885,0.1481,0.1524,0.15096,0.14441,0.13317,0.11797,0.10113,0.082882,0.064223,0.047283,0.034463,0.025364,0.019585,0.016402,0.014894,0.014542,0.014933,0.015876,0.017085,0.018254,0.019686,0.022403
0.061991,0.068031,0.072301,0.074152,0.074254,0.073068,0.070819,0.067601,0.063616,0.058975,0.053824,0.048696,0.044292,0.041887,0.041994,0.043993,0.047919,0.054621,0.064378,0.078331,0.096004,0.11661,0.13792,0.15913,0.17883,0.19542,0.20786,0.21556,0.21851,0.21639,0.20927,0.19731,0.18079,0.16156,0.14137,0.12126,0.10172,0.084044,0.069317,0.05919,0.054303,0.052837,0.0553,0.06016,0.066437,0.073156,0.07927,0.084323,0.087959,0.08971,0.089634,0.087672,0.083415,0.077961,0.071837,0.065416,0.059578,0.055789,0.052366,0.049535,0.047435,0.045914,0.044934,0.044808,0.045788,0.047776,0.050651,0.054776,0.060509,0.068724,0.079864,0.095688,0.11558,0.1374,0.15998,0.18198,0.20165,0.2178,0.2289,0.23366,0.23139,0.22197,0.20636,0.18578,0.16292,0.13728,0.11008,0.084053,0.062809,0.046331,0.034963,0.027455,0.022709,0.020073,0.018665,0.018044,0.017938,0.018154,0.018988,0.02162
0.053182,0.057554,0.06075,0.062182,0.062266,0.061343,0.059498,0.056891,0.053564,0.04958,0.044851,0.039682,0.034693,0.030707,0.028083,0.026832,0.027093,0.029563,0.034965,0.043936,0.056757,0.074098,0.094292,0.11589,0.13711,0.15602,0.17108,0.18165,0.18751,0.18854,0.18501,0.177,0.16504,0.14959,0.13264,0.11552,0.098384,0.081791,0.066388,0.053637,0.044977,0.039275,0.037017,0.036595,0.037336,0.038816,0.04082,0.042821,0.044644,0.046005,0.046987,0.047288,0.046882,0.046133,0.045176,0.044079,0.04292,0.042206,0.041508,0.041323,0.042027,0.043464,0.045807,0.049532,0.054838,0.06153,0.069652,0.079201,0.090357,0.10354,0.11882,0.13815,0.16128,0.18576,0.21053,0.23454,0.25613,0.27373,0.28506,0.28875,0.28427,0.27236,0.25451,0.23304,0.20948,0.18262,0.15391,0.12556,0.1006,0.079775,0.063734,0.051775,0.043425,0.037847,0.034068,0.031582,0.02996,0.028679,0.027723,0.027924
0.047154,0.050589,0.053186,0.054526,0.054791,0.054267,0.053012,0.05111,0.048625,0.045464,0.041577,0.03694,0.031748,0.026234,0.020935,0.016569,0.013564,0.012568,0.013561,0.017281,0.024489,0.035785,0.051453,0.070316,0.08996,0.10856,0.12421,0.13617,0.14438,0.14871,0.14926,0.14592,0.1393,0.1293,0.11758,0.10468,0.090679,0.076035,0.061126,0.047748,0.037336,0.029239,0.024241,0.020848,0.018808,0.01786,0.017759,0.018405,0.019563,0.021145,0.023034,0.024975,0.027392,0.0302,0.033442,0.036745,0.040196,0.043729,0.047306,0.051203,0.056197,0.061957,0.069123,0.078194,0.088737,0.099722,0.11128,0.12342,0.13626,0.15008,0.16528,0.18417,0.20677,0.23114,0.25652,0.28127,0.30213,0.31706,0.32435,0.32294,0.31254,0.29415,0.27037,0.24544,0.22116,0.19524,0.16815,0.14143,0.11701,0.095558,0.078356,0.064886,0.055299,0.048851,0.044384,0.041336,0.039132,0.037231,0.035354,0.034022
0.039256,0.041602,0.043653,0.044777,0.045091,0.044868,0.044128,0.042947,0.0413,0.039124,0.036427,0.033056,0.02908,0.024493,0.019458,0.014859,0.011335,0.0095693,0.0093586,0.010674,0.014095,0.020323,0.02964,0.042252,0.056828,0.072014,0.085563,0.096636,0.10533,0.11154,0.11524,0.11624,0.11492,0.11039,0.10382,0.095338,0.084847,0.07276,0.059577,0.046839,0.036148,0.027515,0.02122,0.016684,0.013791,0.012048,0.011135,0.010793,0.011234,0.012343,0.014411,0.01747,0.022265,0.028224,0.035188,0.042678,0.0508,0.058901,0.067226,0.076188,0.086342,0.096729,0.10823,0.1216,0.13581,0.14965,0.16305,0.17597,0.18888,0.20179,0.21519,0.23096,0.24865,0.26598,0.282,0.29553,0.30446,0.30788,0.30514,0.2957,0.27973,0.25884,0.23568,0.21477,0.19649,0.17759,0.15771,0.1378,0.11855,0.10038,0.084863,0.071629,0.061992,0.055834,0.051742,0.049163,0.047148,0.045071,0.042607,0.040348
0.031018,0.032391,0.03417,0.03542,0.036161,0.036593,0.036702,0.036434,0.035646,0.034387,0.032746,0.03055,0.027906,0.024643,0.020668,0.016528,0.012975,0.010328,0.0090922,0.0090209,0.010191,0.012705,0.016482,0.021883,0.02888,0.038055,0.047077,0.054889,0.061586,0.067112,0.071376,0.074297,0.076216,0.075828,0.073763,0.069985,0.064374,0.057105,0.048752,0.040551,0.033265,0.026952,0.021918,0.017937,0.015151,0.013505,0.012775,0.012844,0.013863,0.016151,0.020173,0.026087,0.035314,0.0472,0.06112,0.076222,0.093116,0.11005,0.1265,0.14189,0.15606,0.16785,0.17842,0.18892,0.19934,0.20852,0.21674,0.22429,0.2313,0.23758,0.2431,0.24903,0.25524,0.26059,0.26487,0.26746,0.26697,0.26328,0.25645,0.24592,0.23203,0.21636,0.20073,0.1872,0.17569,0.16332,0.14976,0.13548,0.12071,0.10606,0.0929,0.081118,0.072303,0.066136,0.06146,0.058015,0.055308,0.052518,0.049193,0.045748
0.026922,0.027097,0.028085,0.028915,0.029469,0.03001,0.030469,0.030804,0.030889,0.030707,0.030358,0.029704,0.029067,0.028078,0.026544,0.024787,0.02309,0.021448,0.020088,0.019026,0.018214,0.017936,0.01825,0.019537,0.021707,0.025751,0.030216,0.034675,0.039004,0.043085,0.046753,0.049703,0.052234,0.053008,0.052674,0.05115,0.048302,0.044395,0.039952,0.035662,0.031928,0.028594,0.025732,0.023334,0.021848,0.021437,0.022219,0.024205,0.027737,0.033134,0.040994,0.051607,0.067419,0.086541,0.10728,0.12863,0.15182,0.17429,0.19476,0.21235,0.22653,0.23675,0.24422,0.25035,0.25602,0.25961,0.26128,0.26131,0.25924,0.25486,0.24887,0.24213,0.23507,0.22803,0.22141,0.21492,0.20767,0.20011,0.19225,0.18347,0.17349,0.16246,0.15122,0.14178,0.13439,0.12693,0.11948,0.11194,0.10358,0.094667,0.086229,0.078295,0.07219,0.067506,0.063811,0.061032,0.058679,0.056105,0.052861,0.049263
0.024376,0.023907,0.024644,0.025691,0.026819,0.028247,0.029879,0.031505,0.032932,0.034076,0.035125,0.036111,0.037735,0.039232,0.04033,0.041196,0.041821,0.041649,0.040611,0.038625,0.035782,0.032069,0.028003,0.02431,0.02152,0.020591,0.020377,0.020745,0.021648,0.023012,0.024699,0.026489,0.028368,0.029483,0.030371,0.030988,0.031037,0.03072,0.030335,0.029895,0.029792,0.029717,0.029888,0.030795,0.032724,0.036119,0.041137,0.047992,0.056794,0.067655,0.081039,0.097002,0.11779,0.14133,0.16558,0.1892,0.21399,0.23754,0.2579,0.27465,0.28716,0.29426,0.29686,0.29627,0.29249,0.28386,0.27234,0.25881,0.24333,0.22711,0.21198,0.19815,0.18606,0.17597,0.16768,0.16073,0.1536,0.14631,0.1393,0.13206,0.12435,0.1161,0.10824,0.10182,0.096957,0.092433,0.088685,0.085428,0.081788,0.077637,0.073609,0.069512,0.066662,0.064543,0.063119,0.062193,0.061237,0.059696,0.057067,0.053383
0.021194,0.019649,0.019701,0.020531,0.021786,0.023589,0.025949,0.028619,0.031426,0.034594,0.038001,0.041604,0.046611,0.051657,0.056467,0.060906,0.064663,0.067211,0.068236,0.067093,0.06376,0.058192,0.050818,0.042815,0.035323,0.029744,0.025528,0.022448,0.02037,0.019306,0.018892,0.018812,0.018845,0.01869,0.018871,0.019251,0.019975,0.021219,0.023126,0.025632,0.029043,0.033159,0.03798,0.043989,0.051746,0.061353,0.072672,0.085547,0.099903,0.11531,0.13228,0.15063,0.17278,0.19783,0.22284,0.24664,0.27138,0.29432,0.31295,0.32646,0.33321,0.33169,0.32248,0.30713,0.2874,0.26367,0.23981,0.21753,0.19677,0.1781,0.16174,0.14676,0.13287,0.12009,0.10861,0.098248,0.088592,0.080146,0.073693,0.068541,0.064002,0.05975,0.056298,0.054458,0.054516,0.05521,0.056449,0.058378,0.060305,0.06194,0.063224,0.063921,0.064978,0.065642,0.066295,0.066621,0.066325,0.064912,0.061607,0.056178
0.020528,0.019061,0.019473,0.020561,0.02207,0.024118,0.02676,0.030003,0.033846,0.038552,0.044072,0.050355,0.059171,0.068548,0.078072,0.087341,0.095762,0.10237,0.10627,0.10676,0.10384,0.097453,0.08784,0.076001,0.063132,0.051295,0.041472,0.033927,0.0281,0.023979,0.021111,0.019001,0.01721,0.015586,0.014732,0.014589,0.01535,0.017184,0.020181,0.024413,0.029994,0.036823,0.044857,0.054812,0.066983,0.080943,0.096454,0.11304,0.13047,0.14835,0.16708,0.18686,0.20939,0.23536,0.26171,0.28634,0.3099,0.32881,0.34062,0.34481,0.33984,0.32542,0.30309,0.275,0.24477,0.21432,0.18763,0.16469,0.14364,0.12462,0.10856,0.094236,0.081455,0.070264,0.060718,0.052743,0.0459,0.040307,0.036492,0.03394,0.031973,0.030572,0.030236,0.031278,0.033727,0.036775,0.040503,0.044939,0.049448,0.053797,0.057882,0.061276,0.064518,0.066875,0.068883,0.070217,0.070529,0.069285,0.065534,0.05906
0.020151,0.017802,0.017629,0.018495,0.020014,0.022291,0.025325,0.029122,0.033827,0.039935,0.047101,0.055581,0.067099,0.079455,0.092266,0.10491,0.11617,0.12517,0.1311,0.13332,0.13182,0.12655,0.11771,0.10609,0.092701,0.078728,0.065723,0.05466,0.04543,0.038062,0.031997,0.026881,0.02238,0.01865,0.016233,0.0155,0.016723,0.019929,0.025106,0.032144,0.040922,0.051217,0.062753,0.076807,0.093296,0.1113,0.13051,0.15044,0.17071,0.19106,0.21205,0.23396,0.25711,0.28302,0.30728,0.32718,0.34167,0.34786,0.34504,0.33408,0.31504,0.28942,0.2589,0.22584,0.19349,0.16295,0.1366,0.11445,0.095419,0.079424,0.067231,0.057326,0.049024,0.042006,0.036092,0.031022,0.026756,0.023333,0.021172,0.019995,0.01896,0.017959,0.017687,0.018457,0.020268,0.022738,0.025966,0.030024,0.034642,0.039376,0.044012,0.04826,0.052281,0.055543,0.058559,0.060874,0.062201,0.06207,0.05975,0.055027
0.025005,0.023028,0.022832,0.02329,0.02436,0.026211,0.029024,0.032723,0.037601,0.044162,0.051956,0.061029,0.073083,0.085987,0.099633,0.11357,0.12628,0.13697,0.14484,0.14925,0.15027,0.14787,0.14203,0.13326,0.1223,0.11024,0.098277,0.087212,0.076952,0.06747,0.058641,0.050233,0.042039,0.034901,0.029419,0.026164,0.026015,0.028961,0.034541,0.042368,0.052063,0.063398,0.076195,0.092324,0.11118,0.13159,0.15305,0.17487,0.19659,0.21781,0.23904,0.261,0.28203,0.3037,0.32101,0.3318,0.33494,0.32954,0.317,0.29885,0.27578,0.24863,0.21776,0.18471,0.15244,0.12352,0.09899,0.078944,0.063135,0.050907,0.0424,0.036114,0.031445,0.027882,0.025155,0.023077,0.021193,0.019518,0.018368,0.017639,0.016651,0.015214,0.013926,0.013234,0.013323,0.014092,0.015659,0.018146,0.02126,0.024882,0.028792,0.032707,0.036494,0.039831,0.042988,0.045614,0.047449,0.048337,0.047815,0.045874
0.030055,0.02892,0.029151,0.02962,0.03032,0.031456,0.033331,0.035988,0.039792,0.045147,0.051675,0.059662,0.069865,0.080795,0.092884,0.10602,0.11867,0.13012,0.13965,0.14655,0.15076,0.15191,0.15006,0.14587,0.14019,0.13353,0.12673,0.11984,0.11257,0.1047,0.096,0.086349,0.075844,0.065734,0.056687,0.049776,0.046357,0.046818,0.050679,0.057026,0.065652,0.076669,0.089694,0.10653,0.12612,0.14721,0.16904,0.19082,0.21198,0.23199,0.25058,0.26891,0.28416,0.29734,0.30512,0.30634,0.30075,0.28923,0.27283,0.25209,0.22782,0.20126,0.17256,0.14288,0.11508,0.09141,0.071601,0.056063,0.045103,0.0375,0.032959,0.030214,0.028707,0.028017,0.028072,0.028513,0.02895,0.029071,0.028565,0.027624,0.025616,0.023114,0.020526,0.018458,0.017271,0.017035,0.017472,0.01859,0.020421,0.022882,0.025686,0.028764,0.031819,0.034573,0.037204,0.039326,0.040801,0.041505,0.041289,0.04066
0.041076,0.041808,0.043104,0.043781,0.044036,0.044332,0.044868,0.045916,0.047941,0.051153,0.055158,0.060224,0.066509,0.073375,0.08153,0.091015,0.10058,0.11003,0.11884,0.12626,0.13238,0.13691,0.13988,0.14149,0.14258,0.14304,0.14322,0.14316,0.14174,0.13862,0.13358,0.12645,0.11721,0.1072,0.096995,0.087477,0.079838,0.074678,0.07202,0.072086,0.075028,0.081202,0.089404,0.10095,0.11487,0.13044,0.14697,0.16339,0.17932,0.19439,0.20847,0.22224,0.2329,0.2408,0.24466,0.24381,0.23823,0.22839,0.21475,0.19793,0.17865,0.15791,0.13529,0.11192,0.090432,0.073542,0.060075,0.050516,0.045369,0.04299,0.043009,0.044654,0.047622,0.051542,0.055844,0.060249,0.063799,0.065864,0.06592,0.064219,0.060041,0.05472,0.048768,0.042557,0.037129,0.033344,0.030469,0.028923,0.028373,0.028574,0.029211,0.030284,0.031498,0.032697,0.033922,0.034836,0.03532,0.035211,0.034686,0.034942
0.049319,0.051392,0.053569,0.054567,0.054657,0.05445,0.054056,0.053504,0.05348,0.054358,0.055964,0.058539,0.061727,0.065295,0.069714,0.075055,0.08058,0.086122,0.091364,0.096147,0.10069,0.10515,0.10991,0.11497,0.12136,0.1288,0.13678,0.14425,0.14987,0.1533,0.1543,0.15257,0.14782,0.14049,0.13119,0.12078,0.11025,0.10064,0.092558,0.086538,0.08353,0.084018,0.086689,0.092194,0.099813,0.10923,0.11983,0.13089,0.1421,0.15294,0.1631,0.1728,0.17997,0.18474,0.18641,0.18468,0.17959,0.17194,0.16176,0.14961,0.13611,0.1223,0.10787,0.093441,0.081022,0.073006,0.068228,0.066259,0.067737,0.071681,0.077094,0.083731,0.091533,0.099986,0.10794,0.11488,0.11955,0.12142,0.11976,0.11472,0.1056,0.094328,0.081978,0.069368,0.058266,0.050146,0.044,0.039828,0.037278,0.035865,0.035068,0.035126,0.035404,0.035888,0.036538,0.036893,0.036822,0.036207,0.035463,0.035943
0.060375,0.064529,0.067872,0.06904,0.068407,0.067009,0.064722,0.062082,0.059788,0.058388,0.058007,0.058548,0.059537,0.060705,0.062285,0.064312,0.066484,0.068805,0.071003,0.072934,0.075013,0.07755,0.081177,0.08628,0.094036,0.10447,0.11674,0.12938,0.14102,0.15044,0.15723,0.16067,0.15979,0.15462,0.14569,0.13386,0.1199,0.10482,0.090211,0.07783,0.069436,0.065467,0.064221,0.065547,0.06893,0.074102,0.080389,0.087456,0.095155,0.10285,0.11006,0.11662,0.12158,0.12462,0.12552,0.12436,0.12138,0.11762,0.11262,0.10671,0.10056,0.095166,0.090333,0.086374,0.08414,0.084827,0.087794,0.093032,0.101,0.11049,0.1207,0.13155,0.14315,0.15511,0.1661,0.17525,0.18097,0.18259,0.17907,0.17069,0.15723,0.14121,0.12412,0.1065,0.090352,0.07746,0.066767,0.059049,0.054008,0.051047,0.049412,0.049199,0.049499,0.050126,0.050905,0.051305,0.051018,0.049675,0.047676,0.046525
0.069434,0.07374,0.077274,0.078503,0.077838,0.076352,0.073856,0.07101,0.068603,0.066966,0.066177,0.066161,0.066521,0.067193,0.068312,0.069766,0.071384,0.073085,0.074536,0.075712,0.076906,0.078438,0.080724,0.084234,0.090049,0.098514,0.10857,0.11911,0.12897,0.13742,0.14355,0.14695,0.14662,0.14195,0.13375,0.12244,0.10837,0.092557,0.076982,0.064015,0.055638,0.051529,0.050141,0.050717,0.052529,0.055004,0.057611,0.060146,0.062538,0.064833,0.06673,0.067916,0.068531,0.068659,0.068782,0.068596,0.068401,0.068823,0.069255,0.070186,0.071952,0.075025,0.079421,0.085569,0.093687,0.10413,0.11718,0.13148,0.14624,0.16038,0.17336,0.18523,0.19646,0.20678,0.21524,0.2213,0.22385,0.22233,0.21617,0.20567,0.19089,0.17447,0.15766,0.1408,0.12513,0.11218,0.10093,0.091722,0.084606,0.079353,0.075747,0.073937,0.073087,0.072808,0.072812,0.072651,0.07206,0.070515,0.067956,0.065137
0.078634,0.0897,0.097886,0.1029,0.10549,0.1064,0.10599,0.10455,0.10209,0.098605,0.094271,0.089118,0.083382,0.077014,0.069963,0.062734,0.0557,0.049146,0.04377,0.03993,0.038344,0.038831,0.04098,0.044967,0.050653,0.05678,0.062981,0.068556,0.073154,0.076195,0.077872,0.078787,0.079324,0.07954,0.079712,0.080446,0.081237,0.082044,0.082717,0.082881,0.082105,0.080114,0.076812,0.073112,0.069464,0.066402,0.064299,0.063114,0.062952,0.063925,0.065764,0.06811,0.070471,0.072776,0.074992,0.076849,0.078681,0.081228,0.084867,0.089391,0.094783,0.10079,0.10726,0.11414,0.12093,0.12737,0.13304,0.13782,0.14125,0.14296,0.14288,0.14116,0.1389,0.13705,0.13625,0.13568,0.13542,0.13539,0.13545,0.13591,0.13622,0.13646,0.13687,0.13731,0.13792,0.13881,0.1399,0.14218,0.14485,0.14771,0.15071,0.15345,0.15529,0.15614,0.15573,0.15388,0.15032,0.1441,0.13441,0.12204
0.055538,0.06149,0.06648,0.070099,0.072627,0.074603,0.076427,0.078005,0.079012,0.079267,0.078789,0.07723,0.074545,0.070593,0.065153,0.058714,0.051994,0.045567,0.040044,0.03579,0.032812,0.031383,0.031159,0.031912,0.033595,0.03589,0.038672,0.041767,0.044794,0.047413,0.049591,0.051636,0.05393,0.056508,0.059612,0.063606,0.06752,0.07113,0.073633,0.074494,0.073618,0.070868,0.066707,0.062161,0.057746,0.054362,0.052288,0.051868,0.053352,0.056444,0.06099,0.067249,0.07435,0.08168,0.08891,0.095734,0.10246,0.10949,0.11724,0.12548,0.13404,0.14273,0.15151,0.16085,0.17054,0.18014,0.18888,0.19534,0.19802,0.19576,0.18869,0.17769,0.16448,0.15124,0.13936,0.12806,0.11811,0.10997,0.10349,0.09874,0.094921,0.091989,0.090062,0.089145,0.089475,0.091281,0.094676,0.10088,0.10871,0.11764,0.12725,0.13667,0.14478,0.15143,0.15604,0.1581,0.15712,0.15179,0.14119,0.12535
0.042839,0.04618,0.049749,0.052769,0.055423,0.058208,0.061526,0.065387,0.069508,0.073441,0.076841,0.079409,0.080743,0.080267,0.077621,0.072762,0.066255,0.058513,0.050669,0.043575,0.037681,0.033343,0.030393,0.028591,0.02757,0.027248,0.027778,0.029279,0.031297,0.033839,0.036568,0.039711,0.043353,0.047714,0.052752,0.05863,0.064417,0.069643,0.073527,0.075371,0.07515,0.073018,0.069305,0.064999,0.060718,0.057494,0.055734,0.05571,0.057585,0.061259,0.066909,0.075641,0.086482,0.098657,0.11175,0.1249,0.1379,0.15091,0.16481,0.1793,0.19426,0.20953,0.22451,0.23824,0.24919,0.25635,0.25868,0.25532,0.24622,0.23154,0.21195,0.18944,0.16595,0.1444,0.1258,0.10919,0.095595,0.084988,0.076697,0.070322,0.065293,0.061441,0.058675,0.056657,0.055695,0.055968,0.057468,0.061534,0.067912,0.075926,0.085013,0.094244,0.10258,0.10968,0.11521,0.1187,0.11976,0.11745,0.11091,0.10112
0.038495,0.041538,0.044864,0.04772,0.050359,0.053386,0.057375,0.062153,0.067714,0.073744,0.079873,0.085172,0.089151,0.091037,0.090221,0.086691,0.080993,0.073384,0.065019,0.056601,0.048972,0.042676,0.037612,0.033881,0.031579,0.030547,0.030427,0.030825,0.031714,0.033,0.034586,0.036711,0.039947,0.044092,0.049048,0.054799,0.060766,0.066429,0.07109,0.074057,0.075431,0.075173,0.073703,0.071645,0.06925,0.068036,0.068056,0.069795,0.073598,0.079524,0.087861,0.10015,0.11511,0.13181,0.15023,0.16936,0.18889,0.20835,0.22804,0.24708,0.26416,0.27755,0.28678,0.29136,0.29115,0.28587,0.27552,0.25997,0.23991,0.216,0.1889,0.16123,0.13453,0.11202,0.09398,0.079175,0.068185,0.059973,0.053536,0.048613,0.044647,0.041575,0.039321,0.037617,0.036432,0.035874,0.035962,0.037625,0.041315,0.046796,0.053693,0.061288,0.068417,0.074719,0.080195,0.084269,0.086487,0.086152,0.082944,0.078217
0.035096,0.036571,0.038868,0.040934,0.042956,0.045472,0.048984,0.053628,0.05952,0.06663,0.074943,0.08288,0.089717,0.094333,0.096173,0.09501,0.091249,0.085045,0.077423,0.069028,0.060531,0.052498,0.044991,0.038582,0.033659,0.030329,0.028096,0.026839,0.026555,0.027382,0.028989,0.031274,0.034379,0.038388,0.043239,0.048935,0.055372,0.061774,0.067439,0.072143,0.07608,0.079121,0.081505,0.083482,0.085455,0.089018,0.093423,0.099113,0.10635,0.11506,0.12572,0.14015,0.15773,0.17829,0.2021,0.22741,0.25293,0.2762,0.29637,0.31172,0.32127,0.32405,0.32037,0.31083,0.29674,0.27861,0.2568,0.23186,0.20522,0.17807,0.1504,0.12451,0.10191,0.085231,0.072998,0.062998,0.055069,0.048592,0.043108,0.038419,0.034135,0.030477,0.0274,0.024789,0.022682,0.021194,0.020292,0.020435,0.021809,0.024393,0.027979,0.032109,0.03642,0.040658,0.044698,0.048238,0.051008,0.052734,0.05326,0.054061
0.03172,0.033056,0.035225,0.037081,0.038923,0.041136,0.044149,0.048299,0.053619,0.060753,0.069889,0.079536,0.088734,0.096223,0.10132,0.10358,0.10313,0.099915,0.094716,0.087824,0.07995,0.07151,0.063139,0.055306,0.048433,0.043144,0.038863,0.035513,0.033116,0.031896,0.031561,0.031968,0.033129,0.034855,0.037538,0.04132,0.046527,0.052353,0.058296,0.064408,0.070968,0.077976,0.085458,0.093363,0.10187,0.11225,0.12266,0.1334,0.1446,0.15626,0.16895,0.18468,0.20339,0.22484,0.24837,0.27157,0.29185,0.30725,0.31748,0.32116,0.31786,0.3077,0.29201,0.27196,0.24963,0.22545,0.20003,0.17378,0.14823,0.12512,0.10394,0.086752,0.073869,0.065176,0.059227,0.054738,0.05162,0.049298,0.047198,0.045284,0.04332,0.041218,0.03894,0.036341,0.033607,0.030828,0.027939,0.025503,0.023661,0.022725,0.022818,0.023671,0.024904,0.026518,0.028465,0.030531,0.0326,0.034452,0.036348,0.039585
0.032474,0.033111,0.034518,0.035703,0.036707,0.03779,0.039332,0.04172,0.045312,0.050592,0.05794,0.066594,0.075415,0.083656,0.090455,0.095285,0.098219,0.098962,0.097816,0.094655,0.089973,0.08399,0.077028,0.069672,0.062603,0.056012,0.0504,0.045829,0.042217,0.039885,0.038328,0.037257,0.036764,0.037053,0.038465,0.041317,0.04587,0.051861,0.058933,0.067397,0.077439,0.088664,0.10128,0.11498,0.13009,0.14705,0.16308,0.17811,0.19208,0.20504,0.21696,0.22923,0.24218,0.25563,0.26796,0.27694,0.28189,0.28262,0.27973,0.27209,0.25975,0.2432,0.22386,0.20251,0.18103,0.15952,0.13851,0.11813,0.099768,0.085372,0.074389,0.066902,0.062138,0.060302,0.060721,0.062356,0.064569,0.066626,0.068089,0.069138,0.069489,0.068843,0.066922,0.063545,0.058845,0.053007,0.046068,0.03881,0.032098,0.026561,0.022739,0.020723,0.020038,0.019867,0.020122,0.020686,0.021514,0.022515,0.024134,0.027975
0.030479,0.030453,0.031486,0.032537,0.033468,0.034692,0.036467,0.039071,0.04259,0.047403,0.054177,0.062483,0.071292,0.080115,0.088126,0.094786,0.09985,0.10289,0.10431,0.10355,0.10059,0.095533,0.08873,0.080822,0.072471,0.064321,0.056987,0.050925,0.046318,0.043292,0.04114,0.039487,0.038274,0.037721,0.038114,0.040074,0.043617,0.048823,0.055437,0.064424,0.076307,0.090123,0.10569,0.12239,0.14095,0.16097,0.17968,0.19668,0.21158,0.22388,0.23367,0.2415,0.24704,0.25024,0.25049,0.2474,0.2414,0.2336,0.22491,0.21329,0.19851,0.18126,0.16261,0.14314,0.12458,0.10726,0.091818,0.078786,0.069297,0.06416,0.062085,0.063026,0.066219,0.072,0.079632,0.0882,0.096553,0.10357,0.10883,0.1126,0.11461,0.1144,0.11161,0.10622,0.098318,0.088395,0.076509,0.063816,0.051435,0.040581,0.032528,0.027219,0.024448,0.023115,0.022486,0.022234,0.022288,0.022546,0.023233,0.025775
0.030919,0.029905,0.030015,0.030282,0.030316,0.030278,0.030551,0.031353,0.033002,0.036087,0.040665,0.046408,0.053096,0.06101,0.069592,0.078231,0.086246,0.092982,0.098378,0.10206,0.10326,0.10181,0.098206,0.092606,0.085562,0.077567,0.069628,0.062359,0.056385,0.05163,0.047802,0.044567,0.041936,0.039973,0.039151,0.039961,0.042363,0.046107,0.051585,0.05997,0.072105,0.087004,0.10392,0.12214,0.14286,0.16396,0.18269,0.19848,0.21075,0.21915,0.22371,0.22441,0.22145,0.21561,0.2075,0.19758,0.18711,0.1769,0.16724,0.15588,0.14255,0.12813,0.11326,0.098636,0.085654,0.074772,0.066638,0.060992,0.058528,0.060261,0.065302,0.073659,0.084654,0.097781,0.11205,0.12639,0.13924,0.14961,0.15781,0.16427,0.1686,0.1697,0.16696,0.16043,0.15042,0.13737,0.12117,0.10294,0.083805,0.065414,0.049915,0.038949,0.03243,0.028582,0.026078,0.024419,0.023358,0.022727,0.022811,0.025007
0.030766,0.029477,0.028943,0.028642,0.028034,0.027163,0.026204,0.02551,0.025451,0.026293,0.028635,0.032179,0.036538,0.042302,0.04953,0.05821,0.067583,0.07689,0.08592,0.094181,0.10066,0.10476,0.10645,0.10531,0.1016,0.095588,0.088316,0.080536,0.07318,0.066368,0.05995,0.053936,0.048462,0.043773,0.040534,0.039195,0.03927,0.040636,0.043803,0.049658,0.059322,0.072085,0.087573,0.10428,0.12314,0.14122,0.15647,0.16851,0.17665,0.18072,0.18096,0.17736,0.17024,0.16034,0.14855,0.13552,0.12281,0.11168,0.10257,0.093419,0.083801,0.074656,0.066378,0.059843,0.055584,0.053485,0.053777,0.056726,0.06303,0.073465,0.087496,0.10428,0.12285,0.14239,0.16211,0.18087,0.19699,0.20925,0.21843,0.2246,0.2274,0.22669,0.22227,0.21442,0.2032,0.18846,0.1699,0.1484,0.12513,0.10192,0.080909,0.064146,0.052627,0.044625,0.03885,0.034722,0.031723,0.029555,0.028121,0.028532
0.028743,0.027314,0.026718,0.026246,0.025364,0.02403,0.022531,0.021125,0.020047,0.019724,0.020521,0.022532,0.025424,0.02962,0.03477,0.040978,0.048093,0.055577,0.063479,0.071638,0.078966,0.084981,0.089628,0.09225,0.09284,0.091437,0.08859,0.084534,0.079834,0.07437,0.068148,0.061441,0.054731,0.048461,0.043077,0.039122,0.036194,0.034616,0.034999,0.037963,0.043915,0.052157,0.062886,0.075322,0.089737,0.10307,0.11352,0.12073,0.1243,0.12456,0.12187,0.11619,0.10801,0.098137,0.087645,0.077326,0.06829,0.061079,0.055679,0.050663,0.045982,0.042357,0.040382,0.040862,0.044036,0.049596,0.057559,0.068666,0.083031,0.10115,0.12183,0.1443,0.16788,0.19138,0.21419,0.23509,0.25252,0.26566,0.27592,0.28301,0.28628,0.28492,0.27844,0.26821,0.25472,0.23756,0.21638,0.19186,0.16507,0.13786,0.11252,0.09114,0.07545,0.064091,0.055585,0.049291,0.044628,0.041117,0.037977,0.035632
0.027773,0.026326,0.025867,0.025501,0.024728,0.023458,0.021902,0.020238,0.018671,0.017375,0.016587,0.016815,0.017752,0.019685,0.022397,0.025944,0.030235,0.035003,0.04018,0.045887,0.051273,0.056078,0.060382,0.063752,0.066284,0.067925,0.068491,0.067843,0.066214,0.063411,0.059241,0.054186,0.048611,0.042822,0.037325,0.032664,0.028539,0.025093,0.023181,0.022956,0.024668,0.028121,0.033352,0.04026,0.048978,0.057334,0.063717,0.067908,0.069691,0.069501,0.067573,0.064236,0.059627,0.054518,0.049657,0.045208,0.041561,0.038713,0.037058,0.036092,0.035758,0.036153,0.038004,0.042431,0.049847,0.059727,0.072319,0.087726,0.1054,0.12573,0.14843,0.17317,0.19968,0.22642,0.25276,0.2781,0.30137,0.32164,0.34008,0.35342,0.35924,0.35624,0.34476,0.32793,0.30764,0.28425,0.25736,0.22868,0.19887,0.16888,0.14075,0.11628,0.097022,0.082802,0.072025,0.06393,0.057976,0.053307,0.04887,0.044724
0.025168,0.023445,0.022814,0.022353,0.021678,0.020627,0.01933,0.017858,0.016338,0.014821,0.013367,0.012462,0.012157,0.012623,0.013744,0.015493,0.0177,0.020324,0.023527,0.027333,0.031401,0.035522,0.039612,0.043418,0.047243,0.050686,0.053353,0.054977,0.055556,0.054731,0.052326,0.048744,0.044187,0.039381,0.034653,0.030263,0.026033,0.022213,0.019691,0.01829,0.017815,0.018248,0.019642,0.022131,0.025685,0.029684,0.033175,0.035926,0.037689,0.038608,0.038924,0.038748,0.038179,0.03761,0.037252,0.036693,0.03636,0.036437,0.037401,0.039432,0.042817,0.048038,0.055342,0.065426,0.077519,0.09069,0.10494,0.1205,0.13766,0.1572,0.17927,0.20364,0.23045,0.25796,0.28573,0.3126,0.3365,0.35525,0.36993,0.3781,0.3783,0.36955,0.35315,0.33253,0.30884,0.283,0.25561,0.22786,0.20031,0.17365,0.14854,0.12629,0.10838,0.094646,0.0845,0.076728,0.070662,0.065422,0.059798,0.054063
0.026418,0.024818,0.024339,0.024172,0.02385,0.023153,0.022137,0.020851,0.019399,0.017824,0.016063,0.014641,0.013485,0.012863,0.01277,0.013157,0.013934,0.015111,0.016928,0.01929,0.021858,0.024548,0.027329,0.030238,0.033501,0.036839,0.040024,0.042555,0.044207,0.044686,0.043884,0.042122,0.039485,0.036546,0.033408,0.030174,0.026745,0.023279,0.020479,0.018179,0.01628,0.014891,0.014275,0.014539,0.015637,0.017439,0.019306,0.021257,0.023235,0.025138,0.027194,0.029432,0.031887,0.034716,0.038128,0.041764,0.04584,0.050195,0.054912,0.060849,0.068172,0.076787,0.086518,0.097405,0.10872,0.11996,0.13132,0.14321,0.15596,0.1702,0.18655,0.20544,0.22723,0.25028,0.2732,0.29429,0.31199,0.32504,0.33467,0.33938,0.33854,0.33129,0.31903,0.30456,0.28803,0.26984,0.25032,0.23046,0.21011,0.19035,0.17128,0.15348,0.13826,0.12574,0.11621,0.10814,0.10105,0.093957,0.085361,0.074939
0.024047,0.022474,0.022125,0.022065,0.021941,0.02156,0.02093,0.020068,0.019056,0.017906,0.016542,0.015311,0.014197,0.013217,0.012539,0.012136,0.012124,0.012551,0.01335,0.014506,0.015913,0.017316,0.018635,0.020052,0.0218,0.023901,0.026113,0.028205,0.029954,0.031157,0.031641,0.031656,0.031187,0.030588,0.029797,0.028599,0.026872,0.024698,0.022604,0.020668,0.018813,0.017222,0.016199,0.015868,0.016133,0.017227,0.01888,0.021206,0.024399,0.028353,0.033421,0.039556,0.046956,0.055882,0.066279,0.07744,0.088746,0.099378,0.10916,0.11913,0.1289,0.13817,0.14663,0.15473,0.1624,0.1691,0.17466,0.17961,0.18506,0.19162,0.19988,0.21029,0.22256,0.23509,0.24683,0.25681,0.2642,0.26829,0.2696,0.26829,0.26443,0.25732,0.24826,0.23897,0.22881,0.21835,0.2072,0.19618,0.18536,0.17564,0.1666,0.15796,0.15007,0.14294,0.1374,0.13174,0.12559,0.11763,0.10639,0.091503
0.022326,0.020473,0.019776,0.019503,0.019224,0.018839,0.018375,0.017883,0.017432,0.016979,0.016393,0.015886,0.015703,0.015533,0.015334,0.015213,0.015286,0.015525,0.016021,0.016639,0.017264,0.017769,0.018051,0.018338,0.018667,0.019233,0.020124,0.021006,0.02186,0.022522,0.022974,0.023342,0.02353,0.023882,0.024133,0.024119,0.023747,0.022956,0.021915,0.020883,0.019775,0.018921,0.018982,0.01993,0.021345,0.02358,0.026822,0.031356,0.037679,0.045424,0.055463,0.068353,0.084213,0.10211,0.12122,0.14008,0.15754,0.17211,0.18346,0.19243,0.1989,0.2028,0.20452,0.20495,0.20389,0.20135,0.19719,0.19219,0.18764,0.18425,0.18302,0.18412,0.18716,0.19129,0.19603,0.2003,0.20383,0.20594,0.20674,0.2065,0.20569,0.20362,0.20067,0.19734,0.19279,0.18726,0.18091,0.17431,0.1675,0.16186,0.15671,0.15182,0.14686,0.14211,0.13832,0.1339,0.12854,0.12086,0.10949,0.094148
0.018588,0.016316,0.01547,0.015126,0.014911,0.01471,0.014537,0.014468,0.014537,0.014697,0.014973,0.015581,0.016686,0.017812,0.018829,0.019798,0.020843,0.022034,0.023306,0.024434,0.025255,0.025394,0.024615,0.023304,0.021586,0.019878,0.018374,0.017116,0.0161,0.015359,0.014773,0.014448,0.014391,0.014857,0.015771,0.016934,0.01827,0.019566,0.020814,0.022436,0.024476,0.027274,0.031033,0.035391,0.040042,0.045301,0.051639,0.05973,0.070729,0.084131,0.10052,0.11987,0.14187,0.16503,0.18789,0.20946,0.22842,0.24264,0.25146,0.25532,0.25422,0.24848,0.2389,0.22773,0.21524,0.2018,0.18762,0.17348,0.16077,0.1502,0.14227,0.13749,0.13567,0.13638,0.1384,0.14103,0.14395,0.14658,0.1488,0.15053,0.15177,0.15214,0.15192,0.15166,0.15063,0.14882,0.14655,0.1444,0.1425,0.14119,0.14021,0.13934,0.13809,0.13599,0.13402,0.13097,0.1266,0.11947,0.10831,0.092923
0.015374,0.013254,0.012566,0.012307,0.012131,0.011957,0.011797,0.01175,0.011938,0.012459,0.013568,0.01545,0.018225,0.021375,0.024393,0.027236,0.029928,0.032364,0.034466,0.035797,0.036233,0.035296,0.032889,0.02976,0.02607,0.022444,0.019533,0.016967,0.01486,0.013329,0.012128,0.011453,0.01144,0.012303,0.013891,0.015947,0.018821,0.02233,0.026364,0.031432,0.03784,0.045486,0.054118,0.063117,0.072177,0.081713,0.092336,0.10482,0.12038,0.13815,0.15881,0.18228,0.20837,0.23594,0.26348,0.29027,0.31388,0.33074,0.3394,0.33937,0.33043,0.3133,0.28977,0.26436,0.23783,0.21288,0.18996,0.16895,0.14969,0.13248,0.11759,0.10507,0.094694,0.086774,0.080778,0.076182,0.073223,0.071327,0.07063,0.070947,0.072276,0.074062,0.076308,0.079425,0.082876,0.086867,0.091604,0.096969,0.10221,0.10709,0.11114,0.11418,0.11579,0.11586,0.11513,0.11321,0.11,0.10429,0.095183,0.082546
0.017905,0.015664,0.014758,0.014176,0.01354,0.01278,0.011967,0.011202,0.010626,0.010546,0.011405,0.013393,0.016636,0.02078,0.025604,0.030735,0.036102,0.041436,0.046574,0.050572,0.053093,0.053385,0.051247,0.047254,0.041844,0.036017,0.030761,0.025964,0.021739,0.018161,0.015254,0.013094,0.011855,0.011746,0.012732,0.014916,0.019069,0.025051,0.032614,0.042114,0.053574,0.067049,0.081669,0.096358,0.11084,0.12538,0.1404,0.15678,0.17578,0.19669,0.22029,0.24679,0.27636,0.30709,0.33574,0.36058,0.3789,0.38825,0.38755,0.37664,0.35587,0.32673,0.29232,0.25919,0.22792,0.20084,0.17427,0.14825,0.12322,0.10089,0.082117,0.06628,0.053589,0.044296,0.037866,0.033473,0.030969,0.029939,0.030148,0.031151,0.032789,0.034771,0.037002,0.039633,0.042725,0.046454,0.051061,0.056542,0.062283,0.067916,0.07253,0.076169,0.078739,0.080068,0.080496,0.079859,0.078158,0.074687,0.069119,0.061696
0.028349,0.027462,0.027244,0.026684,0.025706,0.024258,0.022414,0.020355,0.018381,0.0169,0.016501,0.01734,0.019678,0.023588,0.029107,0.035926,0.043628,0.052,0.060265,0.067324,0.072355,0.074536,0.073674,0.070139,0.06442,0.057557,0.05073,0.043834,0.037291,0.031314,0.025883,0.021194,0.017493,0.015483,0.015042,0.016172,0.020212,0.026949,0.036342,0.048427,0.063189,0.0808,0.099786,0.11907,0.13796,0.1565,0.17474,0.19354,0.21431,0.23661,0.26079,0.2863,0.31146,0.33448,0.35268,0.36571,0.37232,0.37204,0.36354,0.34692,0.32315,0.2942,0.26259,0.23367,0.20552,0.17984,0.1534,0.12665,0.10092,0.078246,0.059811,0.044633,0.033046,0.025489,0.020856,0.017973,0.016688,0.016365,0.016774,0.017687,0.018907,0.02032,0.021625,0.022708,0.024009,0.025869,0.028567,0.032436,0.037254,0.042625,0.047776,0.052759,0.057149,0.060629,0.063035,0.064309,0.064292,0.062509,0.058747,0.05334
0.047549,0.049226,0.050238,0.049938,0.048555,0.046326,0.043461,0.040131,0.036526,0.03301,0.030428,0.029252,0.029847,0.032509,0.037425,0.043766,0.051434,0.060415,0.07033,0.079974,0.088053,0.09361,0.095717,0.094704,0.090857,0.085027,0.078318,0.070762,0.06295,0.055223,0.047784,0.040904,0.034878,0.030667,0.028284,0.027746,0.030518,0.036756,0.046515,0.059597,0.076197,0.096503,0.11924,0.14308,0.16731,0.19165,0.21522,0.23805,0.26046,0.28163,0.30117,0.31797,0.33059,0.33882,0.34124,0.33841,0.3311,0.32129,0.30688,0.28806,0.26512,0.2391,0.21102,0.18423,0.15779,0.13403,0.10985,0.085969,0.063816,0.045668,0.032526,0.023206,0.017396,0.014336,0.012987,0.012682,0.013247,0.014444,0.015978,0.017464,0.018864,0.019965,0.020641,0.020559,0.020261,0.020028,0.019794,0.019941,0.02095,0.022555,0.024779,0.027707,0.031018,0.034274,0.037161,0.039498,0.041087,0.041642,0.041143,0.039947
0.072368,0.079251,0.083745,0.085138,0.084155,0.081455,0.077459,0.072329,0.066352,0.059945,0.054018,0.049317,0.046658,0.046438,0.04935,0.05412,0.060585,0.068947,0.078572,0.088769,0.098579,0.10698,0.11271,0.11563,0.11576,0.11354,0.1096,0.10382,0.096572,0.088093,0.078764,0.06881,0.058782,0.050559,0.04473,0.041427,0.041743,0.04564,0.053294,0.065089,0.081889,0.10349,0.12852,0.1551,0.18164,0.20773,0.23187,0.25374,0.27257,0.28763,0.29845,0.30457,0.30498,0.30095,0.2926,0.28091,0.26715,0.25447,0.23921,0.22128,0.20067,0.17803,0.15403,0.13113,0.10922,0.090163,0.071665,0.0544,0.03963,0.028924,0.02226,0.018548,0.017362,0.017802,0.019226,0.021245,0.023981,0.027468,0.031328,0.034559,0.036519,0.037344,0.036707,0.034165,0.031012,0.027459,0.023563,0.020019,0.017237,0.015587,0.014885,0.015023,0.015977,0.017673,0.019791,0.021999,0.024023,0.025595,0.026757,0.028099
0.092758,0.10475,0.11248,0.11563,0.11553,0.11309,0.10883,0.10294,0.095705,0.08751,0.079075,0.071341,0.06577,0.062753,0.06322,0.066454,0.071721,0.079068,0.088556,0.099388,0.11051,0.1215,0.13075,0.13771,0.14208,0.14395,0.1433,0.13993,0.13394,0.12544,0.11473,0.1023,0.088679,0.076193,0.065837,0.058374,0.054869,0.055509,0.060389,0.068723,0.081498,0.098401,0.11922,0.14203,0.16447,0.18568,0.20423,0.21992,0.23219,0.24083,0.2456,0.24632,0.24245,0.23482,0.22358,0.20944,0.19385,0.18021,0.16512,0.14881,0.13181,0.11444,0.09716,0.081248,0.067061,0.055797,0.045686,0.0368,0.029763,0.025199,0.02345,0.023973,0.026664,0.031027,0.037032,0.044267,0.052371,0.061177,0.069573,0.075991,0.07933,0.079352,0.075843,0.068763,0.060042,0.050291,0.039752,0.029888,0.022219,0.016821,0.013051,0.010604,0.0093534,0.0092588,0.0099304,0.011168,0.012726,0.014307,0.015986,0.018998
0.10129,0.11538,0.12479,0.12931,0.1303,0.12873,0.12511,0.1196,0.11246,0.10384,0.09409,0.08411,0.075621,0.069939,0.068095,0.068724,0.07149,0.076732,0.083935,0.093091,0.10381,0.1164,0.12931,0.14173,0.15273,0.16115,0.16629,0.16766,0.16519,0.15864,0.14852,0.13522,0.11922,0.10282,0.087569,0.074462,0.064273,0.058418,0.057504,0.059857,0.06609,0.075899,0.0895,0.10524,0.12128,0.13672,0.15012,0.16096,0.16895,0.17366,0.17491,0.17234,0.1655,0.15538,0.14264,0.12812,0.11322,0.10106,0.088988,0.077383,0.066658,0.05691,0.048253,0.041054,0.035485,0.03167,0.028924,0.027376,0.02738,0.02937,0.033576,0.040758,0.051285,0.063818,0.078248,0.094661,0.11236,0.13014,0.14577,0.15753,0.16376,0.16371,0.15741,0.1452,0.12944,0.11093,0.090135,0.069144,0.051079,0.037302,0.027289,0.020161,0.015412,0.012647,0.011402,0.010981,0.011181,0.011636,0.012486,0.015221
0.099154,0.11313,0.12252,0.12733,0.12875,0.12778,0.12487,0.12011,0.11373,0.1055,0.095607,0.084487,0.073452,0.063367,0.05594,0.051256,0.048871,0.049244,0.052281,0.058268,0.067109,0.078642,0.092054,0.10697,0.12224,0.13601,0.14728,0.15495,0.15856,0.1576,0.15208,0.14216,0.12849,0.11276,0.096659,0.081477,0.067793,0.057014,0.050559,0.047756,0.048901,0.052954,0.060436,0.070221,0.081332,0.092965,0.1037,0.1129,0.11978,0.12377,0.12476,0.12242,0.11642,0.10767,0.096968,0.085009,0.073244,0.063951,0.055003,0.046977,0.040664,0.035545,0.031586,0.029073,0.027961,0.028446,0.0303,0.033684,0.039135,0.047015,0.057482,0.072403,0.091864,0.11358,0.13715,0.16172,0.18597,0.20843,0.22701,0.24037,0.24681,0.24513,0.23578,0.21945,0.19849,0.17339,0.14515,0.11642,0.090812,0.069364,0.053003,0.040278,0.03086,0.024452,0.020145,0.017629,0.01626,0.015434,0.015213,0.016843
0.091305,0.10541,0.11501,0.12006,0.12175,0.12103,0.11832,0.11386,0.10782,0.10028,0.09115,0.080374,0.068627,0.056597,0.045475,0.036359,0.03058,0.028107,0.028179,0.031102,0.03689,0.045866,0.057894,0.072948,0.089528,0.10546,0.11898,0.12919,0.13547,0.1371,0.13425,0.12692,0.11584,0.10205,0.087468,0.0732,0.059515,0.047789,0.03855,0.03265,0.03004,0.02942,0.030938,0.033819,0.03753,0.041723,0.045928,0.049918,0.053064,0.055012,0.055951,0.055569,0.053864,0.051403,0.048497,0.045153,0.041601,0.038777,0.036099,0.033852,0.032819,0.032626,0.033657,0.036286,0.040457,0.046005,0.053149,0.061903,0.072511,0.085135,0.099682,0.11827,0.1414,0.16649,0.19349,0.22175,0.24945,0.27525,0.29607,0.31051,0.31621,0.31196,0.29885,0.27901,0.25504,0.2269,0.19554,0.16351,0.13396,0.10778,0.085919,0.067502,0.053077,0.042474,0.034741,0.029514,0.026103,0.023813,0.022413,0.022983
0.06904,0.077385,0.08332,0.086646,0.087968,0.087767,0.086229,0.083537,0.079843,0.075082,0.069124,0.061894,0.053578,0.044434,0.034851,0.02584,0.018603,0.014532,0.013191,0.014183,0.01736,0.023133,0.031792,0.043887,0.058208,0.073112,0.086698,0.097721,0.10565,0.11,0.11066,0.10749,0.10106,0.091676,0.081021,0.069883,0.058365,0.047269,0.037088,0.029034,0.023897,0.021022,0.020137,0.020263,0.021101,0.022611,0.024275,0.025985,0.027753,0.029324,0.030787,0.032077,0.033491,0.034997,0.03664,0.038131,0.039451,0.040907,0.042238,0.043652,0.046257,0.049562,0.0541,0.060074,0.06767,0.076207,0.085502,0.095411,0.10617,0.11796,0.13107,0.14782,0.1692,0.19363,0.2211,0.25078,0.27993,0.30643,0.32703,0.34028,0.34411,0.33753,0.32143,0.29867,0.27256,0.24424,0.21528,0.18639,0.15944,0.1348,0.11324,0.093947,0.078039,0.065974,0.056925,0.050334,0.0456,0.041892,0.038767,0.036677
0.054387,0.060269,0.064982,0.068016,0.069598,0.07011,0.069616,0.068286,0.066152,0.063265,0.059562,0.054707,0.048696,0.041528,0.033554,0.025722,0.018725,0.013723,0.011096,0.010221,0.010732,0.013268,0.018092,0.025314,0.034522,0.045033,0.055197,0.063999,0.071075,0.076041,0.078824,0.079158,0.077354,0.072765,0.066599,0.059373,0.051011,0.042096,0.033171,0.026017,0.021143,0.017961,0.016358,0.015762,0.015797,0.016511,0.017637,0.018979,0.020473,0.022017,0.024102,0.026754,0.030741,0.035637,0.041396,0.047369,0.053749,0.060384,0.067044,0.073593,0.080747,0.087475,0.09446,0.10205,0.11036,0.11834,0.12629,0.13441,0.1432,0.15236,0.16249,0.17569,0.19297,0.21311,0.23555,0.25859,0.27961,0.29782,0.3112,0.31853,0.31824,0.30985,0.29419,0.27435,0.25281,0.23039,0.20817,0.18637,0.16478,0.14399,0.12477,0.10662,0.091162,0.078927,0.069489,0.062663,0.057679,0.0534,0.049147,0.045367
0.034095,0.035953,0.038116,0.039831,0.040993,0.041745,0.04202,0.041801,0.041154,0.040071,0.038594,0.036383,0.033382,0.029468,0.024518,0.019291,0.014428,0.010798,0.0085022,0.0072582,0.0068431,0.0074846,0.009233,0.012443,0.016944,0.023122,0.029773,0.036187,0.042083,0.047159,0.051309,0.05412,0.055805,0.055415,0.053695,0.050668,0.046377,0.04123,0.035627,0.030457,0.026346,0.023153,0.020969,0.019776,0.019405,0.020008,0.021152,0.022795,0.025163,0.028187,0.032285,0.037908,0.04705,0.058472,0.071737,0.086076,0.10145,0.11571,0.12865,0.13987,0.14949,0.15665,0.16189,0.16618,0.1698,0.17216,0.17402,0.17581,0.17773,0.17974,0.18278,0.18807,0.196,0.20584,0.21721,0.22932,0.24036,0.25011,0.25744,0.26139,0.26056,0.25475,0.24469,0.233,0.22174,0.20962,0.19751,0.18512,0.17115,0.15573,0.14028,0.12481,0.11136,0.10042,0.091944,0.085595,0.080689,0.075959,0.070413,0.064347
0.025704,0.025544,0.026385,0.027166,0.02778,0.028335,0.028689,0.028856,0.028849,0.028653,0.02835,0.027723,0.026695,0.025094,0.022868,0.020261,0.017605,0.015067,0.013196,0.012073,0.011353,0.011058,0.011185,0.011863,0.013204,0.015676,0.018606,0.021696,0.024898,0.027995,0.030988,0.033582,0.035858,0.036944,0.037428,0.037156,0.036228,0.034895,0.033374,0.031988,0.030971,0.03008,0.029603,0.029826,0.030905,0.03329,0.036929,0.041796,0.047973,0.055245,0.064362,0.075812,0.092361,0.11157,0.13205,0.15237,0.17271,0.19049,0.20501,0.21573,0.22266,0.22501,0.22351,0.21974,0.21468,0.20782,0.20015,0.19244,0.18527,0.17883,0.17378,0.17083,0.17005,0.17111,0.17402,0.17818,0.18215,0.18565,0.18808,0.18906,0.18757,0.18409,0.17894,0.17399,0.17004,0.16588,0.1618,0.15752,0.15163,0.14395,0.13544,0.12613,0.11794,0.11062,0.10441,0.099279,0.094779,0.089906,0.083447,0.075086
0.021682,0.019798,0.019723,0.020049,0.020459,0.021035,0.021687,0.022583,0.023566,0.024671,0.026036,0.02737,0.028804,0.029867,0.030279,0.03013,0.029454,0.02825,0.026881,0.025253,0.0233,0.021242,0.01942,0.017706,0.016166,0.015568,0.015377,0.015404,0.015828,0.01674,0.018112,0.019826,0.021913,0.023701,0.025544,0.027284,0.028889,0.03056,0.032421,0.034245,0.036172,0.038114,0.04032,0.043253,0.047235,0.052712,0.059841,0.068563,0.078853,0.090397,0.1036,0.11859,0.13796,0.15874,0.17938,0.19881,0.21706,0.23217,0.24308,0.2496,0.25105,0.24713,0.2389,0.2278,0.21492,0.20004,0.18592,0.17348,0.16232,0.15214,0.14379,0.13766,0.13366,0.13143,0.13114,0.13231,0.13417,0.1365,0.13939,0.14202,0.14323,0.14327,0.14267,0.14216,0.14252,0.14268,0.14315,0.14373,0.14284,0.1403,0.13697,0.13262,0.12867,0.12478,0.12104,0.1175,0.11361,0.1083,0.10022,0.088796
0.020289,0.017846,0.017201,0.017276,0.017645,0.018283,0.019033,0.020007,0.02137,0.023035,0.025068,0.027491,0.03071,0.033932,0.036963,0.039684,0.042135,0.043978,0.045023,0.044978,0.043727,0.041236,0.037618,0.033371,0.029012,0.025524,0.022571,0.020121,0.018312,0.017319,0.017016,0.017227,0.017937,0.01901,0.020723,0.022845,0.025663,0.029367,0.034077,0.039269,0.045101,0.051192,0.057609,0.065165,0.074192,0.084674,0.096431,0.10919,0.12283,0.13702,0.15215,0.16849,0.18827,0.20938,0.2301,0.24901,0.2663,0.27963,0.28765,0.28996,0.28614,0.27603,0.26056,0.24136,0.22066,0.19856,0.17893,0.16219,0.14706,0.13362,0.12225,0.11262,0.10448,0.097675,0.092196,0.087911,0.084557,0.08212,0.081114,0.081121,0.081356,0.08175,0.082704,0.08459,0.088091,0.09211,0.096775,0.1017,0.10571,0.10902,0.11152,0.11293,0.11422,0.11479,0.11505,0.11465,0.11291,0.10882,0.10098,0.089094
0.020269,0.017854,0.017306,0.017459,0.017821,0.018404,0.019143,0.020192,0.021604,0.023457,0.025848,0.028911,0.033486,0.038519,0.043727,0.048931,0.053981,0.058173,0.061086,0.062346,0.061818,0.059406,0.055159,0.049438,0.043022,0.037073,0.031918,0.027681,0.024379,0.022001,0.020275,0.019083,0.018134,0.017607,0.018297,0.019938,0.023003,0.027966,0.035187,0.043753,0.05383,0.064689,0.076147,0.088976,0.10333,0.11873,0.13503,0.15208,0.16973,0.18745,0.20554,0.22426,0.2454,0.26768,0.28835,0.30496,0.31695,0.32232,0.32016,0.31172,0.29645,0.27525,0.24966,0.22151,0.19341,0.1661,0.1428,0.12364,0.10694,0.092525,0.081014,0.071455,0.063434,0.056831,0.051834,0.048099,0.045347,0.043432,0.043041,0.043705,0.044579,0.045633,0.047449,0.05043,0.055063,0.060549,0.06722,0.075109,0.082802,0.089782,0.096092,0.1014,0.10622,0.10986,0.11273,0.11433,0.11398,0.11061,0.10277,0.089834
0.020585,0.017352,0.015972,0.015343,0.015304,0.015756,0.016689,0.018232,0.02043,0.023444,0.027064,0.031446,0.037571,0.044202,0.05131,0.05866,0.065709,0.07203,0.07705,0.080156,0.081212,0.080035,0.076672,0.071432,0.064739,0.057384,0.050138,0.043654,0.038046,0.033412,0.02959,0.026373,0.023678,0.021814,0.021614,0.023319,0.027632,0.035084,0.045942,0.058889,0.073135,0.088083,0.10356,0.12082,0.1399,0.15996,0.18077,0.20214,0.22407,0.24583,0.26787,0.2897,0.31104,0.33143,0.34669,0.35441,0.35398,0.3443,0.32722,0.30515,0.27858,0.24927,0.21862,0.18769,0.15798,0.13013,0.10646,0.087309,0.071424,0.058725,0.049348,0.042037,0.036177,0.031406,0.027733,0.025101,0.023238,0.022059,0.022045,0.02306,0.024278,0.025394,0.026904,0.029093,0.032459,0.036823,0.042764,0.049997,0.057855,0.065738,0.073118,0.079646,0.085525,0.090341,0.094532,0.097479,0.098622,0.097108,0.091678,0.081897
0.028804,0.026379,0.02531,0.024615,0.024262,0.024131,0.02435,0.024935,0.026136,0.028117,0.030948,0.034973,0.040984,0.047717,0.055366,0.063685,0.071851,0.079352,0.085484,0.089697,0.091944,0.091867,0.08962,0.085367,0.079393,0.072439,0.065274,0.05839,0.051842,0.045964,0.040689,0.035887,0.031715,0.028742,0.027797,0.029382,0.034289,0.043186,0.055946,0.071123,0.087614,0.10492,0.12282,0.14313,0.16545,0.18872,0.21306,0.23804,0.26345,0.28815,0.3118,0.33326,0.35039,0.36313,0.3681,0.36416,0.35121,0.33033,0.30475,0.27688,0.24741,0.2173,0.18583,0.15353,0.12263,0.095274,0.072827,0.055396,0.042438,0.033133,0.027138,0.02314,0.020466,0.018881,0.018116,0.017908,0.018088,0.018426,0.019085,0.01998,0.020504,0.020639,0.020824,0.021357,0.022782,0.025024,0.028173,0.032508,0.03757,0.042989,0.048534,0.053709,0.058346,0.062259,0.065811,0.068527,0.070071,0.069883,0.06719,0.062091
0.038562,0.037124,0.036748,0.036211,0.035668,0.03516,0.034842,0.034864,0.035528,0.037006,0.039182,0.042553,0.047514,0.053141,0.059786,0.067281,0.074708,0.081754,0.087903,0.092854,0.096593,0.09871,0.099118,0.097931,0.095536,0.092295,0.088859,0.085087,0.080789,0.075955,0.070659,0.064846,0.058687,0.052864,0.04863,0.046921,0.048941,0.055146,0.065407,0.078519,0.093617,0.11015,0.12751,0.14779,0.17015,0.19341,0.21732,0.24132,0.26454,0.28561,0.30376,0.31828,0.32701,0.33006,0.32596,0.31464,0.29701,0.27503,0.25148,0.22648,0.20017,0.17353,0.14546,0.11673,0.089922,0.067993,0.050612,0.03773,0.029278,0.02438,0.022044,0.021402,0.022101,0.023816,0.026186,0.029213,0.032447,0.035565,0.038056,0.039733,0.039771,0.038221,0.035898,0.033562,0.032089,0.031678,0.032212,0.033799,0.036121,0.038977,0.041984,0.044908,0.047457,0.049726,0.051866,0.053589,0.054623,0.054649,0.0533,0.05067
0.054072,0.055033,0.055768,0.055229,0.053864,0.052155,0.050335,0.048609,0.047621,0.047542,0.048353,0.050428,0.053782,0.057663,0.062554,0.068224,0.074027,0.079759,0.084988,0.089573,0.093663,0.096855,0.099154,0.10067,0.10193,0.10296,0.10408,0.10493,0.10506,0.10417,0.10203,0.098601,0.094027,0.088413,0.083108,0.079452,0.078848,0.081956,0.088651,0.097999,0.10926,0.12196,0.13558,0.15172,0.16933,0.18757,0.20571,0.22282,0.23829,0.25112,0.26078,0.26669,0.26746,0.26363,0.2555,0.2434,0.22778,0.20987,0.19083,0.17028,0.1484,0.12635,0.10377,0.081518,0.061679,0.046896,0.035759,0.028486,0.024984,0.024138,0.025252,0.028022,0.032386,0.038269,0.045179,0.052581,0.059851,0.066556,0.071275,0.073861,0.07335,0.070128,0.065077,0.05911,0.053639,0.049866,0.046951,0.045101,0.044241,0.044171,0.044206,0.04458,0.044989,0.045415,0.045897,0.046194,0.046087,0.045434,0.044136,0.042886
0.070743,0.074887,0.077269,0.076982,0.074999,0.07223,0.068599,0.064634,0.06119,0.058621,0.056911,0.05629,0.05651,0.057496,0.059497,0.062338,0.065587,0.069107,0.072611,0.076023,0.079495,0.082856,0.086379,0.090023,0.094376,0.099607,0.10603,0.11284,0.11846,0.12243,0.12438,0.12391,0.12094,0.11562,0.10882,0.10185,0.0963,0.092936,0.09187,0.093033,0.096907,0.1032,0.11107,0.12137,0.133,0.14511,0.15693,0.16775,0.17715,0.18475,0.19026,0.19339,0.1936,0.1906,0.1848,0.17604,0.16475,0.15224,0.13875,0.12419,0.1094,0.095302,0.081479,0.068391,0.057335,0.050052,0.045383,0.043292,0.044316,0.048009,0.053688,0.061233,0.07112,0.082897,0.095255,0.10773,0.11902,0.12889,0.13501,0.13678,0.13312,0.1253,0.11419,0.10127,0.08866,0.078875,0.070686,0.064325,0.059387,0.055606,0.052485,0.050239,0.048425,0.047064,0.046082,0.045227,0.044183,0.04272,0.040905,0.039746
0.077845,0.083057,0.085986,0.085687,0.083203,0.079725,0.075194,0.070372,0.066152,0.063289,0.061808,0.061475,0.061698,0.062375,0.063741,0.065453,0.067398,0.069618,0.071868,0.074198,0.07674,0.079471,0.082462,0.085927,0.090402,0.096202,0.10329,0.11058,0.11684,0.12144,0.12402,0.12424,0.12162,0.11591,0.10797,0.098875,0.08989,0.081948,0.076005,0.07279,0.073013,0.076128,0.080789,0.087399,0.095184,0.10363,0.11227,0.12028,0.12742,0.13325,0.13735,0.13861,0.13721,0.13287,0.12603,0.11714,0.10701,0.097197,0.087967,0.079344,0.071656,0.065733,0.061377,0.058648,0.058067,0.060407,0.064495,0.070504,0.078619,0.088233,0.098643,0.11015,0.12347,0.13828,0.15334,0.16779,0.18021,0.19076,0.19675,0.19727,0.19094,0.17938,0.16385,0.14604,0.12816,0.11278,0.098996,0.087669,0.078837,0.072048,0.066415,0.062282,0.059004,0.056632,0.054763,0.05318,0.051524,0.049511,0.047218,0.045853
0.083084,0.089183,0.093919,0.095624,0.094873,0.093056,0.089873,0.085941,0.081901,0.078602,0.076393,0.075272,0.074741,0.074816,0.075356,0.075916,0.076495,0.077129,0.077836,0.078611,0.07973,0.081209,0.08343,0.086427,0.09044,0.096045,0.10318,0.1109,0.11796,0.12372,0.1279,0.12986,0.12841,0.123,0.11459,0.10376,0.091326,0.078469,0.066677,0.057702,0.052495,0.050676,0.050987,0.052604,0.055165,0.058237,0.0614,0.064541,0.067639,0.070805,0.073394,0.074694,0.074921,0.073828,0.07184,0.069298,0.06643,0.064086,0.061952,0.060373,0.059919,0.061053,0.063865,0.068886,0.076499,0.086378,0.09755,0.10968,0.12178,0.13357,0.14461,0.15533,0.16653,0.17826,0.18964,0.20008,0.2084,0.21455,0.2168,0.21463,0.20728,0.19632,0.18287,0.16783,0.15251,0.13902,0.12633,0.11516,0.10578,0.098238,0.092071,0.08766,0.084283,0.081717,0.079614,0.077698,0.07554,0.072705,0.068902,0.065412
0.075168,0.084203,0.090925,0.094662,0.096034,0.095684,0.09401,0.091252,0.087457,0.082446,0.076565,0.070011,0.063025,0.055943,0.049158,0.043176,0.038179,0.03434,0.032008,0.031237,0.032369,0.0355,0.040449,0.046982,0.055016,0.062497,0.069209,0.074702,0.078703,0.080896,0.081566,0.081477,0.081061,0.080778,0.080936,0.082115,0.083964,0.086291,0.088692,0.090661,0.091471,0.090856,0.088671,0.085899,0.082882,0.080088,0.078089,0.076817,0.075943,0.075334,0.074825,0.074346,0.073757,0.073237,0.07287,0.072362,0.072231,0.072961,0.074806,0.077727,0.081646,0.086317,0.091595,0.097169,0.10259,0.10752,0.11165,0.11514,0.11773,0.11984,0.12166,0.12299,0.12439,0.12641,0.12933,0.13251,0.13565,0.1387,0.14149,0.14424,0.14671,0.14913,0.15159,0.1541,0.15647,0.15885,0.16118,0.16421,0.16722,0.16998,0.17243,0.17419,0.17482,0.17456,0.17323,0.17068,0.16633,0.15907,0.14802,0.13364
0.051392,0.056253,0.060807,0.06412,0.066243,0.067555,0.068326,0.068651,0.068414,0.067257,0.065339,0.062679,0.059182,0.054891,0.04997,0.044703,0.039668,0.035318,0.032053,0.029966,0.029202,0.030059,0.031792,0.034194,0.03739,0.040987,0.044981,0.048779,0.051994,0.054451,0.056328,0.05795,0.059766,0.062269,0.065485,0.06998,0.074949,0.079689,0.083292,0.085254,0.085187,0.083175,0.079583,0.075373,0.071122,0.0677,0.065563,0.06516,0.066204,0.068245,0.071395,0.07579,0.080549,0.085305,0.089558,0.092836,0.095718,0.099037,0.10318,0.10801,0.11346,0.11938,0.12557,0.13208,0.13859,0.14495,0.15071,0.15512,0.15737,0.15716,0.15436,0.14912,0.14249,0.13567,0.12982,0.12419,0.11924,0.11536,0.11238,0.11041,0.10924,0.10894,0.10962,0.11114,0.11359,0.11741,0.12271,0.13026,0.13893,0.14822,0.15769,0.16664,0.17404,0.17978,0.18361,0.18494,0.18297,0.17625,0.16334,0.1441
0.037632,0.040191,0.043383,0.045962,0.047853,0.049263,0.050524,0.051764,0.052903,0.053842,0.054577,0.054817,0.054534,0.053265,0.050978,0.048015,0.044668,0.041285,0.038238,0.035725,0.034087,0.03344,0.033461,0.034004,0.035166,0.03693,0.039511,0.042745,0.046348,0.050125,0.053762,0.057602,0.061927,0.066814,0.072502,0.0793,0.086577,0.093139,0.097794,0.099762,0.098907,0.095835,0.09117,0.085554,0.079851,0.075427,0.072631,0.071717,0.072419,0.074845,0.079158,0.085891,0.093989,0.10298,0.11211,0.12053,0.1281,0.13526,0.14257,0.14997,0.15778,0.16594,0.17448,0.18294,0.19029,0.19591,0.1988,0.19824,0.1939,0.18565,0.17368,0.15935,0.14385,0.12935,0.11678,0.10542,0.095995,0.089188,0.084393,0.081292,0.079359,0.078517,0.078795,0.07989,0.081907,0.085135,0.089593,0.096334,0.10456,0.11391,0.12388,0.13364,0.14212,0.14913,0.15472,0.15815,0.1585,0.15418,0.14377,0.12777
0.028244,0.028479,0.029939,0.031284,0.032304,0.033327,0.034608,0.036357,0.038685,0.041535,0.044912,0.048184,0.050985,0.0526,0.052671,0.051339,0.049037,0.045969,0.042581,0.039524,0.036868,0.03473,0.03322,0.032809,0.033619,0.03551,0.038285,0.041639,0.045632,0.049959,0.054585,0.060202,0.067215,0.075111,0.083811,0.093453,0.10322,0.11178,0.1182,0.12195,0.12325,0.12242,0.12017,0.11672,0.11256,0.10913,0.10666,0.10589,0.10683,0.10942,0.11386,0.12108,0.13016,0.14013,0.15087,0.16165,0.17242,0.18303,0.19349,0.20311,0.21173,0.21869,0.22367,0.22624,0.22588,0.22265,0.21619,0.20633,0.19312,0.1773,0.159,0.14027,0.12197,0.10632,0.093653,0.083353,0.075404,0.069417,0.064865,0.061085,0.057908,0.055309,0.053169,0.051349,0.05004,0.04955,0.050013,0.052376,0.056311,0.061833,0.068765,0.076045,0.083034,0.08973,0.096111,0.10139,0.10474,0.10495,0.10122,0.093946
0.029245,0.029688,0.030957,0.03199,0.032585,0.032903,0.03326,0.033892,0.035044,0.03704,0.040164,0.04371,0.047282,0.049964,0.051464,0.051624,0.050614,0.04867,0.046144,0.043284,0.040458,0.037815,0.035505,0.033544,0.032039,0.031315,0.031592,0.032706,0.03488,0.038186,0.042615,0.048307,0.055889,0.065111,0.075531,0.086886,0.098638,0.1094,0.11808,0.1243,0.12837,0.13081,0.13256,0.13365,0.13449,0.13635,0.13859,0.1416,0.14523,0.14966,0.15592,0.16545,0.17812,0.19316,0.20968,0.22611,0.24114,0.25379,0.26361,0.2697,0.27174,0.26928,0.26304,0.25334,0.24059,0.22538,0.2079,0.18828,0.16732,0.14617,0.12466,0.10489,0.087775,0.075466,0.066704,0.060077,0.055414,0.052003,0.049188,0.04674,0.044357,0.041922,0.039565,0.037207,0.034891,0.032847,0.031208,0.030577,0.031096,0.032908,0.035992,0.040205,0.044781,0.049581,0.054801,0.059714,0.063682,0.066015,0.066412,0.065646
0.028901,0.029284,0.030444,0.031191,0.031542,0.031676,0.031788,0.032143,0.03302,0.03449,0.036996,0.040675,0.045096,0.049339,0.052578,0.054678,0.055713,0.055607,0.054768,0.053472,0.051549,0.049273,0.046743,0.044175,0.041994,0.040439,0.039606,0.039427,0.039987,0.0414,0.043636,0.046834,0.051234,0.056918,0.063967,0.072388,0.081944,0.091231,0.099674,0.10733,0.11491,0.12275,0.13106,0.13939,0.14754,0.15661,0.165,0.17282,0.18023,0.18754,0.19571,0.20679,0.22093,0.23749,0.25417,0.26867,0.27983,0.28668,0.28921,0.28677,0.27958,0.26779,0.2525,0.23435,0.21432,0.19331,0.17166,0.14979,0.12865,0.10981,0.09295,0.079445,0.069254,0.062659,0.058446,0.0553,0.053338,0.052058,0.051093,0.050423,0.049845,0.04904,0.047704,0.045739,0.043314,0.040586,0.037512,0.034576,0.03211,0.030457,0.029916,0.030381,0.031586,0.033253,0.035549,0.038064,0.040659,0.042913,0.044742,0.047538
0.035358,0.035759,0.036812,0.037606,0.037989,0.038226,0.038457,0.038736,0.039139,0.039711,0.040716,0.042126,0.043886,0.045735,0.047382,0.048684,0.049347,0.049283,0.048758,0.047709,0.046201,0.044289,0.042044,0.03988,0.038063,0.036592,0.035632,0.035395,0.035989,0.037395,0.039531,0.042201,0.045741,0.050367,0.056431,0.064485,0.074583,0.085758,0.097263,0.1095,0.12275,0.13663,0.15154,0.1671,0.18339,0.20046,0.21589,0.22973,0.24183,0.25241,0.26202,0.27123,0.27954,0.2854,0.28773,0.28584,0.28054,0.27237,0.2616,0.24781,0.23124,0.21221,0.19196,0.1708,0.14995,0.13011,0.1115,0.094243,0.079449,0.068524,0.06029,0.05517,0.052554,0.052446,0.054172,0.056824,0.05981,0.062621,0.065031,0.067349,0.06943,0.070427,0.069953,0.067814,0.064159,0.059263,0.053125,0.046476,0.040022,0.034551,0.030529,0.028263,0.027526,0.027541,0.028132,0.029023,0.030095,0.031142,0.03249,0.0353
0.039807,0.03987,0.040422,0.040563,0.040056,0.039106,0.03804,0.037049,0.036276,0.035795,0.035986,0.036816,0.038138,0.039951,0.042136,0.044689,0.047265,0.049453,0.051491,0.052818,0.053,0.052121,0.050225,0.047591,0.044511,0.041408,0.038937,0.037125,0.036263,0.036343,0.036886,0.037991,0.039802,0.042626,0.046818,0.053173,0.062055,0.072977,0.085615,0.10076,0.11859,0.13761,0.15757,0.17796,0.19934,0.22107,0.24032,0.25686,0.27026,0.28022,0.28674,0.28956,0.28793,0.28173,0.27108,0.25731,0.24221,0.22781,0.21334,0.19753,0.17977,0.16045,0.14071,0.12101,0.10255,0.086167,0.072283,0.060951,0.052719,0.048265,0.046348,0.0472,0.050571,0.056544,0.064496,0.073415,0.082413,0.090677,0.098096,0.1051,0.11123,0.11498,0.11567,0.11319,0.1077,0.09954,0.088655,0.07609,0.062872,0.050296,0.039967,0.032973,0.028944,0.026424,0.024978,0.024367,0.024196,0.024344,0.024928,0.027329
0.042804,0.043103,0.043382,0.043447,0.042843,0.041801,0.040681,0.039537,0.038478,0.037743,0.037364,0.037681,0.038491,0.039894,0.041759,0.044239,0.046853,0.04914,0.051367,0.053169,0.053841,0.053182,0.051421,0.048703,0.04522,0.041325,0.038017,0.035702,0.034418,0.034003,0.034185,0.034765,0.035776,0.037656,0.040926,0.046319,0.054096,0.064192,0.076393,0.09242,0.11245,0.13376,0.15583,0.17782,0.20038,0.22171,0.23948,0.25342,0.26305,0.26802,0.26822,0.26312,0.25311,0.23925,0.22237,0.20454,0.18768,0.17221,0.15773,0.14215,0.12523,0.10787,0.091182,0.075671,0.062568,0.052177,0.044633,0.039763,0.037823,0.039531,0.044781,0.05344,0.064642,0.077929,0.092453,0.10715,0.12101,0.13323,0.14437,0.15494,0.16446,0.17077,0.17279,0.17031,0.16351,0.15271,0.13811,0.1206,0.10133,0.081939,0.064446,0.051082,0.04235,0.036444,0.03241,0.029768,0.028089,0.027112,0.02673,0.027994
0.048191,0.049111,0.049475,0.049156,0.047827,0.045668,0.042982,0.040079,0.03733,0.034886,0.033004,0.031783,0.031135,0.031269,0.032019,0.033787,0.03604,0.038364,0.04085,0.043524,0.045633,0.046861,0.047149,0.046294,0.044304,0.041448,0.038464,0.035801,0.033886,0.032525,0.031601,0.031023,0.030911,0.031668,0.033303,0.036357,0.041281,0.048314,0.058024,0.072512,0.092452,0.1147,0.13769,0.16019,0.18264,0.20224,0.21663,0.2256,0.22883,0.22651,0.21914,0.20713,0.19126,0.173,0.15367,0.13487,0.11772,0.1035,0.092096,0.081284,0.070669,0.060925,0.052554,0.045861,0.040941,0.037794,0.036733,0.037975,0.042176,0.050075,0.061388,0.075632,0.092083,0.11011,0.12896,0.1476,0.16499,0.1806,0.19614,0.21134,0.22535,0.23553,0.24048,0.24005,0.23404,0.22292,0.20635,0.18523,0.16055,0.13436,0.10915,0.087921,0.072134,0.060173,0.051132,0.044517,0.039796,0.036524,0.034257,0.033599
0.049062,0.050857,0.052112,0.052665,0.052107,0.050466,0.048097,0.045217,0.042085,0.039072,0.036414,0.034793,0.033791,0.033631,0.034257,0.035652,0.037738,0.040168,0.042849,0.046099,0.049034,0.05115,0.05244,0.052487,0.051202,0.048778,0.045875,0.042694,0.039762,0.036921,0.034131,0.031667,0.029462,0.027642,0.026427,0.026198,0.027281,0.030331,0.036164,0.046266,0.061432,0.079594,0.099276,0.1188,0.13825,0.1549,0.16644,0.17247,0.1728,0.16812,0.15922,0.14655,0.13092,0.11399,0.097185,0.081783,0.068821,0.058937,0.051363,0.044808,0.038778,0.033835,0.030358,0.028895,0.029669,0.032302,0.036784,0.043882,0.054353,0.06851,0.085622,0.10503,0.12613,0.14782,0.16955,0.19022,0.2089,0.22529,0.24214,0.25845,0.27395,0.28564,0.29151,0.29064,0.2838,0.27141,0.25295,0.22942,0.2023,0.17318,0.14448,0.11913,0.09936,0.084075,0.072129,0.062989,0.056112,0.050915,0.046265,0.042293
0.04351,0.044202,0.044995,0.045473,0.045177,0.044082,0.042394,0.040354,0.038271,0.036137,0.034125,0.032651,0.031493,0.031089,0.031219,0.032037,0.033242,0.034356,0.035671,0.037737,0.039814,0.041709,0.043341,0.044353,0.044511,0.043814,0.042511,0.040556,0.038295,0.035704,0.032795,0.0298,0.026784,0.024077,0.021841,0.020177,0.019186,0.019221,0.020829,0.024788,0.031346,0.039825,0.049661,0.060054,0.070636,0.079931,0.08604,0.088765,0.088031,0.084774,0.079753,0.073102,0.065296,0.057316,0.049887,0.04326,0.038017,0.034139,0.031253,0.028975,0.027099,0.026105,0.026421,0.028555,0.032754,0.03888,0.047404,0.058404,0.072043,0.088711,0.10814,0.12986,0.15354,0.17781,0.20246,0.22657,0.24919,0.2705,0.29464,0.31975,0.3433,0.36009,0.36736,0.36449,0.35217,0.33174,0.30399,0.27153,0.23773,0.20528,0.17478,0.14818,0.12676,0.10973,0.096114,0.085317,0.076802,0.069866,0.062834,0.055342
0.035527,0.034482,0.034015,0.033779,0.033417,0.032807,0.032056,0.031224,0.030416,0.029415,0.028023,0.02667,0.025266,0.02431,0.023704,0.023648,0.023904,0.024223,0.024758,0.025877,0.027118,0.028531,0.02992,0.031086,0.032022,0.03267,0.032939,0.032586,0.03176,0.030358,0.028471,0.026337,0.024051,0.021889,0.019935,0.018283,0.016895,0.015867,0.015592,0.016372,0.018124,0.021047,0.024845,0.029348,0.034118,0.038761,0.042089,0.044068,0.044566,0.044119,0.043151,0.041721,0.039884,0.038031,0.036373,0.034827,0.033544,0.032826,0.032804,0.033388,0.034455,0.036438,0.039605,0.044496,0.051139,0.058986,0.067977,0.078463,0.091115,0.10639,0.12479,0.14596,0.16942,0.19343,0.21732,0.24023,0.2623,0.28453,0.31168,0.34075,0.36757,0.38636,0.39537,0.39467,0.38468,0.36622,0.33939,0.30578,0.26866,0.23312,0.20226,0.17615,0.15506,0.13817,0.12471,0.11365,0.10434,0.095905,0.086346,0.074986
0.032305,0.030821,0.030235,0.030121,0.030056,0.029828,0.029524,0.029223,0.02899,0.028653,0.02794,0.027143,0.026107,0.025246,0.024661,0.024392,0.024216,0.02407,0.024037,0.024448,0.024878,0.025173,0.02533,0.025375,0.02549,0.025526,0.02552,0.025221,0.024654,0.023781,0.022578,0.021311,0.019989,0.018889,0.018049,0.017291,0.016573,0.015822,0.015287,0.015179,0.015653,0.016821,0.018582,0.020767,0.023063,0.025724,0.027943,0.029792,0.031188,0.032376,0.033563,0.034694,0.035822,0.037205,0.039237,0.041394,0.043915,0.046515,0.049367,0.053048,0.05744,0.062473,0.068364,0.075424,0.083194,0.091042,0.098927,0.10739,0.11689,0.12777,0.14084,0.15593,0.17294,0.19015,0.20738,0.22417,0.24022,0.25604,0.27505,0.2962,0.31759,0.33362,0.34274,0.34534,0.34139,0.33139,0.31546,0.29413,0.26893,0.24403,0.2227,0.20543,0.19081,0.1784,0.1681,0.1586,0.14927,0.13873,0.12458,0.10607
0.026181,0.023869,0.023135,0.023054,0.023108,0.023116,0.023129,0.023229,0.023548,0.023822,0.023963,0.024056,0.023893,0.023535,0.022909,0.022265,0.021515,0.020701,0.020334,0.020378,0.020593,0.02076,0.02063,0.020436,0.020365,0.020467,0.02069,0.020792,0.020775,0.020544,0.020193,0.019878,0.019566,0.019468,0.019397,0.019099,0.01853,0.01774,0.017028,0.016814,0.016994,0.017719,0.019143,0.021085,0.023237,0.025616,0.028027,0.030658,0.033674,0.037096,0.04126,0.04648,0.052951,0.060852,0.070409,0.080206,0.089642,0.097663,0.10393,0.10905,0.11302,0.11568,0.1174,0.11926,0.12112,0.12287,0.12411,0.12553,0.12802,0.13194,0.13769,0.14563,0.15551,0.16621,0.17744,0.18854,0.19935,0.20957,0.22075,0.23354,0.24713,0.25868,0.26752,0.27339,0.27576,0.27501,0.27125,0.26448,0.25436,0.24302,0.23329,0.22596,0.22008,0.21428,0.20879,0.20208,0.19338,0.18084,0.16189,0.13591
0.021505,0.019277,0.01869,0.018526,0.018496,0.018474,0.01849,0.018623,0.019005,0.019546,0.020107,0.020753,0.021505,0.022121,0.022394,0.022597,0.022787,0.02299,0.023143,0.023272,0.023244,0.023011,0.022404,0.021752,0.021055,0.020512,0.020167,0.019905,0.019622,0.0193,0.019114,0.019328,0.019814,0.020491,0.021135,0.021559,0.021708,0.021589,0.0215,0.02184,0.022573,0.023519,0.024778,0.026482,0.028165,0.030183,0.032876,0.036578,0.041777,0.048359,0.057187,0.068844,0.083938,0.10149,0.12039,0.13817,0.15358,0.16494,0.17195,0.17474,0.17383,0.16945,0.16258,0.15536,0.14772,0.13984,0.13196,0.12471,0.11926,0.11606,0.11536,0.11731,0.12135,0.12685,0.13338,0.14037,0.14761,0.15458,0.16196,0.1703,0.1798,0.18893,0.19677,0.20354,0.20869,0.21246,0.21532,0.21777,0.21959,0.22075,0.22165,0.22294,0.22409,0.22411,0.22336,0.22028,0.21383,0.2017,0.18152,0.15279
0.017279,0.014451,0.013346,0.012885,0.01268,0.012613,0.012684,0.012935,0.013351,0.014028,0.014769,0.015586,0.016722,0.01786,0.018931,0.019982,0.021167,0.02243,0.023633,0.024623,0.02525,0.025258,0.024508,0.023327,0.021846,0.020289,0.018886,0.017646,0.016695,0.015975,0.0156,0.015837,0.01697,0.01878,0.020811,0.022835,0.025121,0.027327,0.029267,0.031802,0.034882,0.038192,0.041756,0.045525,0.049282,0.053536,0.059164,0.066724,0.077179,0.090039,0.10606,0.12519,0.14722,0.17023,0.19264,0.21215,0.22719,0.23589,0.2379,0.23375,0.22409,0.21012,0.1939,0.17881,0.16425,0.15051,0.13673,0.12383,0.11278,0.10436,0.098884,0.096272,0.096046,0.097339,0.099808,0.10318,0.10746,0.11225,0.11773,0.12457,0.13269,0.1404,0.14759,0.15453,0.1606,0.16582,0.17066,0.17545,0.17983,0.18497,0.19083,0.19595,0.19933,0.20052,0.20023,0.19744,0.1916,0.18069,0.16276,0.13759
0.016266,0.012919,0.011393,0.010549,0.0098791,0.0092655,0.0087221,0.0083928,0.008249,0.0083797,0.0088189,0.0095663,0.010843,0.012388,0.014049,0.015856,0.017822,0.019881,0.022081,0.024066,0.025626,0.026252,0.025737,0.024445,0.022597,0.02068,0.019058,0.017516,0.016195,0.01527,0.014833,0.015278,0.016772,0.019117,0.022106,0.025506,0.030255,0.035849,0.041709,0.048448,0.055589,0.062816,0.069945,0.076972,0.084017,0.091551,0.10075,0.11232,0.12723,0.14486,0.16544,0.18872,0.21474,0.24142,0.26687,0.28889,0.3049,0.31176,0.30879,0.29599,0.27429,0.24586,0.21508,0.18882,0.16574,0.14539,0.12611,0.1084,0.092746,0.079757,0.069905,0.062507,0.057501,0.054587,0.053096,0.052733,0.053644,0.055555,0.058902,0.064097,0.071081,0.078891,0.087086,0.095975,0.10526,0.1151,0.12595,0.13786,0.14987,0.16073,0.17013,0.17835,0.18438,0.18778,0.189,0.18753,0.1829,0.17321,0.15651,0.13215
0.021122,0.01834,0.01684,0.015703,0.014638,0.013535,0.012362,0.011173,0.010027,0.0090992,0.0086519,0.0088205,0.0098526,0.011647,0.014233,0.017206,0.020478,0.024154,0.027943,0.03115,0.033363,0.034174,0.0334,0.031544,0.028812,0.025931,0.02353,0.021522,0.020104,0.019359,0.019103,0.019455,0.020994,0.023686,0.027274,0.031918,0.038999,0.047675,0.057363,0.068087,0.079311,0.091071,0.10292,0.11455,0.12604,0.13801,0.15138,0.16678,0.18522,0.20597,0.2299,0.25729,0.28759,0.31727,0.34297,0.36191,0.372,0.37133,0.35923,0.33635,0.30434,0.26644,0.22779,0.19628,0.16873,0.14454,0.12124,0.098955,0.078802,0.062067,0.049158,0.039234,0.031741,0.026323,0.02269,0.020238,0.018985,0.018796,0.01958,0.021519,0.024478,0.028401,0.033102,0.038771,0.045797,0.054541,0.065105,0.077291,0.090152,0.1024,0.11302,0.12198,0.12872,0.13306,0.13535,0.13554,0.13335,0.12745,0.11651,0.10022
0.0358,0.034256,0.033078,0.031708,0.029986,0.027855,0.025354,0.022594,0.019681,0.016935,0.014642,0.013108,0.012851,0.013573,0.015531,0.018279,0.021654,0.025686,0.030178,0.03443,0.03797,0.040281,0.040851,0.039917,0.037662,0.034864,0.032306,0.029729,0.027142,0.024772,0.022721,0.021335,0.021197,0.02255,0.025425,0.030455,0.040166,0.053956,0.070369,0.088096,0.10645,0.1259,0.14555,0.1648,0.18346,0.20243,0.22185,0.24212,0.26369,0.28566,0.30824,0.33043,0.35089,0.36733,0.37727,0.3796,0.37378,0.36048,0.33882,0.30984,0.27531,0.23842,0.2022,0.17233,0.14513,0.12131,0.09816,0.076242,0.056789,0.041465,0.030701,0.022754,0.01736,0.014307,0.012534,0.011559,0.011216,0.011368,0.012127,0.013211,0.014828,0.017062,0.019748,0.022838,0.026421,0.030969,0.036922,0.044548,0.053352,0.062179,0.070087,0.077212,0.083252,0.087857,0.091101,0.092945,0.093151,0.090908,0.085375,0.076128
0.068871,0.074492,0.077471,0.077539,0.075537,0.072038,0.067311,0.061471,0.05473,0.047479,0.040347,0.033912,0.029153,0.026394,0.026317,0.027746,0.030411,0.034053,0.038384,0.042888,0.046977,0.050235,0.051915,0.051886,0.050212,0.047669,0.045159,0.042436,0.039665,0.036976,0.034483,0.0326,0.031963,0.032977,0.035502,0.039723,0.048363,0.061084,0.077803,0.096749,0.11758,0.14087,0.16594,0.19216,0.21824,0.24369,0.26734,0.28902,0.30874,0.32577,0.33991,0.35039,0.35631,0.35684,0.35086,0.33888,0.32223,0.30424,0.28242,0.2572,0.22909,0.19904,0.16837,0.14201,0.11762,0.096532,0.076191,0.057112,0.040904,0.028369,0.019725,0.013688,0.0098908,0.0076999,0.0065957,0.0063185,0.0065677,0.0071805,0.0081414,0.0093312,0.010625,0.012283,0.014015,0.015597,0.017242,0.01909,0.021167,0.023876,0.027329,0.031345,0.035346,0.039587,0.044061,0.048365,0.052368,0.055603,0.057701,0.058186,0.056711,0.05339
0.105,0.11941,0.12822,0.13127,0.13022,0.12622,0.11986,0.11129,0.10084,0.088949,0.076275,0.063975,0.054073,0.046545,0.04264,0.041016,0.041405,0.043894,0.047735,0.052131,0.05705,0.062091,0.066156,0.068835,0.069863,0.06949,0.06817,0.065742,0.062451,0.058372,0.053883,0.049294,0.045316,0.043493,0.043697,0.046018,0.052062,0.062124,0.07755,0.096143,0.11756,0.14194,0.16894,0.19783,0.22679,0.25474,0.27989,0.30122,0.31798,0.32946,0.33517,0.33472,0.328,0.31603,0.29939,0.2795,0.25845,0.23982,0.21887,0.19564,0.17032,0.14382,0.11766,0.095558,0.076111,0.060316,0.045972,0.033484,0.02363,0.016557,0.012226,0.0095497,0.0082399,0.0081855,0.0091,0.010754,0.013199,0.016205,0.019456,0.022667,0.025534,0.028166,0.030137,0.03067,0.03023,0.029156,0.027436,0.025455,0.023785,0.022473,0.021622,0.021682,0.022625,0.024441,0.026766,0.029297,0.031526,0.033102,0.033989,0.034537
0.14068,0.1634,0.17811,0.18458,0.18511,0.18143,0.1744,0.16434,0.15158,0.1365,0.1196,0.10209,0.086591,0.073955,0.06618,0.061006,0.057733,0.056717,0.057623,0.059573,0.062275,0.065933,0.070161,0.074163,0.077323,0.079517,0.08043,0.079628,0.077205,0.073161,0.067994,0.062048,0.055975,0.051712,0.049944,0.051194,0.055929,0.064161,0.077215,0.093869,0.11393,0.13687,0.16144,0.18644,0.21,0.23193,0.25036,0.26463,0.27418,0.27863,0.27769,0.27146,0.25985,0.24411,0.22511,0.2042,0.183,0.16543,0.14708,0.12824,0.10948,0.091144,0.074086,0.059937,0.048047,0.038882,0.031115,0.02458,0.019541,0.016331,0.014896,0.014946,0.016698,0.019832,0.024141,0.029662,0.036347,0.04415,0.052079,0.059401,0.065065,0.068516,0.069158,0.066333,0.061248,0.054432,0.045994,0.037017,0.02937,0.023625,0.019511,0.016599,0.014881,0.014352,0.014826,0.015882,0.017118,0.018287,0.01955,0.021703
0.15575,0.18104,0.19784,0.206,0.20796,0.20544,0.19945,0.19032,0.17845,0.1639,0.14704,0.12869,0.11087,0.094099,0.081304,0.071776,0.065209,0.061968,0.0608,0.061437,0.063641,0.067415,0.072142,0.078048,0.084183,0.089531,0.093462,0.095283,0.094581,0.091126,0.085133,0.07723,0.068172,0.060253,0.054168,0.050713,0.050625,0.05376,0.061345,0.071774,0.085387,0.10195,0.12075,0.14054,0.15946,0.177,0.19178,0.20325,0.21061,0.21349,0.21175,0.20522,0.19367,0.17819,0.15965,0.13917,0.11866,0.10224,0.086489,0.071645,0.05838,0.046704,0.036921,0.029514,0.024004,0.02052,0.018355,0.017347,0.017508,0.018834,0.021627,0.026433,0.033594,0.042123,0.052025,0.06324,0.076178,0.090705,0.1054,0.11907,0.12984,0.13634,0.13789,0.13394,0.12573,0.1139,0.098504,0.081255,0.064863,0.050658,0.039497,0.030559,0.023813,0.019209,0.016377,0.014976,0.014558,0.01451,0.01502,0.017664
0.14574,0.16958,0.18572,0.1941,0.19686,0.19577,0.19166,0.18481,0.1754,0.16331,0.14854,0.13159,0.11419,0.096789,0.081212,0.067535,0.056911,0.05052,0.047221,0.046155,0.046928,0.049715,0.05413,0.060571,0.068188,0.075765,0.082322,0.087018,0.089127,0.088038,0.083688,0.07635,0.066838,0.05693,0.048379,0.042155,0.038537,0.038078,0.041343,0.047001,0.055519,0.066595,0.079898,0.094423,0.10855,0.12169,0.13264,0.1408,0.14565,0.14679,0.14398,0.13724,0.12645,0.11283,0.097496,0.08136,0.066017,0.054195,0.044107,0.035789,0.02946,0.024583,0.021072,0.018837,0.017742,0.018076,0.019945,0.023381,0.028705,0.036042,0.045245,0.057413,0.072874,0.090376,0.10966,0.13043,0.15184,0.17317,0.19229,0.20876,0.22052,0.22606,0.22435,0.21531,0.20077,0.18172,0.15861,0.1333,0.10901,0.087622,0.069882,0.054962,0.042953,0.033927,0.027456,0.023283,0.02087,0.019457,0.019053,0.020887
0.13312,0.15583,0.17126,0.1795,0.18263,0.18224,0.17907,0.17353,0.16599,0.15637,0.14443,0.13058,0.11541,0.099319,0.083354,0.068016,0.054493,0.044848,0.039104,0.036783,0.037179,0.04002,0.04553,0.053639,0.063266,0.073055,0.081867,0.088515,0.092303,0.092682,0.08962,0.083262,0.074406,0.064155,0.054103,0.04535,0.038086,0.033139,0.031057,0.031021,0.033174,0.036902,0.042393,0.049035,0.056119,0.063114,0.069196,0.073947,0.076921,0.077697,0.076211,0.07247,0.066544,0.059397,0.051982,0.044502,0.037401,0.032014,0.02746,0.02391,0.021813,0.02039,0.019956,0.020564,0.022578,0.025912,0.031015,0.037657,0.04582,0.055548,0.066727,0.080976,0.099066,0.11934,0.14163,0.1655,0.18957,0.21361,0.23607,0.25699,0.27309,0.2813,0.28099,0.27216,0.2566,0.23574,0.21139,0.18527,0.15991,0.13615,0.11491,0.094948,0.077371,0.063037,0.051788,0.043469,0.037795,0.033873,0.031148,0.030735
0.1047,0.12121,0.1324,0.13863,0.14149,0.14201,0.14058,0.13764,0.13336,0.1277,0.12052,0.1116,0.10097,0.088461,0.074829,0.060733,0.047047,0.035915,0.028229,0.023701,0.021835,0.022525,0.025994,0.032297,0.040257,0.048822,0.057027,0.063924,0.068877,0.071219,0.070915,0.068002,0.062962,0.056169,0.049089,0.042297,0.035825,0.030374,0.026508,0.024467,0.024229,0.025439,0.028028,0.031373,0.035229,0.039314,0.043176,0.046396,0.048829,0.050076,0.050262,0.049342,0.047693,0.04546,0.043144,0.040725,0.038528,0.036769,0.035356,0.034274,0.034355,0.035058,0.036734,0.039386,0.043427,0.048491,0.054766,0.062063,0.070484,0.079843,0.09046,0.10396,0.1209,0.13975,0.16086,0.18405,0.20859,0.23509,0.2609,0.285,0.30386,0.31419,0.31503,0.30666,0.29104,0.26923,0.24347,0.21681,0.19109,0.16686,0.1451,0.1239,0.1044,0.087597,0.073798,0.06324,0.055662,0.050103,0.045945,0.043514
0.070603,0.080269,0.087485,0.092384,0.095664,0.097903,0.099224,0.099772,0.099488,0.098315,0.096111,0.091985,0.085614,0.076864,0.065955,0.054049,0.041949,0.031205,0.022878,0.017529,0.014325,0.013153,0.013991,0.017179,0.022211,0.028075,0.034053,0.039561,0.044182,0.047397,0.04909,0.049063,0.047611,0.044575,0.040863,0.036842,0.032368,0.027914,0.02409,0.021585,0.020546,0.020734,0.02187,0.023386,0.025116,0.02708,0.029162,0.031221,0.033195,0.034824,0.036252,0.037662,0.039688,0.041952,0.044541,0.047175,0.049852,0.052216,0.054444,0.056595,0.059456,0.062173,0.065115,0.068432,0.072564,0.07683,0.081848,0.087835,0.094724,0.10211,0.11047,0.12138,0.13535,0.15156,0.17014,0.19093,0.21273,0.23631,0.25953,0.28147,0.2991,0.30981,0.31264,0.30801,0.29745,0.28045,0.25998,0.23859,0.21636,0.19417,0.17331,0.15244,0.13313,0.11623,0.10215,0.091207,0.082993,0.076295,0.069889,0.06401
0.049937,0.055024,0.059402,0.062687,0.065185,0.067224,0.06874,0.069871,0.070485,0.070668,0.070249,0.068483,0.065159,0.06011,0.053435,0.045666,0.037468,0.029923,0.023647,0.019088,0.01573,0.013587,0.013046,0.0142,0.016394,0.019546,0.02338,0.027121,0.030544,0.033287,0.035273,0.03629,0.036467,0.035238,0.033511,0.031343,0.028658,0.025627,0.022545,0.020007,0.018479,0.017707,0.01772,0.018496,0.019861,0.021719,0.024076,0.026723,0.029788,0.032915,0.036486,0.040782,0.04711,0.054794,0.063512,0.072585,0.081872,0.089514,0.095903,0.10086,0.10503,0.10771,0.10909,0.10994,0.11086,0.11132,0.11202,0.11354,0.11636,0.12019,0.12566,0.1337,0.14448,0.15753,0.17286,0.1902,0.20871,0.22877,0.24813,0.26585,0.27912,0.28699,0.28885,0.28542,0.27828,0.26618,0.251,0.23527,0.21928,0.20303,0.18731,0.17111,0.15615,0.14296,0.13166,0.12222,0.11406,0.10593,0.096602,0.085884
0.034923,0.036353,0.038239,0.040003,0.041408,0.042637,0.04359,0.044423,0.045079,0.045555,0.045995,0.045798,0.044813,0.042879,0.039749,0.035847,0.031544,0.027091,0.023079,0.019856,0.016841,0.014198,0.012277,0.0112,0.010861,0.011501,0.013046,0.014999,0.01737,0.019823,0.022314,0.024604,0.026668,0.027932,0.028869,0.02953,0.029869,0.029928,0.029941,0.030014,0.030495,0.031153,0.032113,0.03363,0.035705,0.038803,0.042852,0.047624,0.053053,0.059103,0.066273,0.075054,0.087689,0.10213,0.11754,0.1324,0.14619,0.15704,0.16469,0.16932,0.17119,0.16955,0.16464,0.15791,0.1504,0.14212,0.13397,0.12689,0.12151,0.11762,0.11586,0.117,0.12086,0.12729,0.13629,0.14751,0.15998,0.17362,0.18716,0.19954,0.20861,0.21407,0.21631,0.21635,0.21595,0.21319,0.20941,0.20547,0.20082,0.195,0.1879,0.17926,0.17077,0.16267,0.15514,0.14829,0.14155,0.13338,0.1221,0.10714
0.026206,0.025084,0.025148,0.025585,0.026026,0.026588,0.02722,0.028091,0.029115,0.030279,0.031654,0.032843,0.033675,0.033782,0.033071,0.031764,0.029969,0.027706,0.025312,0.022888,0.020351,0.017765,0.015464,0.013494,0.011951,0.011106,0.010898,0.01116,0.012012,0.013233,0.015029,0.017074,0.019395,0.021796,0.024204,0.026519,0.02906,0.032202,0.03588,0.039629,0.04375,0.047966,0.052356,0.057456,0.063569,0.070975,0.079529,0.088928,0.099293,0.11018,0.12194,0.13494,0.15106,0.16735,0.18291,0.19624,0.20698,0.21351,0.21604,0.21518,0.21096,0.20288,0.19166,0.17833,0.16477,0.15044,0.13707,0.12524,0.11509,0.10646,0.099821,0.095358,0.093139,0.093036,0.095197,0.099437,0.10542,0.11291,0.12146,0.13069,0.13883,0.14539,0.15079,0.15559,0.16147,0.16725,0.17339,0.17946,0.18387,0.18613,0.18623,0.1843,0.18182,0.17865,0.17501,0.17102,0.16592,0.15808,0.1455,0.12763
0.024788,0.022316,0.021237,0.0207,0.0204,0.020322,0.020421,0.020865,0.02167,0.022777,0.024309,0.026043,0.028148,0.030061,0.03157,0.032561,0.033088,0.033007,0.032532,0.031468,0.029768,0.027553,0.025205,0.022682,0.020265,0.018474,0.017176,0.016206,0.015666,0.015684,0.016234,0.017375,0.019098,0.021463,0.024719,0.028507,0.033539,0.040119,0.048051,0.05633,0.064636,0.072616,0.080418,0.088652,0.097718,0.10775,0.11868,0.13031,0.14257,0.15513,0.16833,0.18206,0.19811,0.21403,0.22879,0.24082,0.24928,0.25291,0.25162,0.24651,0.23703,0.22335,0.20602,0.18629,0.16624,0.14595,0.12805,0.11295,0.099994,0.088909,0.080099,0.073244,0.068053,0.064549,0.062787,0.06294,0.064955,0.068552,0.073844,0.080299,0.086471,0.092283,0.098188,0.1043,0.11184,0.11981,0.12837,0.13764,0.14611,0.15275,0.1575,0.16032,0.16236,0.16319,0.16326,0.16234,0.15968,0.15368,0.14239,0.12549
0.02509,0.022024,0.020384,0.019255,0.018518,0.018081,0.01798,0.018328,0.019205,0.020501,0.022082,0.02411,0.026814,0.029565,0.032232,0.034734,0.037008,0.038945,0.04042,0.04114,0.041006,0.039915,0.037822,0.034873,0.031558,0.028517,0.025959,0.023859,0.022268,0.021353,0.021198,0.021625,0.022822,0.025297,0.029172,0.03443,0.042348,0.0532,0.066509,0.080108,0.093212,0.10529,0.11636,0.12728,0.13851,0.14997,0.16202,0.17462,0.18805,0.2019,0.21614,0.23028,0.24516,0.25853,0.2686,0.274,0.2742,0.26843,0.25803,0.24488,0.22823,0.20868,0.18694,0.16345,0.14025,0.1173,0.097832,0.082298,0.069675,0.059581,0.051746,0.045493,0.040485,0.036674,0.034056,0.032566,0.032342,0.033205,0.035634,0.039643,0.044263,0.049307,0.055241,0.062154,0.071012,0.08084,0.092106,0.10468,0.11732,0.12911,0.13939,0.14777,0.15461,0.15977,0.16361,0.16563,0.16486,0.1597,0.14796,0.12894
0.031561,0.0282,0.026133,0.024589,0.023497,0.022614,0.02203,0.021782,0.021901,0.022312,0.023071,0.024439,0.026637,0.029162,0.031988,0.034933,0.037848,0.04063,0.042961,0.044672,0.045447,0.045215,0.044119,0.042009,0.039199,0.036052,0.032976,0.030131,0.027778,0.025915,0.024657,0.024054,0.024443,0.026517,0.030659,0.037161,0.047321,0.061712,0.07972,0.098839,0.11756,0.13525,0.15187,0.16897,0.18686,0.205,0.22342,0.24175,0.2598,0.27655,0.29154,0.30374,0.31296,0.31727,0.31525,0.30601,0.2899,0.2687,0.24629,0.22474,0.20254,0.17931,0.15507,0.13004,0.10571,0.083192,0.065154,0.051578,0.041182,0.033499,0.028307,0.024623,0.021966,0.020172,0.019261,0.019081,0.019944,0.021635,0.024545,0.028946,0.033811,0.038591,0.043658,0.049004,0.055325,0.062379,0.071073,0.081446,0.092331,0.10307,0.11308,0.12187,0.12942,0.13545,0.14037,0.1435,0.14404,0.14068,0.13144,0.1154
0.043515,0.041545,0.039922,0.037945,0.03609,0.03397,0.031798,0.029619,0.027764,0.026344,0.025438,0.025564,0.026738,0.028498,0.030933,0.033863,0.037039,0.040286,0.043236,0.045754,0.047703,0.048861,0.049136,0.04836,0.046719,0.044653,0.042555,0.040391,0.038266,0.036451,0.035049,0.034194,0.034239,0.035852,0.039795,0.046293,0.05709,0.072941,0.092978,0.11476,0.13616,0.15642,0.17557,0.19589,0.21745,0.23971,0.26208,0.28372,0.30352,0.31978,0.33192,0.33871,0.33931,0.33309,0.32005,0.30049,0.27546,0.24866,0.22403,0.20097,0.17772,0.15447,0.1308,0.10694,0.084463,0.065307,0.050297,0.039228,0.031135,0.025623,0.021961,0.019542,0.018162,0.017451,0.017295,0.017624,0.018479,0.01979,0.021765,0.024526,0.027637,0.030495,0.033401,0.036635,0.040615,0.04551,0.05166,0.059129,0.067323,0.075767,0.083915,0.091295,0.097548,0.10274,0.10708,0.11007,0.11116,0.10932,0.10307,0.091769
0.059758,0.058814,0.057432,0.055079,0.052455,0.049304,0.045971,0.042484,0.039423,0.036931,0.035258,0.034755,0.03514,0.036095,0.037662,0.039914,0.042643,0.045661,0.048649,0.051421,0.053881,0.055776,0.057059,0.057527,0.057367,0.057084,0.056643,0.055953,0.054933,0.053738,0.052591,0.051562,0.051018,0.051259,0.05314,0.057154,0.065377,0.079005,0.097603,0.1186,0.14019,0.16136,0.18226,0.20479,0.22855,0.2527,0.27637,0.29801,0.31607,0.32897,0.33618,0.33672,0.33006,0.31657,0.29804,0.27567,0.25083,0.22486,0.20008,0.1754,0.15049,0.12637,0.1024,0.078985,0.058011,0.042089,0.030448,0.022694,0.017686,0.014926,0.013747,0.013801,0.014716,0.016427,0.018688,0.021585,0.024982,0.029049,0.033472,0.038266,0.042436,0.04534,0.04711,0.048242,0.049525,0.051619,0.054483,0.05823,0.06241,0.066747,0.070667,0.074036,0.076633,0.07886,0.080874,0.082272,0.082635,0.081243,0.077208,0.070404
0.080052,0.08241,0.082637,0.080279,0.076681,0.072173,0.06721,0.062033,0.057253,0.053403,0.050689,0.049084,0.048144,0.047857,0.04847,0.049969,0.052096,0.054655,0.057262,0.059901,0.062506,0.064644,0.066405,0.067551,0.068139,0.06856,0.069252,0.07,0.070419,0.070678,0.070625,0.070195,0.069609,0.068699,0.068772,0.070742,0.076362,0.087008,0.10231,0.12037,0.13962,0.15847,0.17655,0.19566,0.21494,0.23355,0.2508,0.26516,0.27586,0.28195,0.28327,0.27915,0.27005,0.25633,0.23992,0.2209,0.19961,0.17743,0.15608,0.13464,0.11349,0.0936,0.074557,0.056775,0.041777,0.030875,0.023281,0.018939,0.017188,0.017261,0.018628,0.021028,0.024618,0.029463,0.035407,0.042314,0.049993,0.059009,0.068091,0.076193,0.082013,0.085108,0.085394,0.083665,0.081429,0.079745,0.077927,0.076463,0.075146,0.074038,0.07273,0.071358,0.069702,0.068262,0.067141,0.066115,0.064809,0.062726,0.059479,0.055588
0.1014,0.11005,0.11482,0.11513,0.11244,0.10779,0.10152,0.09416,0.086596,0.079941,0.074517,0.070401,0.067221,0.065062,0.063869,0.063653,0.064167,0.065335,0.066788,0.068551,0.070333,0.071903,0.073379,0.074647,0.075917,0.077444,0.079446,0.081582,0.083119,0.083842,0.083797,0.082808,0.080661,0.077244,0.074035,0.07218,0.07294,0.076632,0.08371,0.093088,0.10438,0.11617,0.12814,0.14099,0.15384,0.16644,0.17844,0.18926,0.19872,0.20559,0.20917,0.20868,0.20452,0.19561,0.18319,0.16743,0.14932,0.13091,0.11373,0.097125,0.081477,0.067748,0.055517,0.04513,0.03704,0.032133,0.029172,0.028127,0.028973,0.031406,0.034995,0.039832,0.046437,0.054975,0.065385,0.077505,0.09056,0.10518,0.11877,0.12969,0.1358,0.13678,0.13264,0.12485,0.11552,0.10711,0.099037,0.092173,0.086256,0.081286,0.076375,0.071918,0.067669,0.064158,0.061386,0.059036,0.056691,0.053923,0.050517,0.047178
0.1067,0.11605,0.12129,0.12132,0.1177,0.11204,0.10454,0.095895,0.087421,0.080609,0.07579,0.072451,0.070201,0.068756,0.067967,0.067639,0.067651,0.068093,0.068721,0.069791,0.071361,0.073047,0.075079,0.077348,0.080091,0.083421,0.087815,0.092758,0.097157,0.10044,0.10214,0.10226,0.10014,0.095219,0.088808,0.081932,0.076135,0.072174,0.070419,0.071509,0.075556,0.0809,0.087158,0.094299,0.1018,0.10947,0.1169,0.12358,0.12912,0.1333,0.13534,0.13399,0.13013,0.12312,0.11386,0.10271,0.090349,0.078432,0.067666,0.057936,0.049805,0.043904,0.039879,0.037778,0.037615,0.039702,0.042974,0.047392,0.052921,0.05977,0.067486,0.076312,0.086942,0.099992,0.11479,0.13105,0.14779,0.16628,0.183,0.19568,0.20215,0.20241,0.19616,0.185,0.17105,0.15735,0.14302,0.1297,0.11782,0.10753,0.098034,0.089763,0.082251,0.076001,0.070818,0.066643,0.062849,0.058939,0.054592,0.050751
0.10443,0.11361,0.12042,0.12338,0.12328,0.12159,0.11809,0.1135,0.10838,0.10421,0.10153,0.10003,0.099093,0.098426,0.097751,0.096882,0.095954,0.095123,0.094211,0.093461,0.093108,0.093075,0.093637,0.094638,0.096189,0.098606,0.1018,0.10501,0.10741,0.10872,0.10867,0.10706,0.1029,0.095668,0.086885,0.077467,0.068477,0.060661,0.055285,0.052746,0.052804,0.054309,0.056865,0.060088,0.063724,0.06765,0.071417,0.0748,0.077648,0.07977,0.080963,0.080225,0.078407,0.074977,0.070325,0.064652,0.05866,0.053475,0.049389,0.046451,0.044992,0.045388,0.048116,0.053287,0.060416,0.069166,0.078431,0.087547,0.095819,0.10338,0.11023,0.11686,0.1243,0.13322,0.14328,0.15456,0.16615,0.17906,0.19049,0.19878,0.20217,0.2011,0.19555,0.1864,0.17506,0.16355,0.15122,0.13904,0.12766,0.11796,0.10954,0.10249,0.096285,0.090919,0.08631,0.082606,0.079087,0.075105,0.070203,0.065636
0.073056,0.080928,0.086889,0.09022,0.091406,0.091143,0.08969,0.087217,0.083757,0.079165,0.073865,0.068368,0.062899,0.057516,0.0522,0.047529,0.043864,0.041335,0.040287,0.040919,0.043831,0.048794,0.05546,0.06308,0.070818,0.077075,0.081935,0.084975,0.086291,0.085716,0.083804,0.081052,0.078441,0.076581,0.076121,0.07726,0.0795,0.082436,0.085505,0.088197,0.089628,0.090023,0.089165,0.087595,0.08562,0.083653,0.082292,0.081582,0.081159,0.080832,0.08061,0.080453,0.080156,0.079751,0.079189,0.07839,0.077647,0.077529,0.078112,0.079103,0.080885,0.083373,0.086303,0.089683,0.093054,0.096097,0.09875,0.10101,0.10264,0.10419,0.10602,0.1078,0.11001,0.11296,0.11691,0.12159,0.12683,0.13247,0.13787,0.14296,0.14742,0.15135,0.15493,0.15818,0.1612,0.16408,0.16675,0.16946,0.17171,0.17324,0.17416,0.17435,0.17368,0.17241,0.17049,0.16768,0.16355,0.15693,0.14682,0.13362
0.046045,0.048345,0.051262,0.053279,0.054242,0.054286,0.053754,0.052723,0.051324,0.049489,0.047275,0.044666,0.041805,0.038753,0.035666,0.033041,0.030927,0.02955,0.029444,0.030954,0.034639,0.040013,0.046772,0.054528,0.062826,0.070004,0.075964,0.080118,0.082641,0.083555,0.08297,0.081832,0.08101,0.081048,0.082557,0.085894,0.090641,0.095641,0.099976,0.10274,0.10315,0.10156,0.098497,0.094285,0.089475,0.08484,0.081216,0.078946,0.077737,0.077498,0.078287,0.080003,0.081887,0.083979,0.085779,0.087041,0.088066,0.089396,0.091034,0.092822,0.094857,0.097029,0.099177,0.10125,0.10283,0.10372,0.10415,0.10422,0.10407,0.10385,0.10356,0.10292,0.10253,0.10265,0.10398,0.10598,0.1083,0.11141,0.11465,0.11787,0.12105,0.12444,0.12811,0.132,0.13635,0.14138,0.14705,0.15381,0.16085,0.16756,0.17386,0.17939,0.18377,0.18695,0.18883,0.18877,0.18594,0.17851,0.16495,0.14573
0.033296,0.033953,0.035815,0.037237,0.037974,0.038182,0.038041,0.037753,0.037417,0.037017,0.036928,0.037157,0.037635,0.038122,0.038506,0.038819,0.039256,0.040109,0.041554,0.043594,0.046496,0.050056,0.054156,0.059075,0.064812,0.070583,0.076244,0.081012,0.084957,0.087731,0.089745,0.091528,0.093825,0.096678,0.10055,0.10578,0.11139,0.11608,0.11897,0.1195,0.1175,0.11401,0.10982,0.10477,0.099379,0.094519,0.090985,0.088911,0.087951,0.088199,0.089928,0.0934,0.097874,0.10302,0.10811,0.11234,0.11581,0.11913,0.1222,0.12461,0.12688,0.12879,0.13034,0.1318,0.13278,0.133,0.13249,0.13094,0.12805,0.12405,0.11881,0.11318,0.10747,0.10272,0.099275,0.096357,0.094147,0.092989,0.092431,0.092263,0.092477,0.093255,0.094689,0.096733,0.099519,0.10311,0.10762,0.11385,0.12119,0.12927,0.13774,0.14606,0.15351,0.15987,0.16529,0.16885,0.16944,0.16516,0.15428,0.1372
0.02871,0.028337,0.029263,0.029941,0.030271,0.030272,0.02999,0.029681,0.029493,0.029487,0.029988,0.03094,0.032267,0.033839,0.035387,0.036914,0.038555,0.04061,0.043093,0.045981,0.049216,0.052674,0.056322,0.060158,0.064807,0.069924,0.075678,0.081786,0.087729,0.093239,0.09854,0.10422,0.1105,0.11707,0.12376,0.13107,0.1386,0.14466,0.14816,0.14883,0.14697,0.14377,0.14007,0.13551,0.13072,0.12646,0.12322,0.12131,0.12058,0.12108,0.12343,0.12802,0.13399,0.14099,0.1481,0.15442,0.16011,0.16494,0.16892,0.17187,0.17374,0.17401,0.17319,0.17138,0.16805,0.1632,0.15639,0.14761,0.13712,0.12542,0.11257,0.10033,0.088959,0.079639,0.072684,0.067199,0.063161,0.060456,0.05854,0.057196,0.056287,0.055862,0.05582,0.056048,0.056662,0.058036,0.060121,0.063352,0.067821,0.073385,0.079927,0.086941,0.0938,0.10043,0.10713,0.113,0.11685,0.11719,0.1127,0.10403
0.032057,0.031826,0.032488,0.032795,0.032464,0.031539,0.030225,0.028661,0.026995,0.025266,0.023915,0.023333,0.023905,0.025424,0.027458,0.029778,0.032431,0.035384,0.038441,0.041519,0.044571,0.047593,0.050504,0.0534,0.056801,0.06084,0.065562,0.070921,0.077099,0.083786,0.090966,0.098874,0.10803,0.11788,0.12806,0.13842,0.14851,0.15661,0.16204,0.16474,0.16518,0.16464,0.16395,0.16259,0.16063,0.15898,0.15722,0.15619,0.15591,0.15649,0.15865,0.16313,0.17006,0.17894,0.18904,0.19888,0.20765,0.21432,0.21849,0.21959,0.21773,0.21266,0.20488,0.1949,0.18292,0.16984,0.15564,0.14043,0.12479,0.10923,0.093878,0.080543,0.069283,0.061161,0.055516,0.051305,0.048544,0.046695,0.045384,0.044483,0.044137,0.043966,0.043752,0.043372,0.042828,0.042346,0.041947,0.042052,0.04289,0.044567,0.047399,0.051358,0.056076,0.061205,0.06713,0.073095,0.078192,0.081268,0.081414,0.078992
0.039251,0.039756,0.040731,0.041028,0.040487,0.039244,0.037499,0.035262,0.032616,0.029744,0.027228,0.025274,0.024277,0.024051,0.024536,0.0256,0.027218,0.029241,0.031712,0.034434,0.037234,0.03979,0.042052,0.044191,0.046684,0.049716,0.053563,0.058208,0.063686,0.070001,0.077318,0.08581,0.095901,0.10679,0.1182,0.1302,0.1425,0.15337,0.16202,0.16855,0.17385,0.1787,0.18438,0.18994,0.19503,0.19987,0.20325,0.20542,0.20641,0.20675,0.20782,0.21131,0.21636,0.22212,0.22701,0.2299,0.23143,0.23113,0.22847,0.22291,0.21406,0.20182,0.18724,0.17112,0.15431,0.13775,0.12167,0.10593,0.091104,0.078116,0.066535,0.057719,0.051287,0.047663,0.045703,0.044453,0.043887,0.043883,0.044175,0.044968,0.046063,0.046849,0.047014,0.046424,0.045236,0.043648,0.041605,0.039523,0.037717,0.036471,0.036071,0.036651,0.038078,0.040103,0.042896,0.046089,0.049168,0.051653,0.053384,0.054956
0.047788,0.049588,0.050934,0.051267,0.050426,0.048735,0.04641,0.043745,0.040783,0.037567,0.034349,0.031572,0.029283,0.027625,0.026672,0.026363,0.026644,0.027563,0.029337,0.031128,0.032595,0.033629,0.034249,0.034745,0.035632,0.037001,0.039386,0.042977,0.047679,0.053423,0.060191,0.067965,0.076998,0.08702,0.098305,0.1108,0.12467,0.13851,0.15138,0.16393,0.17671,0.18914,0.20206,0.21485,0.2272,0.23921,0.249,0.25641,0.26135,0.26406,0.26503,0.26446,0.26185,0.25664,0.24888,0.23964,0.23065,0.22156,0.21133,0.19889,0.18369,0.16609,0.14748,0.12862,0.11042,0.094083,0.079539,0.066665,0.056093,0.048452,0.04294,0.039695,0.038444,0.039558,0.042151,0.045668,0.049647,0.053608,0.057502,0.061727,0.066169,0.069605,0.071488,0.071541,0.069979,0.066975,0.062494,0.056919,0.050854,0.044949,0.039992,0.036838,0.035361,0.034693,0.034859,0.03546,0.036294,0.037143,0.037973,0.040401
0.059664,0.063569,0.065607,0.065759,0.064009,0.060789,0.056564,0.051663,0.046554,0.04149,0.036649,0.032206,0.028336,0.025174,0.022799,0.021336,0.020753,0.020919,0.022037,0.023532,0.024793,0.025688,0.026141,0.02638,0.026682,0.027367,0.029021,0.031684,0.035646,0.040242,0.045455,0.051421,0.058291,0.066155,0.075338,0.086427,0.099678,0.11419,0.12916,0.14621,0.1656,0.18558,0.20617,0.22706,0.24824,0.26836,0.28489,0.29701,0.30433,0.30645,0.30345,0.2955,0.28283,0.26602,0.24635,0.22643,0.20819,0.19134,0.17458,0.15684,0.1379,0.11825,0.099264,0.081414,0.065695,0.053221,0.04342,0.03575,0.030297,0.027619,0.02726,0.029231,0.033357,0.03963,0.04739,0.055739,0.064201,0.072253,0.079994,0.088239,0.09656,0.10297,0.1065,0.10686,0.10409,0.098509,0.090145,0.079835,0.06851,0.05721,0.047268,0.040133,0.035961,0.033322,0.031893,0.031134,0.030753,0.03053,0.030602,0.031956
0.071255,0.077928,0.081847,0.082992,0.081584,0.078215,0.073398,0.067527,0.060874,0.053885,0.047106,0.041058,0.035732,0.031179,0.027444,0.025164,0.024024,0.02351,0.023661,0.024522,0.025446,0.025904,0.025874,0.025455,0.024663,0.023936,0.023685,0.024239,0.025636,0.02787,0.030726,0.03429,0.038508,0.043795,0.050584,0.059253,0.070174,0.083424,0.098277,0.11652,0.13898,0.16293,0.18768,0.21278,0.23807,0.26143,0.28002,0.29249,0.298,0.29634,0.28791,0.27293,0.25254,0.22885,0.20414,0.18053,0.15917,0.14053,0.12336,0.10659,0.08976,0.073501,0.059116,0.04681,0.037279,0.03062,0.026059,0.023379,0.022648,0.02427,0.028427,0.035221,0.044577,0.055888,0.068438,0.081458,0.094607,0.10756,0.1212,0.1358,0.15085,0.16309,0.17102,0.17399,0.17183,0.16486,0.15322,0.13768,0.11925,0.099601,0.080797,0.065639,0.055079,0.04716,0.041345,0.037246,0.034451,0.03256,0.031239,0.031391
0.077379,0.083903,0.087496,0.088315,0.086512,0.082657,0.077297,0.070875,0.063681,0.056142,0.048699,0.042457,0.037271,0.03332,0.030401,0.02861,0.027429,0.026636,0.026401,0.026898,0.027574,0.027904,0.027949,0.027647,0.026909,0.026025,0.025302,0.024895,0.025124,0.025877,0.02715,0.028979,0.031457,0.034821,0.039281,0.045188,0.053024,0.063525,0.076666,0.094571,0.11722,0.14117,0.16533,0.18853,0.21049,0.22888,0.24158,0.24811,0.2482,0.24223,0.23079,0.21449,0.19424,0.17157,0.14779,0.12517,0.10548,0.089505,0.076116,0.064074,0.052668,0.042759,0.034957,0.029042,0.025094,0.022961,0.02271,0.024147,0.027514,0.033361,0.042175,0.053486,0.066853,0.081538,0.097008,0.11277,0.12844,0.14405,0.16164,0.18077,0.20063,0.21731,0.22929,0.23562,0.23602,0.23039,0.21843,0.2007,0.17837,0.15338,0.12789,0.10553,0.088067,0.074221,0.063309,0.055101,0.049169,0.044967,0.041698,0.039453
0.081704,0.089227,0.094012,0.096192,0.095834,0.093513,0.089722,0.084713,0.078695,0.072006,0.064824,0.058338,0.052275,0.047076,0.042928,0.039977,0.037729,0.035716,0.034155,0.03347,0.033048,0.032541,0.031978,0.031108,0.029774,0.028121,0.026549,0.025117,0.024067,0.023298,0.0227,0.022455,0.022606,0.023295,0.02458,0.026746,0.030512,0.037067,0.04625,0.060345,0.079684,0.10076,0.12219,0.1425,0.16103,0.176,0.18537,0.18893,0.18652,0.17908,0.16752,0.15233,0.1343,0.11533,0.096783,0.080035,0.065889,0.054836,0.046086,0.038614,0.031766,0.026036,0.021982,0.019515,0.01893,0.019856,0.022428,0.027024,0.034093,0.043923,0.056558,0.071439,0.088181,0.1058,0.12382,0.1416,0.1589,0.17609,0.19621,0.21748,0.23841,0.25543,0.26777,0.27466,0.27496,0.26923,0.25711,0.23945,0.21717,0.19192,0.16567,0.14174,0.12172,0.10511,0.091208,0.079924,0.071062,0.064201,0.057906,0.051773
0.070711,0.07645,0.080186,0.082222,0.082655,0.081917,0.08035,0.078069,0.075149,0.071506,0.066999,0.062257,0.057374,0.052747,0.048608,0.045334,0.042503,0.039726,0.037195,0.035583,0.034298,0.032972,0.031555,0.029918,0.028147,0.026274,0.024459,0.022678,0.021183,0.019806,0.018515,0.017504,0.016808,0.016502,0.016543,0.016964,0.018204,0.020621,0.024621,0.031267,0.041068,0.052322,0.064053,0.075203,0.085406,0.094005,0.099046,0.10035,0.097979,0.092993,0.086187,0.077948,0.068758,0.059226,0.05012,0.041775,0.034671,0.02942,0.025632,0.022945,0.020803,0.019305,0.018986,0.019976,0.022235,0.025943,0.03124,0.038287,0.047599,0.059384,0.073765,0.090471,0.10897,0.12821,0.14778,0.1674,0.18717,0.20774,0.2331,0.26022,0.28811,0.31351,0.33433,0.34645,0.34865,0.34114,0.32426,0.29911,0.26905,0.23833,0.20869,0.18248,0.16113,0.14336,0.12833,0.11571,0.10503,0.095565,0.085144,0.072998
0.060429,0.064585,0.067555,0.069504,0.070522,0.07084,0.070779,0.070451,0.069956,0.068842,0.066862,0.064423,0.061164,0.057409,0.05319,0.049288,0.045806,0.042418,0.039329,0.037204,0.035435,0.033925,0.032517,0.031078,0.029794,0.028498,0.027104,0.025483,0.023802,0.022026,0.020197,0.018584,0.017227,0.016162,0.015377,0.014837,0.014728,0.015272,0.016572,0.019142,0.023353,0.028696,0.034559,0.040267,0.045333,0.049932,0.052773,0.053817,0.053109,0.051424,0.049176,0.046327,0.043032,0.03978,0.037076,0.034633,0.032431,0.030584,0.029006,0.02783,0.026934,0.026417,0.026952,0.029048,0.032573,0.037099,0.042266,0.048326,0.055799,0.065156,0.077081,0.091189,0.10728,0.12421,0.14191,0.15992,0.17827,0.19745,0.22179,0.24988,0.28232,0.31498,0.34373,0.36404,0.37437,0.37458,0.3648,0.34482,0.31603,0.28347,0.25326,0.22777,0.20717,0.19011,0.17559,0.16281,0.15098,0.13881,0.12348,0.10423
0.047678,0.049009,0.05039,0.051781,0.053094,0.054323,0.055653,0.057121,0.058794,0.060116,0.06059,0.060424,0.059169,0.056978,0.053893,0.050285,0.046655,0.042901,0.039229,0.036321,0.033745,0.031487,0.029233,0.027091,0.025281,0.023779,0.022518,0.021302,0.020159,0.019037,0.018033,0.017295,0.016847,0.01659,0.016382,0.01609,0.015744,0.015574,0.015777,0.01676,0.018529,0.020704,0.023228,0.025793,0.028112,0.030434,0.032044,0.032983,0.03334,0.033386,0.033458,0.03357,0.033828,0.034506,0.035946,0.037508,0.039039,0.040279,0.041263,0.042181,0.042998,0.04378,0.045249,0.047711,0.050716,0.053799,0.056806,0.059925,0.064103,0.069971,0.078255,0.08872,0.10113,0.11459,0.12896,0.14386,0.15934,0.17572,0.19613,0.21998,0.24777,0.27639,0.30355,0.32604,0.34203,0.3512,0.35405,0.34886,0.33474,0.31362,0.28919,0.26671,0.24907,0.23529,0.22393,0.21326,0.2018,0.18748,0.16705,0.13996
0.02883,0.02675,0.026083,0.026186,0.026839,0.027955,0.02968,0.032104,0.035224,0.038531,0.041515,0.04406,0.0456,0.046105,0.045293,0.043367,0.040773,0.037578,0.034315,0.031561,0.029083,0.026989,0.024936,0.022946,0.021497,0.020465,0.019684,0.019104,0.018658,0.018344,0.018265,0.018488,0.018867,0.019194,0.019279,0.019061,0.018593,0.018078,0.017749,0.017968,0.018579,0.019444,0.020645,0.022205,0.023708,0.025413,0.027177,0.029109,0.031391,0.034005,0.037123,0.041205,0.046569,0.053175,0.061254,0.069496,0.076893,0.082274,0.085359,0.086436,0.085669,0.083222,0.079884,0.077252,0.0752,0.073426,0.071578,0.069978,0.069921,0.071603,0.075734,0.082435,0.091301,0.10143,0.11268,0.12489,0.13819,0.15265,0.17045,0.19163,0.21576,0.23944,0.26149,0.28039,0.2955,0.30705,0.31668,0.32322,0.32443,0.31943,0.30912,0.29597,0.28372,0.27423,0.26662,0.25872,0.24843,0.23294,0.20869,0.17536
0.020966,0.018647,0.018111,0.018223,0.018689,0.019423,0.0205,0.02196,0.023899,0.026103,0.028425,0.030758,0.03283,0.034494,0.035258,0.035281,0.034725,0.03367,0.032256,0.030785,0.029193,0.027543,0.025596,0.023544,0.02186,0.020674,0.019915,0.019448,0.019191,0.019086,0.019223,0.019729,0.020612,0.021667,0.022774,0.023716,0.024471,0.025113,0.025781,0.027038,0.028761,0.030531,0.032325,0.034157,0.03579,0.0377,0.040305,0.043738,0.048304,0.054185,0.062035,0.07214,0.085096,0.099813,0.11517,0.1284,0.13824,0.14322,0.1433,0.13873,0.12993,0.11779,0.10473,0.093745,0.084568,0.076651,0.069312,0.062551,0.057606,0.055054,0.055446,0.058755,0.06411,0.070592,0.077829,0.085848,0.095195,0.10627,0.12022,0.138,0.15904,0.17983,0.19924,0.21656,0.23162,0.24524,0.2593,0.27393,0.28852,0.29997,0.30703,0.30978,0.30922,0.30669,0.30321,0.29728,0.28758,0.27102,0.24399,0.20601
0.017525,0.014137,0.012784,0.012296,0.012313,0.012598,0.013191,0.014122,0.015445,0.017026,0.018617,0.020235,0.021859,0.023216,0.024002,0.024295,0.024321,0.024052,0.023614,0.023077,0.02248,0.021726,0.020571,0.01941,0.018466,0.017686,0.0171,0.016724,0.016706,0.017063,0.018056,0.01979,0.022229,0.025034,0.02791,0.030573,0.033431,0.036248,0.0387,0.041696,0.045061,0.048066,0.05059,0.05296,0.055275,0.058412,0.063473,0.070996,0.081536,0.094696,0.11116,0.13066,0.153,0.17554,0.19662,0.21344,0.22433,0.22766,0.22327,0.21157,0.19324,0.17007,0.14498,0.12367,0.10547,0.089843,0.075512,0.062826,0.053188,0.047148,0.044597,0.044532,0.046144,0.048829,0.052309,0.056424,0.061553,0.067944,0.076463,0.088558,0.10429,0.12084,0.13706,0.15292,0.16803,0.18255,0.19707,0.21158,0.22568,0.23885,0.25158,0.26249,0.27037,0.27502,0.27726,0.27608,0.27022,0.25668,0.2325,0.19772
0.016558,0.012527,0.010435,0.0092892,0.0086442,0.0082177,0.0079909,0.0079186,0.008099,0.008476,0.0089475,0.0095739,0.010462,0.01149,0.012529,0.013567,0.014744,0.015978,0.017426,0.018802,0.020146,0.021075,0.021376,0.021189,0.020842,0.020665,0.020725,0.021128,0.021822,0.022954,0.024929,0.027988,0.032526,0.037994,0.0439,0.049849,0.056937,0.06414,0.070538,0.076669,0.082099,0.086439,0.089911,0.092929,0.095868,0.099673,0.10593,0.115,0.1277,0.14338,0.1623,0.18368,0.20756,0.23136,0.25306,0.26954,0.27896,0.27878,0.26905,0.25061,0.22471,0.19408,0.16279,0.13722,0.11501,0.096048,0.078715,0.063421,0.051258,0.042382,0.036687,0.033507,0.031954,0.031486,0.031736,0.032745,0.034541,0.037283,0.041451,0.047586,0.0561,0.066313,0.077851,0.090839,0.10491,0.12011,0.13685,0.15496,0.17378,0.191,0.2065,0.22061,0.2326,0.24148,0.24714,0.24892,0.24562,0.23455,0.21303,0.18076
0.026038,0.023223,0.021365,0.019778,0.018285,0.016792,0.015231,0.013594,0.011949,0.010456,0.0091725,0.0082429,0.0080059,0.0082891,0.0091675,0.010518,0.012251,0.014365,0.016852,0.019219,0.02132,0.022872,0.023704,0.024007,0.023874,0.023683,0.023764,0.024006,0.024494,0.025453,0.027046,0.029697,0.03424,0.04036,0.047997,0.056743,0.068718,0.082063,0.094942,0.10729,0.11835,0.12818,0.13667,0.14453,0.15229,0.16088,0.17154,0.18404,0.19884,0.21522,0.23376,0.25407,0.27662,0.29831,0.31571,0.32594,0.32726,0.31836,0.29939,0.27193,0.23777,0.20034,0.16384,0.13582,0.11199,0.091896,0.07356,0.057394,0.044352,0.034475,0.027373,0.022169,0.0185,0.01602,0.014259,0.013202,0.012895,0.013191,0.014147,0.015986,0.019026,0.023719,0.029947,0.038014,0.048236,0.060926,0.076268,0.093885,0.11314,0.13152,0.14805,0.16256,0.17428,0.18292,0.18863,0.19117,0.18956,0.18195,0.16617,0.14145
0.049842,0.051316,0.051651,0.050536,0.048394,0.045492,0.041885,0.037587,0.032759,0.027686,0.02267,0.018229,0.01517,0.013373,0.013156,0.013794,0.014937,0.016513,0.01849,0.020382,0.022048,0.023134,0.023673,0.023828,0.023666,0.023556,0.023793,0.024193,0.024739,0.02577,0.027448,0.030237,0.035404,0.042765,0.05212,0.063733,0.080565,0.10016,0.12033,0.1402,0.15882,0.17631,0.19249,0.20706,0.22012,0.23238,0.2447,0.25714,0.27029,0.28364,0.29721,0.31014,0.3222,0.33049,0.33274,0.32765,0.31526,0.29675,0.27177,0.24182,0.20837,0.1736,0.14045,0.11538,0.093874,0.075926,0.059537,0.04511,0.033646,0.024987,0.018956,0.014447,0.011089,0.0087499,0.007417,0.0067429,0.0065191,0.0066597,0.0071885,0.0083156,0.010131,0.012817,0.016576,0.02117,0.026823,0.034098,0.043485,0.055097,0.06888,0.083155,0.096643,0.10907,0.11992,0.12857,0.1352,0.13953,0.14071,0.13725,0.12752,0.1105
0.09112,0.10138,0.1072,0.10866,0.10694,0.10294,0.097049,0.08936,0.080048,0.069526,0.058291,0.047353,0.038384,0.031543,0.027925,0.026088,0.025364,0.025494,0.026373,0.027648,0.02898,0.030083,0.030854,0.031319,0.031334,0.031284,0.031468,0.031518,0.031588,0.03192,0.032462,0.033508,0.036225,0.041012,0.048005,0.05783,0.073928,0.094425,0.11789,0.14204,0.16591,0.18976,0.21323,0.23529,0.25498,0.27237,0.28722,0.29965,0.30999,0.31781,0.32293,0.32478,0.32321,0.31699,0.30551,0.28912,0.26944,0.24901,0.22508,0.19841,0.16928,0.13969,0.11132,0.089884,0.072166,0.057875,0.045041,0.033611,0.024466,0.017827,0.013385,0.010215,0.0081539,0.006875,0.0060883,0.0058318,0.0059744,0.0063341,0.0070135,0.0078569,0.0089609,0.010453,0.012487,0.014877,0.017682,0.021404,0.025784,0.030981,0.037583,0.044535,0.051399,0.058287,0.064839,0.070584,0.07555,0.07947,0.081644,0.081324,0.077691,0.070341
0.1428,0.1647,0.17824,0.18374,0.1835,0.17933,0.17196,0.16156,0.14839,0.1329,0.11545,0.097121,0.08053,0.066243,0.056707,0.049841,0.045227,0.042738,0.041847,0.041839,0.042085,0.042665,0.043254,0.043937,0.044253,0.04432,0.044377,0.044134,0.0435,0.042896,0.042668,0.043032,0.044961,0.049134,0.055182,0.063679,0.076863,0.094584,0.11662,0.13957,0.16257,0.18606,0.20993,0.23341,0.25455,0.27274,0.28689,0.29663,0.30172,0.30187,0.2969,0.28693,0.27288,0.25567,0.23617,0.21532,0.19432,0.17582,0.1557,0.13428,0.11201,0.0897,0.069253,0.0545,0.043035,0.034343,0.026609,0.020014,0.014985,0.011588,0.0095592,0.0081063,0.0073049,0.0069535,0.0069745,0.0075557,0.008554,0.0099362,0.011716,0.013908,0.016563,0.019805,0.023306,0.026026,0.028212,0.029882,0.030707,0.031067,0.031523,0.032194,0.032801,0.033845,0.035665,0.038037,0.040777,0.043465,0.045525,0.046456,0.045973,0.044325
0.19148,0.22211,0.24155,0.25037,0.25156,0.24752,0.23932,0.22725,0.2116,0.19262,0.17078,0.14714,0.12441,0.10262,0.085806,0.072931,0.063124,0.056508,0.052183,0.049084,0.046759,0.04507,0.044262,0.044513,0.04512,0.045719,0.046069,0.045962,0.045228,0.043978,0.042512,0.041354,0.041547,0.043943,0.048515,0.055452,0.06621,0.081158,0.10179,0.12418,0.14676,0.16934,0.19144,0.21243,0.231,0.24657,0.25778,0.26434,0.26606,0.26278,0.25469,0.24246,0.2267,0.20819,0.18727,0.16482,0.14241,0.12392,0.1054,0.08734,0.070336,0.055009,0.04217,0.033147,0.026216,0.021018,0.016993,0.013924,0.011902,0.010767,0.010582,0.011173,0.012742,0.014768,0.017245,0.020348,0.024136,0.028855,0.034154,0.040179,0.046275,0.051819,0.055831,0.057486,0.057219,0.055141,0.050987,0.045533,0.040026,0.035018,0.030836,0.027296,0.024796,0.023503,0.023654,0.024694,0.02597,0.027184,0.028289,0.029618
0.21436,0.24832,0.26948,0.27907,0.28057,0.27654,0.26825,0.25621,0.24099,0.22272,0.20175,0.17872,0.156,0.13325,0.11345,0.095701,0.080146,0.068508,0.060526,0.054864,0.050648,0.04779,0.046334,0.046451,0.047339,0.048385,0.049231,0.049268,0.048279,0.046131,0.042973,0.03939,0.036571,0.035804,0.037133,0.04094,0.047623,0.057276,0.071526,0.08783,0.10508,0.12307,0.14104,0.15807,0.17311,0.18599,0.19564,0.20196,0.2046,0.2028,0.19621,0.18476,0.16865,0.14904,0.12732,0.10482,0.083696,0.067947,0.054268,0.042789,0.033468,0.026,0.020425,0.016706,0.014178,0.012676,0.012245,0.012764,0.014244,0.016596,0.019605,0.023493,0.028281,0.033303,0.038782,0.045141,0.052689,0.061985,0.072599,0.085075,0.097692,0.1084,0.11599,0.11881,0.11724,0.11147,0.10155,0.088523,0.074475,0.0614,0.050812,0.041672,0.03419,0.028515,0.024568,0.022259,0.021211,0.020703,0.020599,0.021941
0.21039,0.24376,0.26509,0.27563,0.27888,0.27719,0.27167,0.2628,0.25087,0.23613,0.21863,0.19864,0.17762,0.15519,0.13369,0.11268,0.092772,0.076133,0.063078,0.053792,0.047387,0.043563,0.042341,0.043344,0.04515,0.047203,0.049282,0.050566,0.050647,0.049075,0.04575,0.041072,0.035859,0.031813,0.02989,0.030275,0.032883,0.037877,0.046361,0.056665,0.068237,0.080914,0.09389,0.1066,0.11793,0.12762,0.13495,0.13939,0.14041,0.13759,0.13081,0.12009,0.10576,0.089198,0.072041,0.05541,0.04096,0.031335,0.024188,0.01899,0.015339,0.012798,0.011112,0.010215,0.0099571,0.010471,0.012212,0.01519,0.019444,0.02464,0.030365,0.037119,0.045218,0.053842,0.063618,0.074871,0.08754,0.10225,0.11804,0.13526,0.15164,0.16473,0.17356,0.17711,0.17568,0.16893,0.15701,0.14141,0.12406,0.10651,0.090708,0.075758,0.062397,0.051176,0.04221,0.035745,0.031708,0.029258,0.028162,0.029199
0.18228,0.21126,0.23092,0.24215,0.24767,0.24954,0.24872,0.2453,0.23956,0.2312,0.22001,0.20555,0.18869,0.16942,0.14909,0.128,0.10671,0.087742,0.071463,0.058896,0.049876,0.044187,0.041808,0.042625,0.044604,0.04698,0.049484,0.051381,0.052005,0.050778,0.047527,0.042675,0.036791,0.031003,0.026448,0.023855,0.022898,0.023694,0.026724,0.031183,0.036842,0.043675,0.051282,0.059205,0.066629,0.073111,0.077936,0.080782,0.08137,0.079482,0.075069,0.068307,0.059597,0.050101,0.040858,0.032147,0.024888,0.020009,0.01644,0.013998,0.012654,0.011906,0.011861,0.012591,0.014219,0.016761,0.020685,0.025806,0.032012,0.038749,0.045753,0.053692,0.06316,0.073432,0.084938,0.098407,0.11373,0.13165,0.15055,0.17081,0.19085,0.2083,0.22178,0.22947,0.23093,0.22574,0.21423,0.19772,0.17853,0.15818,0.13839,0.11828,0.099485,0.082993,0.069271,0.058754,0.051472,0.046283,0.042506,0.040785
0.14098,0.16447,0.18047,0.18994,0.19512,0.19759,0.19809,0.19696,0.19423,0.18991,0.18418,0.17623,0.16587,0.15282,0.13741,0.12003,0.10153,0.084241,0.06891,0.056744,0.047645,0.041346,0.037956,0.03764,0.03882,0.040649,0.04287,0.044833,0.046224,0.046319,0.044947,0.042241,0.038463,0.033932,0.029663,0.026301,0.023554,0.021538,0.020836,0.02138,0.023124,0.026078,0.02993,0.034335,0.038873,0.043339,0.047267,0.050176,0.051945,0.05213,0.050801,0.04813,0.044478,0.040325,0.036373,0.0326,0.029333,0.026763,0.024709,0.023115,0.02236,0.022111,0.022794,0.024191,0.026415,0.029193,0.032886,0.037431,0.042643,0.048225,0.054266,0.061666,0.071382,0.08297,0.097014,0.11387,0.13269,0.15419,0.17644,0.20007,0.22361,0.24414,0.25923,0.26715,0.26796,0.26118,0.24837,0.23121,0.21163,0.19092,0.1707,0.1499,0.12991,0.11193,0.096536,0.084374,0.075393,0.068368,0.062332,0.057343
0.093632,0.10849,0.11918,0.126,0.13021,0.13283,0.13445,0.13546,0.13608,0.13658,0.13659,0.13503,0.13087,0.12351,0.11291,0.099855,0.085128,0.070632,0.057329,0.046231,0.037123,0.030539,0.026585,0.025259,0.025445,0.02653,0.028287,0.030155,0.032063,0.033467,0.034064,0.033632,0.032275,0.029864,0.027117,0.024453,0.021855,0.019529,0.017571,0.016434,0.016272,0.017199,0.01886,0.021078,0.023536,0.026295,0.029028,0.031286,0.033105,0.034203,0.034635,0.034564,0.034586,0.034582,0.035023,0.035482,0.03601,0.036334,0.036709,0.037007,0.037947,0.039033,0.040489,0.041946,0.043896,0.045875,0.048359,0.051532,0.055615,0.060331,0.065893,0.07316,0.082688,0.094268,0.10827,0.1247,0.14292,0.16447,0.18749,0.21239,0.23755,0.26032,0.27896,0.29203,0.2995,0.29957,0.29318,0.28105,0.26478,0.24603,0.2264,0.2054,0.185,0.16616,0.1496,0.13563,0.12408,0.11355,0.10241,0.090204
0.055661,0.062374,0.067764,0.07203,0.07576,0.079465,0.083333,0.087541,0.092185,0.097119,0.10195,0.10529,0.10613,0.10399,0.098499,0.090211,0.079789,0.068476,0.05736,0.047297,0.037885,0.03007,0.024384,0.021149,0.019604,0.019289,0.020071,0.021121,0.022558,0.024052,0.025437,0.026399,0.026896,0.026697,0.026399,0.02614,0.025583,0.024694,0.023476,0.022249,0.021553,0.021379,0.021716,0.022574,0.023898,0.025807,0.028122,0.030544,0.032965,0.035007,0.036882,0.03916,0.042757,0.046963,0.05188,0.056901,0.061555,0.064804,0.06699,0.068182,0.069095,0.069149,0.068297,0.066609,0.065009,0.063079,0.061613,0.060955,0.061321,0.062417,0.064716,0.068856,0.075405,0.084314,0.095823,0.11033,0.12732,0.14769,0.16986,0.19344,0.21641,0.23726,0.25561,0.27166,0.28605,0.29502,0.29865,0.29661,0.28901,0.27717,0.26286,0.24636,0.22951,0.21322,0.1983,0.18527,0.17344,0.16084,0.14519,0.12573
0.036802,0.039667,0.042516,0.045114,0.047601,0.050235,0.053004,0.056161,0.059774,0.064034,0.068724,0.0727,0.075317,0.07601,0.074331,0.070434,0.064711,0.057752,0.050477,0.043264,0.035772,0.028776,0.023022,0.018955,0.016225,0.014874,0.014937,0.015653,0.016723,0.017958,0.019332,0.020673,0.021977,0.023135,0.024329,0.025371,0.026366,0.027566,0.028662,0.029777,0.03131,0.032913,0.034682,0.036866,0.039482,0.042721,0.046478,0.050501,0.054895,0.059269,0.063991,0.069603,0.077467,0.086077,0.095278,0.1035,0.11016,0.11387,0.11519,0.11442,0.11227,0.10806,0.10213,0.094938,0.088,0.080579,0.073967,0.068696,0.064788,0.061985,0.060886,0.061803,0.064886,0.070495,0.078732,0.090011,0.10426,0.12204,0.14165,0.16223,0.18128,0.19782,0.21189,0.22479,0.23955,0.25304,0.26453,0.27218,0.27481,0.27296,0.26791,0.26031,0.25179,0.243,0.2343,0.22563,0.21591,0.20282,0.18361,0.15792
0.028218,0.027891,0.028359,0.029082,0.030003,0.031155,0.032441,0.034109,0.0361,0.038478,0.041072,0.043556,0.045403,0.046339,0.046044,0.044508,0.041896,0.038545,0.035036,0.031234,0.026932,0.022542,0.018473,0.015252,0.012886,0.01148,0.011191,0.011571,0.012503,0.013833,0.015529,0.017629,0.020055,0.023039,0.026502,0.030226,0.034656,0.039716,0.045349,0.051001,0.05702,0.062786,0.068064,0.073364,0.078788,0.084817,0.091383,0.098269,0.10583,0.11355,0.12136,0.12952,0.13964,0.1494,0.15837,0.16471,0.16794,0.16711,0.16336,0.15717,0.14877,0.13805,0.12533,0.11156,0.098772,0.086218,0.075367,0.066429,0.059293,0.053611,0.049741,0.047625,0.047147,0.048551,0.052044,0.058074,0.067318,0.080348,0.096104,0.11365,0.13069,0.14669,0.16114,0.17445,0.18836,0.20219,0.21635,0.22984,0.24038,0.2471,0.25057,0.25113,0.25022,0.24816,0.2452,0.24103,0.23452,0.22332,0.20456,0.17766
0.026923,0.024566,0.023597,0.023169,0.023016,0.023139,0.023401,0.024053,0.02512,0.026501,0.028173,0.029901,0.031342,0.032213,0.032381,0.031857,0.030802,0.029289,0.027654,0.025627,0.022997,0.020138,0.017492,0.015488,0.014175,0.013622,0.013718,0.014388,0.015562,0.017104,0.019189,0.021877,0.025195,0.029702,0.03497,0.040879,0.048172,0.057031,0.067159,0.077036,0.086412,0.094925,0.10248,0.10979,0.11704,0.12447,0.1321,0.13984,0.14819,0.15658,0.16474,0.1727,0.1813,0.18846,0.19387,0.19602,0.19479,0.18976,0.18198,0.17252,0.16108,0.14772,0.13302,0.11768,0.10309,0.088708,0.07659,0.066858,0.058962,0.052556,0.047411,0.043463,0.040461,0.038555,0.037879,0.038694,0.04183,0.047725,0.057016,0.069247,0.082367,0.095901,0.10983,0.12394,0.13966,0.15562,0.17241,0.18933,0.20477,0.2176,0.22775,0.23557,0.24165,0.24554,0.24768,0.24764,0.24411,0.23477,0.21682,0.1898
0.031003,0.02742,0.025248,0.023519,0.022238,0.021258,0.020555,0.020247,0.020421,0.021057,0.022013,0.023239,0.024597,0.025819,0.026813,0.027523,0.027924,0.028078,0.028139,0.027859,0.027056,0.025772,0.024284,0.022753,0.021389,0.020402,0.020006,0.020054,0.020627,0.021738,0.02351,0.026071,0.029766,0.035547,0.042769,0.051277,0.06228,0.075923,0.09143,0.10637,0.11973,0.13107,0.14052,0.1491,0.15756,0.16595,0.1745,0.18343,0.1929,0.20196,0.21047,0.21784,0.22428,0.22774,0.22774,0.22356,0.21519,0.20289,0.18877,0.17454,0.1593,0.14279,0.12549,0.10783,0.091222,0.075708,0.063679,0.055017,0.048369,0.043108,0.03876,0.035038,0.03193,0.029484,0.027809,0.027124,0.027902,0.030079,0.034232,0.040965,0.048989,0.057768,0.067754,0.079093,0.092631,0.10771,0.12525,0.1442,0.1626,0.17913,0.19309,0.20446,0.21347,0.22003,0.22455,0.22661,0.22515,0.21805,0.20261,0.17847
0.042243,0.03985,0.037683,0.0353,0.033123,0.030781,0.028496,0.026493,0.024873,0.023376,0.022308,0.022028,0.022325,0.02303,0.024057,0.0252,0.026467,0.027715,0.028904,0.029773,0.030194,0.030032,0.029433,0.028528,0.02742,0.026394,0.025736,0.025545,0.025806,0.026611,0.027985,0.030192,0.033832,0.040123,0.048617,0.059241,0.073816,0.09274,0.11477,0.13649,0.15617,0.17312,0.18757,0.20076,0.21322,0.22459,0.23541,0.24532,0.2544,0.26148,0.26572,0.26649,0.26355,0.25608,0.24487,0.22998,0.21229,0.19275,0.17323,0.15475,0.13621,0.11768,0.09957,0.082111,0.066615,0.053468,0.043899,0.037217,0.032211,0.028332,0.025207,0.022646,0.020592,0.019055,0.01806,0.017789,0.018471,0.0198,0.022341,0.026641,0.032778,0.040374,0.048965,0.058646,0.069628,0.081527,0.095391,0.111,0.12703,0.14243,0.15637,0.16844,0.17831,0.18615,0.19207,0.19547,0.19535,0.18978,0.17635,0.15429
0.05591,0.055097,0.053537,0.050927,0.04792,0.044131,0.040197,0.03609,0.032288,0.028842,0.025861,0.023833,0.022636,0.022226,0.022477,0.023094,0.023995,0.025072,0.026219,0.02729,0.028198,0.028753,0.029048,0.029136,0.029023,0.029001,0.029204,0.029608,0.030167,0.030948,0.03237,0.0346,0.038246,0.044434,0.052985,0.064085,0.079839,0.10081,0.12594,0.15143,0.17486,0.19541,0.2135,0.23059,0.24672,0.26115,0.27376,0.28411,0.29195,0.29615,0.29621,0.29146,0.28225,0.26844,0.25167,0.23248,0.21104,0.18824,0.16666,0.1465,0.12683,0.10799,0.090169,0.073388,0.058423,0.046111,0.037145,0.030747,0.026188,0.023008,0.020553,0.018866,0.017845,0.017319,0.017289,0.017875,0.019096,0.021136,0.024179,0.028483,0.033706,0.039692,0.046387,0.053345,0.060757,0.06867,0.077727,0.088206,0.099208,0.11008,0.11984,0.12817,0.13487,0.14031,0.14457,0.14719,0.1475,0.14416,0.13518,0.11966
0.075911,0.077332,0.076812,0.073901,0.069968,0.064814,0.059121,0.053173,0.047526,0.042271,0.037733,0.034167,0.031326,0.02924,0.027996,0.027628,0.027914,0.028636,0.029556,0.030623,0.031675,0.032466,0.033136,0.033452,0.033517,0.03377,0.03424,0.034936,0.035944,0.037319,0.039217,0.041936,0.046335,0.052958,0.061811,0.073632,0.090331,0.11222,0.13869,0.1664,0.19256,0.21585,0.23623,0.25496,0.27141,0.28484,0.295,0.30147,0.30388,0.30132,0.29398,0.28227,0.26735,0.24967,0.23076,0.2099,0.18669,0.16274,0.14122,0.12128,0.10229,0.084772,0.068586,0.053767,0.041051,0.031498,0.024654,0.020224,0.017439,0.016114,0.015737,0.016121,0.01727,0.019018,0.021391,0.024231,0.027508,0.031927,0.037528,0.044183,0.051375,0.057959,0.063642,0.068538,0.072947,0.077399,0.082259,0.087998,0.093968,0.0999,0.10491,0.1087,0.11113,0.11297,0.11419,0.1145,0.11343,0.11006,0.10326,0.092562
0.11066,0.11874,0.12188,0.11982,0.11483,0.10733,0.098393,0.088473,0.078555,0.069407,0.061489,0.054855,0.049151,0.045031,0.042273,0.040763,0.040105,0.040233,0.040797,0.041793,0.043031,0.043963,0.04472,0.045011,0.044909,0.04483,0.045189,0.045903,0.046794,0.048142,0.050163,0.052793,0.056534,0.061329,0.067407,0.075339,0.087304,0.10378,0.12488,0.14827,0.17167,0.19339,0.21327,0.23204,0.24852,0.26182,0.27112,0.27552,0.27487,0.26908,0.25915,0.2456,0.23038,0.21284,0.19369,0.17244,0.14962,0.12738,0.10835,0.09089,0.075139,0.061481,0.049191,0.037945,0.028404,0.021606,0.016839,0.014148,0.013247,0.013767,0.015144,0.017318,0.020238,0.024007,0.028712,0.034411,0.041097,0.049877,0.060194,0.071064,0.081089,0.08875,0.093552,0.095926,0.096632,0.096675,0.096208,0.096034,0.095684,0.095337,0.094293,0.092687,0.090458,0.088437,0.086528,0.08455,0.082073,0.078445,0.072979,0.066004
0.13485,0.14866,0.15569,0.1556,0.15074,0.14238,0.13159,0.11905,0.10597,0.093971,0.083771,0.075694,0.069387,0.06513,0.06218,0.060409,0.059679,0.059643,0.060055,0.060999,0.06223,0.063169,0.063853,0.064016,0.063702,0.063308,0.06344,0.064164,0.065053,0.065974,0.066904,0.067723,0.068564,0.068912,0.069632,0.071327,0.075767,0.083904,0.095461,0.10916,0.12345,0.1365,0.14806,0.15889,0.16864,0.17707,0.1837,0.18833,0.19056,0.18974,0.18574,0.17806,0.16815,0.15537,0.14099,0.12485,0.10772,0.091494,0.078166,0.066347,0.056059,0.047605,0.040434,0.034327,0.029586,0.026506,0.02437,0.02337,0.023359,0.024578,0.026633,0.029751,0.034223,0.040277,0.048113,0.058201,0.070413,0.086975,0.10513,0.12264,0.1371,0.14697,0.15114,0.15042,0.14607,0.14027,0.13296,0.12561,0.1182,0.11139,0.10411,0.096773,0.089491,0.083423,0.078318,0.073994,0.069846,0.065386,0.060166,0.054804
0.14433,0.1602,0.16934,0.17104,0.16751,0.16052,0.15067,0.13861,0.12549,0.11319,0.10287,0.09442,0.087192,0.081801,0.077869,0.075236,0.073511,0.072483,0.071905,0.071891,0.072289,0.072582,0.072939,0.073023,0.072852,0.072591,0.072818,0.073588,0.074356,0.075036,0.075284,0.074917,0.073541,0.070781,0.067535,0.064952,0.064314,0.066209,0.070806,0.077788,0.086048,0.093976,0.10145,0.10826,0.11443,0.11993,0.12466,0.12806,0.12972,0.12922,0.12672,0.12134,0.11496,0.1065,0.096557,0.085117,0.073058,0.062392,0.054144,0.047618,0.042952,0.040038,0.038418,0.03797,0.038362,0.039592,0.041095,0.042961,0.045043,0.047527,0.050174,0.053469,0.058024,0.064317,0.073047,0.084678,0.099323,0.11904,0.14056,0.16123,0.17797,0.18933,0.19408,0.19286,0.18656,0.17717,0.16504,0.15222,0.13981,0.12882,0.11816,0.10819,0.09897,0.091225,0.084857,0.079837,0.075341,0.070619,0.064935,0.058896
0.12337,0.13457,0.14305,0.14695,0.14722,0.1453,0.14136,0.13607,0.13006,0.12454,0.12013,0.11648,0.11347,0.11135,0.10983,0.10852,0.10754,0.10677,0.10618,0.1058,0.10563,0.10537,0.10527,0.10502,0.10463,0.10432,0.10436,0.10441,0.10392,0.10273,0.10071,0.097364,0.091911,0.083609,0.07402,0.064133,0.055332,0.049041,0.046192,0.046618,0.049184,0.0525,0.056132,0.059579,0.062995,0.066151,0.068811,0.070768,0.071886,0.072009,0.071197,0.068823,0.065785,0.061698,0.056918,0.051633,0.046484,0.042115,0.03902,0.037332,0.03752,0.03957,0.043496,0.049354,0.05677,0.064592,0.071899,0.078098,0.082599,0.086204,0.089179,0.092106,0.095878,0.1012,0.10852,0.11802,0.12968,0.14533,0.16218,0.17791,0.18998,0.19804,0.20064,0.19843,0.19204,0.18321,0.1718,0.15953,0.14738,0.13641,0.12634,0.11732,0.10914,0.10217,0.096263,0.091362,0.086674,0.081403,0.074925,0.068526
0.07193,0.07784,0.082539,0.085108,0.085876,0.085386,0.083979,0.081829,0.078858,0.074824,0.069956,0.064775,0.05945,0.054438,0.050027,0.046714,0.045004,0.045161,0.04768,0.052502,0.059995,0.068981,0.078508,0.087672,0.095791,0.10143,0.1047,0.10558,0.10419,0.10085,0.096027,0.090437,0.085329,0.081403,0.079193,0.079003,0.080371,0.082671,0.085362,0.08805,0.089807,0.090881,0.091155,0.090911,0.090249,0.08926,0.088553,0.088392,0.088386,0.08848,0.088593,0.088603,0.088125,0.087162,0.085655,0.083385,0.080637,0.078259,0.07633,0.07492,0.074335,0.074348,0.075171,0.076661,0.078526,0.080519,0.082745,0.085187,0.087803,0.091068,0.094931,0.099123,0.10377,0.10872,0.11414,0.11961,0.12495,0.13041,0.13538,0.1397,0.14346,0.1469,0.15008,0.15315,0.15629,0.15964,0.16287,0.16584,0.16803,0.16932,0.16971,0.16935,0.16791,0.16562,0.16257,0.15862,0.15343,0.14613,0.13604,0.12426
0.043576,0.044224,0.045916,0.046864,0.046785,0.045823,0.044339,0.042674,0.041046,0.039228,0.037439,0.036063,0.034871,0.033789,0.032911,0.032542,0.033091,0.035104,0.038867,0.044666,0.053369,0.064443,0.07657,0.088858,0.10071,0.11047,0.11788,0.12256,0.12476,0.12429,0.12168,0.11797,0.11386,0.11013,0.10806,0.10805,0.10928,0.11084,0.11191,0.11206,0.11049,0.10803,0.10519,0.10157,0.09745,0.093308,0.089821,0.087486,0.085735,0.084447,0.083712,0.083424,0.083021,0.082638,0.082012,0.080968,0.079461,0.078013,0.076567,0.074895,0.073234,0.07162,0.070137,0.068831,0.067654,0.066704,0.066239,0.066298,0.066939,0.06853,0.070906,0.074028,0.077942,0.082443,0.087769,0.093325,0.099106,0.10547,0.11175,0.11781,0.12351,0.12904,0.13431,0.13931,0.14424,0.14909,0.15407,0.1593,0.16415,0.16851,0.17237,0.17542,0.17718,0.17778,0.17746,0.17583,0.17201,0.16455,0.15213,0.13533
0.035675,0.036043,0.037289,0.037834,0.037549,0.036497,0.034926,0.033053,0.031153,0.029488,0.028399,0.028178,0.028943,0.03034,0.032356,0.034886,0.038175,0.042433,0.048018,0.055018,0.063571,0.073622,0.084703,0.096173,0.10745,0.11709,0.12493,0.13041,0.13352,0.13454,0.13383,0.13226,0.13126,0.13079,0.13147,0.13359,0.13622,0.13795,0.13776,0.13529,0.13052,0.12477,0.11963,0.11403,0.10835,0.10317,0.099019,0.096094,0.093978,0.092721,0.092647,0.093798,0.095641,0.098294,0.10081,0.10244,0.10291,0.10259,0.10161,0.099922,0.09783,0.095237,0.092456,0.089789,0.087054,0.084485,0.082123,0.07977,0.077591,0.075942,0.074551,0.073926,0.07415,0.075098,0.076913,0.078842,0.080904,0.083711,0.086759,0.089748,0.092861,0.096318,0.10002,0.1039,0.10821,0.11316,0.11873,0.1251,0.13167,0.13819,0.14426,0.14938,0.15335,0.15637,0.15888,0.16008,0.15885,0.15358,0.14285,0.12744
0.03222,0.031615,0.031853,0.031937,0.03152,0.030556,0.029207,0.027778,0.026303,0.024836,0.023888,0.023699,0.024442,0.026473,0.029477,0.033446,0.038093,0.043793,0.050505,0.057952,0.066076,0.074584,0.083547,0.09309,0.10356,0.11394,0.12385,0.13262,0.1402,0.14663,0.15188,0.1565,0.16115,0.16516,0.16932,0.17384,0.17791,0.17994,0.17923,0.17521,0.16867,0.16135,0.155,0.14822,0.14106,0.13398,0.12747,0.12196,0.11757,0.11447,0.1133,0.11402,0.11616,0.11938,0.12283,0.12562,0.12756,0.1281,0.12713,0.12463,0.12106,0.11653,0.11153,0.1064,0.10103,0.095753,0.090595,0.08557,0.080639,0.075853,0.070967,0.066718,0.062999,0.060144,0.058235,0.056795,0.055997,0.056177,0.056757,0.057588,0.059196,0.061506,0.064186,0.066963,0.069938,0.07322,0.076761,0.080906,0.08547,0.090262,0.095404,0.10061,0.1055,0.10998,0.11462,0.11858,0.12072,0.11952,0.11367,0.10383
0.042827,0.043479,0.04391,0.043448,0.041923,0.039522,0.036417,0.032761,0.028707,0.024533,0.02097,0.018548,0.017514,0.018055,0.020206,0.02369,0.028459,0.034537,0.041569,0.049286,0.05755,0.06615,0.074682,0.083312,0.092622,0.10247,0.11307,0.12367,0.13414,0.14434,0.15415,0.16355,0.17302,0.18184,0.18952,0.1965,0.20252,0.20611,0.20657,0.20375,0.19845,0.1928,0.18901,0.18527,0.18146,0.17782,0.17404,0.1702,0.1664,0.16297,0.1608,0.16027,0.16102,0.16242,0.16374,0.16399,0.16339,0.16101,0.15652,0.15006,0.14203,0.13258,0.12247,0.1122,0.10229,0.093301,0.085072,0.077292,0.069853,0.06283,0.056051,0.050525,0.04594,0.042443,0.039953,0.038058,0.036959,0.036785,0.037061,0.037708,0.038665,0.039722,0.040788,0.041795,0.042878,0.044099,0.045412,0.047069,0.049185,0.051962,0.055437,0.059456,0.063689,0.067964,0.07281,0.077517,0.081273,0.082979,0.081689,0.07802
0.053364,0.056775,0.058622,0.058604,0.056815,0.053639,0.049528,0.044771,0.039479,0.033973,0.028727,0.024399,0.021247,0.019541,0.019436,0.020879,0.023943,0.028498,0.034107,0.040341,0.046999,0.053758,0.06061,0.067803,0.075696,0.084586,0.094979,0.10654,0.1191,0.1323,0.14594,0.15978,0.17371,0.18678,0.19864,0.20963,0.21918,0.22555,0.22793,0.22688,0.22329,0.21865,0.21528,0.21172,0.20777,0.20378,0.19923,0.1941,0.18863,0.18309,0.17839,0.17534,0.17407,0.17374,0.17365,0.17292,0.17142,0.16784,0.16173,0.15303,0.14199,0.12905,0.11532,0.10179,0.089081,0.078085,0.068393,0.059627,0.051823,0.045087,0.039299,0.035042,0.032087,0.03069,0.030287,0.03027,0.030787,0.031842,0.033348,0.035334,0.037679,0.039863,0.041623,0.04276,0.043278,0.043285,0.042828,0.042168,0.041469,0.040989,0.040955,0.041616,0.043092,0.045147,0.048033,0.051222,0.054196,0.056328,0.057451,0.058252
0.067858,0.073684,0.076642,0.07678,0.074488,0.070384,0.065,0.058736,0.051867,0.044665,0.037672,0.031487,0.026065,0.021509,0.018268,0.01693,0.017389,0.019409,0.022765,0.026724,0.030857,0.034818,0.038588,0.042588,0.047368,0.053424,0.061219,0.070842,0.082155,0.095065,0.10906,0.12395,0.13931,0.15445,0.1691,0.18354,0.19785,0.21058,0.22082,0.22993,0.23851,0.24604,0.25368,0.2601,0.26483,0.26759,0.26757,0.26481,0.25939,0.25162,0.24227,0.23132,0.21907,0.20648,0.19421,0.18318,0.17334,0.16308,0.15148,0.13844,0.12395,0.10862,0.093853,0.080043,0.067714,0.057647,0.049451,0.042685,0.036995,0.032444,0.029132,0.027279,0.02654,0.026914,0.027984,0.029384,0.031335,0.033412,0.035798,0.039152,0.04338,0.047268,0.050284,0.052066,0.052465,0.051588,0.049353,0.046132,0.042371,0.038515,0.035268,0.033354,0.032796,0.033016,0.034084,0.035523,0.037003,0.038311,0.039437,0.041485
0.090129,0.10037,0.10624,0.10766,0.10521,0.09983,0.0922,0.08288,0.072307,0.061039,0.050018,0.040246,0.031688,0.024546,0.019136,0.015785,0.014252,0.014169,0.015471,0.017795,0.020303,0.022635,0.024671,0.026755,0.029121,0.0323,0.036672,0.042496,0.049775,0.0585,0.068434,0.079416,0.091215,0.10336,0.11571,0.12866,0.14269,0.15747,0.17243,0.18944,0.20912,0.23046,0.25346,0.27573,0.29575,0.31161,0.32148,0.32503,0.32223,0.31323,0.29851,0.27849,0.25456,0.22871,0.20287,0.17945,0.15891,0.14094,0.12392,0.10732,0.090685,0.074742,0.060927,0.049091,0.039513,0.032422,0.02737,0.023512,0.020891,0.019484,0.01911,0.020091,0.022346,0.025788,0.03002,0.034564,0.039572,0.045042,0.051291,0.059308,0.06876,0.077263,0.083781,0.087466,0.088207,0.086149,0.081324,0.074195,0.065704,0.056871,0.048833,0.042969,0.039428,0.036983,0.035421,0.034428,0.033765,0.03321,0.032729,0.033672
0.099379,0.11014,0.11653,0.11844,0.11632,0.11119,0.10371,0.094335,0.083389,0.071313,0.05906,0.047643,0.037547,0.029039,0.022415,0.01801,0.015197,0.01345,0.013068,0.013696,0.014895,0.016177,0.01737,0.018664,0.019976,0.021647,0.024011,0.027164,0.031474,0.037022,0.043695,0.051596,0.060608,0.070447,0.081088,0.092807,0.1062,0.1215,0.13766,0.15741,0.18161,0.20794,0.23634,0.26493,0.29173,0.31383,0.32835,0.33448,0.33192,0.32118,0.30323,0.27905,0.25048,0.21996,0.18919,0.16087,0.13576,0.11432,0.095221,0.077982,0.062075,0.048331,0.037418,0.028771,0.022456,0.018248,0.015566,0.01395,0.01346,0.014182,0.016222,0.019899,0.025138,0.031785,0.039433,0.047503,0.05621,0.065756,0.077295,0.09136,0.10726,0.12155,0.13282,0.13977,0.14194,0.13956,0.13252,0.12152,0.10765,0.092324,0.077313,0.065333,0.056954,0.050524,0.045654,0.04201,0.039292,0.037175,0.035436,0.034865
0.11121,0.12393,0.13174,0.13476,0.13356,0.12932,0.12274,0.11417,0.10392,0.092244,0.07971,0.067494,0.056151,0.046032,0.037707,0.031537,0.026905,0.02335,0.020923,0.019779,0.019401,0.019392,0.019701,0.020263,0.020742,0.021366,0.022312,0.023791,0.026116,0.029251,0.033189,0.03813,0.04399,0.050697,0.058109,0.066566,0.076943,0.089966,0.10452,0.12266,0.14479,0.16788,0.19102,0.21328,0.23377,0.25091,0.26225,0.26705,0.26477,0.25577,0.24082,0.2205,0.1959,0.16867,0.1408,0.11542,0.093335,0.075526,0.06069,0.048157,0.037107,0.028273,0.021868,0.01737,0.014603,0.013365,0.01342,0.014535,0.016889,0.020454,0.025317,0.031633,0.039198,0.048061,0.057868,0.068424,0.079985,0.092871,0.109,0.12781,0.1484,0.167,0.18236,0.19291,0.19788,0.19729,0.19088,0.1789,0.16223,0.1427,0.12221,0.10392,0.08927,0.077235,0.06749,0.059899,0.054153,0.049774,0.045974,0.042743
0.13356,0.15134,0.16296,0.16866,0.16937,0.16645,0.16073,0.1527,0.14247,0.13019,0.11624,0.10196,0.087624,0.074113,0.062232,0.052613,0.044884,0.03836,0.032837,0.028894,0.026107,0.023928,0.022378,0.021213,0.020184,0.019381,0.018876,0.018741,0.01895,0.019522,0.020455,0.022034,0.024372,0.027479,0.031464,0.036593,0.04377,0.054108,0.066923,0.083811,0.10448,0.12571,0.14629,0.16485,0.18049,0.19236,0.19883,0.19956,0.19447,0.18434,0.16998,0.1518,0.13083,0.10878,0.087271,0.069107,0.054284,0.042945,0.033918,0.026628,0.020718,0.016385,0.013984,0.012727,0.012621,0.013455,0.015454,0.018363,0.022312,0.027319,0.033626,0.041295,0.050249,0.060124,0.070849,0.082395,0.094959,0.10909,0.1275,0.14833,0.1704,0.19058,0.20794,0.22092,0.22856,0.23112,0.22791,0.21912,0.20546,0.1879,0.16827,0.14965,0.1333,0.11912,0.10681,0.096423,0.087734,0.080195,0.072387,0.063805
0.11496,0.13056,0.14122,0.14725,0.14957,0.14943,0.14759,0.14434,0.13983,0.13372,0.12591,0.11709,0.1071,0.096491,0.085868,0.075962,0.066855,0.058088,0.049853,0.043225,0.037822,0.033207,0.029354,0.026014,0.023205,0.020868,0.019229,0.01801,0.017213,0.016633,0.016397,0.016621,0.017424,0.018892,0.020776,0.023135,0.026397,0.031249,0.037447,0.046382,0.058119,0.070658,0.083238,0.094836,0.10465,0.11246,0.1165,0.1165,0.11249,0.1054,0.096055,0.084855,0.072376,0.060058,0.048972,0.039881,0.032276,0.026303,0.021513,0.018025,0.015357,0.013639,0.0134,0.014137,0.015793,0.018023,0.020827,0.024148,0.028227,0.033588,0.040675,0.049569,0.060151,0.071935,0.085033,0.099383,0.11538,0.13381,0.15871,0.18718,0.21727,0.24456,0.26821,0.28597,0.29582,0.29764,0.29131,0.27727,0.25723,0.23447,0.21172,0.19097,0.1726,0.15685,0.14319,0.13146,0.12107,0.11109,0.099292,0.084933
0.098513,0.11029,0.1183,0.12309,0.12573,0.1271,0.12779,0.12794,0.12742,0.12583,0.12273,0.11822,0.11174,0.10388,0.0949,0.085296,0.075627,0.06606,0.057051,0.050041,0.044505,0.039896,0.036015,0.032587,0.029827,0.027488,0.025621,0.023978,0.02242,0.020903,0.01959,0.018818,0.018388,0.018337,0.018647,0.019269,0.020408,0.022481,0.025401,0.029587,0.034984,0.040746,0.04655,0.05193,0.056466,0.060558,0.062864,0.063172,0.061422,0.05839,0.05457,0.049863,0.044471,0.039049,0.034345,0.030213,0.026583,0.023606,0.021241,0.019682,0.018759,0.018398,0.018941,0.020054,0.021613,0.023504,0.025301,0.026907,0.029217,0.032608,0.037989,0.045368,0.054558,0.065012,0.07684,0.090344,0.10608,0.12499,0.15103,0.18129,0.21355,0.24418,0.27323,0.29785,0.31564,0.32594,0.32837,0.32065,0.30268,0.27796,0.25206,0.23017,0.21271,0.19838,0.18574,0.17448,0.16352,0.15118,0.13459,0.11326
0.070232,0.076133,0.080529,0.083886,0.086859,0.089842,0.093118,0.096719,0.10054,0.1038,0.10586,0.10658,0.10525,0.10202,0.096729,0.089748,0.081708,0.072785,0.063754,0.056045,0.049315,0.043422,0.038173,0.033463,0.029771,0.02668,0.02416,0.022208,0.020556,0.019075,0.017895,0.017103,0.016686,0.016641,0.016731,0.016843,0.017009,0.017492,0.018283,0.01976,0.02201,0.024569,0.027143,0.029601,0.031665,0.033673,0.035118,0.03583,0.035653,0.034968,0.034178,0.033274,0.03229,0.031591,0.031589,0.031682,0.031636,0.031245,0.030648,0.030093,0.029535,0.028977,0.028969,0.029798,0.031012,0.032111,0.032698,0.032738,0.0334,0.035444,0.039563,0.04585,0.054126,0.06361,0.074087,0.085779,0.099544,0.1163,0.13917,0.16656,0.19726,0.22731,0.25636,0.28305,0.30619,0.32506,0.34073,0.34925,0.34809,0.33709,0.31933,0.29886,0.28009,0.26537,0.2533,0.24226,0.23018,0.21447,0.19151,0.16047
0.040734,0.041163,0.042172,0.043618,0.045611,0.048287,0.051832,0.056309,0.061698,0.067263,0.072429,0.07688,0.079965,0.081605,0.081166,0.078736,0.07471,0.069147,0.062508,0.056171,0.050063,0.044468,0.039234,0.034355,0.030619,0.027609,0.025117,0.02308,0.021485,0.020287,0.019652,0.019547,0.019734,0.020097,0.020482,0.020725,0.020667,0.020458,0.020175,0.020329,0.020907,0.021676,0.022559,0.02348,0.024214,0.025045,0.025798,0.026461,0.027201,0.028182,0.029813,0.032111,0.035004,0.038662,0.043771,0.049027,0.053309,0.055956,0.056891,0.0564,0.054291,0.050773,0.046925,0.044128,0.04191,0.039841,0.037271,0.034379,0.032758,0.033009,0.035598,0.040085,0.045931,0.052508,0.059707,0.067883,0.077925,0.090675,0.10876,0.13268,0.16127,0.18981,0.21692,0.24131,0.26281,0.28265,0.30513,0.32832,0.34873,0.36183,0.36711,0.36574,0.35933,0.35047,0.34098,0.33064,0.3175,0.29799,0.26756,0.22507
0.021845,0.019498,0.019121,0.019688,0.020935,0.022807,0.0254,0.028843,0.033211,0.037998,0.042753,0.047157,0.050766,0.053294,0.054231,0.053673,0.051917,0.049051,0.045293,0.041406,0.03778,0.034589,0.031617,0.028861,0.026997,0.025596,0.024517,0.023782,0.023318,0.023254,0.024111,0.025861,0.028378,0.031154,0.033646,0.035484,0.036662,0.037015,0.0366,0.036154,0.035936,0.035609,0.03497,0.034311,0.033526,0.03319,0.0337,0.035079,0.037673,0.041716,0.04781,0.056123,0.067213,0.080435,0.094673,0.10686,0.11551,0.11916,0.11768,0.11141,0.10072,0.086958,0.072622,0.06134,0.052189,0.044903,0.038379,0.032635,0.029009,0.027722,0.029151,0.032504,0.037071,0.042106,0.047084,0.052146,0.058106,0.06536,0.075687,0.09092,0.11128,0.13309,0.15483,0.17597,0.19639,0.21646,0.23938,0.26637,0.29913,0.33211,0.3606,0.38226,0.39614,0.40312,0.40475,0.40094,0.39056,0.36992,0.33419,0.28152
0.018253,0.015623,0.014747,0.014691,0.015072,0.015832,0.017027,0.018706,0.020927,0.023617,0.026489,0.02934,0.031925,0.03406,0.035331,0.035828,0.035662,0.034828,0.033322,0.03159,0.03007,0.028718,0.027331,0.026179,0.025588,0.025412,0.025647,0.026475,0.02772,0.029552,0.032664,0.036822,0.042026,0.047194,0.051931,0.05589,0.059392,0.06178,0.062754,0.063137,0.063005,0.0624,0.061122,0.059851,0.058639,0.058361,0.059997,0.063641,0.069557,0.077855,0.089406,0.10381,0.12091,0.13854,0.1549,0.16721,0.17384,0.17341,0.16597,0.15217,0.1328,0.10983,0.086532,0.068496,0.054443,0.043762,0.035019,0.028222,0.024228,0.022709,0.023335,0.025391,0.028406,0.031595,0.034648,0.037456,0.040549,0.044503,0.050368,0.059776,0.073319,0.089664,0.10745,0.12632,0.14574,0.1658,0.18868,0.21453,0.24464,0.27699,0.30986,0.33954,0.36304,0.37943,0.38947,0.39276,0.38792,0.37122,0.33801,0.2863
0.018178,0.015719,0.014648,0.014152,0.013978,0.014018,0.01428,0.014733,0.015369,0.016162,0.016865,0.017634,0.018612,0.019595,0.020425,0.02116,0.021843,0.022412,0.022843,0.023175,0.023689,0.024251,0.024693,0.025027,0.025611,0.026569,0.028101,0.030531,0.033758,0.038014,0.043747,0.050978,0.060031,0.069303,0.07801,0.085625,0.093103,0.099332,0.1035,0.10635,0.10779,0.10779,0.10659,0.10517,0.10413,0.10429,0.10751,0.11358,0.12268,0.13414,0.14845,0.16454,0.18234,0.19952,0.21392,0.22308,0.22594,0.2209,0.208,0.18802,0.16196,0.13224,0.10263,0.080096,0.062489,0.049166,0.038318,0.030244,0.025318,0.022835,0.022187,0.022485,0.023382,0.024197,0.024702,0.025002,0.025329,0.025971,0.027693,0.031619,0.038197,0.04714,0.05865,0.073189,0.089969,0.10887,0.13067,0.15507,0.18261,0.20931,0.23432,0.25758,0.27809,0.29455,0.30681,0.31383,0.31391,0.3038,0.27984,0.24042
0.032866,0.031392,0.030305,0.02916,0.027966,0.026669,0.025244,0.023692,0.022028,0.020338,0.018519,0.016749,0.01542,0.014478,0.014067,0.014129,0.014509,0.015161,0.01614,0.017252,0.018621,0.019904,0.021065,0.022206,0.023541,0.025197,0.027381,0.030198,0.033779,0.038661,0.045542,0.054363,0.066326,0.079306,0.092172,0.10437,0.11795,0.13097,0.14181,0.15049,0.15671,0.16058,0.1625,0.16382,0.16496,0.16699,0.17119,0.17699,0.18446,0.1932,0.20358,0.21496,0.22788,0.23988,0.24867,0.2522,0.24932,0.23919,0.22191,0.19838,0.1695,0.13775,0.10698,0.084658,0.067561,0.054455,0.043499,0.035017,0.028896,0.024695,0.02217,0.020715,0.020078,0.019536,0.018807,0.017794,0.016717,0.015675,0.015029,0.015427,0.017057,0.020559,0.026245,0.03456,0.046027,0.061108,0.079775,0.10201,0.12772,0.15272,0.17567,0.19618,0.21345,0.22662,0.23637,0.24201,0.24203,0.23396,0.21501,0.18416
0.061895,0.066103,0.068071,0.067835,0.06605,0.063175,0.059382,0.054677,0.049188,0.043138,0.036565,0.030085,0.024743,0.020329,0.017506,0.015823,0.014836,0.014441,0.014477,0.014712,0.015084,0.015585,0.016292,0.017564,0.019137,0.021056,0.023464,0.026333,0.029863,0.034679,0.041069,0.049626,0.062755,0.078619,0.09614,0.11467,0.13658,0.15918,0.18031,0.19856,0.21269,0.22261,0.22857,0.23149,0.23218,0.23177,0.23173,0.23182,0.23244,0.23325,0.23441,0.23544,0.23702,0.23711,0.23431,0.22764,0.21724,0.20316,0.18448,0.16201,0.13643,0.10973,0.084489,0.067333,0.054451,0.044822,0.036981,0.030763,0.026063,0.022486,0.019975,0.018089,0.016765,0.015515,0.014016,0.012602,0.011253,0.010062,0.0092027,0.0089102,0.0094039,0.010982,0.013745,0.018358,0.025418,0.035401,0.048214,0.064361,0.084305,0.10494,0.1246,0.14274,0.15859,0.1714,0.18151,0.18833,0.19025,0.18521,0.17067,0.14536
0.10319,0.11745,0.12634,0.12995,0.12963,0.1265,0.12101,0.11337,0.10368,0.092269,0.079356,0.065721,0.053309,0.042316,0.034597,0.02906,0.025012,0.022285,0.020626,0.019609,0.019038,0.018845,0.019158,0.02008,0.021282,0.023116,0.025487,0.02822,0.031291,0.03539,0.0405,0.046963,0.056611,0.068353,0.082145,0.098074,0.11848,0.14089,0.16421,0.1863,0.20558,0.22205,0.23536,0.24563,0.25283,0.25783,0.26131,0.2637,0.26526,0.26555,0.26462,0.2623,0.2592,0.25374,0.24485,0.23213,0.21616,0.1983,0.17664,0.15201,0.12526,0.098298,0.074341,0.058893,0.047364,0.038416,0.030589,0.024334,0.019753,0.016652,0.014503,0.012838,0.011852,0.010935,0.0098627,0.0088982,0.0080988,0.0074839,0.0071061,0.0069068,0.0069907,0.0078213,0.0096806,0.012723,0.01693,0.022626,0.029592,0.037814,0.047918,0.058615,0.069112,0.079532,0.089373,0.098103,0.10597,0.11235,0.11595,0.11544,0.10924,0.096601
0.16649,0.19341,0.2107,0.21867,0.21994,0.21654,0.20937,0.1987,0.18462,0.16742,0.1475,0.1259,0.10514,0.085072,0.069132,0.056776,0.047133,0.040627,0.036329,0.032902,0.030116,0.027837,0.026143,0.025422,0.025107,0.025478,0.026459,0.027802,0.029452,0.031984,0.035456,0.039998,0.047265,0.056663,0.068125,0.082421,0.10127,0.12276,0.14651,0.16919,0.18939,0.20734,0.22298,0.2357,0.24493,0.25101,0.25399,0.25397,0.25122,0.24571,0.2374,0.22654,0.21409,0.19924,0.18224,0.16341,0.14435,0.12727,0.10931,0.091216,0.073583,0.057617,0.044594,0.036553,0.030628,0.026135,0.022478,0.019564,0.017626,0.016451,0.015826,0.015442,0.015382,0.014981,0.014238,0.013522,0.013011,0.012924,0.013212,0.014129,0.015521,0.017589,0.020449,0.023873,0.027754,0.031716,0.035048,0.037845,0.040422,0.042781,0.045079,0.047371,0.050011,0.053014,0.056502,0.059989,0.062559,0.063503,0.062041,0.057719
0.22266,0.25761,0.27908,0.28851,0.28955,0.28489,0.27588,0.26294,0.24667,0.22745,0.20542,0.18131,0.15768,0.13387,0.1133,0.09533,0.079498,0.066736,0.056941,0.049053,0.042805,0.037781,0.033907,0.031351,0.029303,0.027785,0.026902,0.026343,0.025987,0.026184,0.027199,0.029636,0.034417,0.041308,0.050234,0.062051,0.077897,0.097059,0.11985,0.142,0.16186,0.17979,0.19526,0.20813,0.21788,0.22464,0.22822,0.2286,0.22569,0.21922,0.20903,0.19536,0.17907,0.16039,0.14029,0.11949,0.09948,0.083707,0.069224,0.056263,0.045106,0.035653,0.028173,0.023781,0.020828,0.01879,0.017433,0.01664,0.016487,0.016729,0.017174,0.017534,0.018115,0.018411,0.018629,0.019108,0.019957,0.021509,0.023655,0.026631,0.030032,0.034186,0.03879,0.042856,0.046049,0.047914,0.0477,0.045467,0.042048,0.038532,0.035608,0.033075,0.031059,0.029753,0.029585,0.030438,0.031634,0.032602,0.033055,0.033481
0.26746,0.31277,0.34116,0.35494,0.35866,0.35547,0.3468,0.33292,0.31431,0.29151,0.26558,0.23805,0.21151,0.18482,0.16058,0.13784,0.11585,0.096235,0.079747,0.066137,0.05551,0.047245,0.040985,0.036892,0.03367,0.030961,0.028837,0.026996,0.025276,0.023531,0.021636,0.02036,0.020591,0.023086,0.027759,0.035428,0.045591,0.058283,0.074546,0.090988,0.1061,0.12021,0.13257,0.14326,0.15179,0.15835,0.16242,0.16364,0.16158,0.15578,0.14597,0.13232,0.11569,0.097049,0.077885,0.059407,0.043894,0.03442,0.027185,0.021815,0.017808,0.014966,0.013075,0.012371,0.012159,0.012477,0.013544,0.015137,0.017498,0.020225,0.022574,0.024322,0.025864,0.026953,0.028175,0.030114,0.033097,0.037623,0.043709,0.052253,0.062831,0.074491,0.085662,0.094127,0.09958,0.10126,0.098428,0.091472,0.081612,0.071004,0.061335,0.052175,0.044034,0.037359,0.032484,0.029296,0.027372,0.026237,0.025633,0.026136
0.25749,0.29973,0.32678,0.34127,0.34752,0.34849,0.34528,0.33785,0.32606,0.30977,0.28908,0.26495,0.2399,0.21357,0.18848,0.16405,0.13984,0.11744,0.097094,0.079055,0.064056,0.052387,0.04431,0.03959,0.036436,0.033842,0.031804,0.03,0.028116,0.025672,0.022531,0.019484,0.016951,0.016268,0.01791,0.022191,0.028544,0.037225,0.048835,0.060923,0.072362,0.083589,0.093857,0.10295,0.11048,0.11651,0.12034,0.1216,0.11992,0.11469,0.10583,0.093543,0.078636,0.062467,0.046814,0.033314,0.02339,0.017647,0.013763,0.011059,0.0093,0.008121,0.0075663,0.0075751,0.0081244,0.0093063,0.011721,0.0152,0.019559,0.024123,0.028065,0.031378,0.034517,0.03723,0.040079,0.043761,0.048547,0.055102,0.063272,0.074981,0.090235,0.10619,0.12077,0.13189,0.13916,0.14147,0.13856,0.13056,0.11874,0.1051,0.091686,0.078211,0.065567,0.054522,0.045245,0.038354,0.033946,0.031227,0.029749,0.030213
0.2118,0.24357,0.26464,0.27741,0.28542,0.29097,0.29505,0.29751,0.29778,0.29504,0.28821,0.27648,0.26052,0.2402,0.21741,0.19309,0.16743,0.14268,0.11908,0.097234,0.077605,0.061194,0.049464,0.042863,0.038613,0.035529,0.033396,0.031726,0.030011,0.027797,0.024996,0.022063,0.019144,0.016967,0.016286,0.017435,0.019812,0.023516,0.028718,0.034408,0.040051,0.046189,0.052144,0.057683,0.062439,0.0662,0.068584,0.069181,0.067816,0.064161,0.058299,0.050488,0.041329,0.032054,0.024236,0.017953,0.013498,0.011057,0.0095562,0.0087416,0.008475,0.0085837,0.0091944,0.010164,0.011426,0.01298,0.016034,0.020214,0.024949,0.029637,0.033593,0.036906,0.040281,0.043565,0.047521,0.053231,0.060917,0.072302,0.086631,0.10484,0.1253,0.14479,0.16199,0.1754,0.18462,0.18887,0.18768,0.18124,0.17037,0.15664,0.1417,0.12478,0.10766,0.091851,0.078354,0.06762,0.059919,0.054395,0.050256,0.047739
0.15921,0.18426,0.20184,0.21303,0.22041,0.2259,0.23055,0.23489,0.23896,0.24256,0.24442,0.2428,0.23698,0.22608,0.21096,0.19278,0.17215,0.15085,0.12958,0.10937,0.090402,0.07336,0.060183,0.051737,0.046053,0.042121,0.03967,0.037832,0.036193,0.034182,0.031575,0.028611,0.025298,0.022071,0.01971,0.018759,0.018465,0.018858,0.020023,0.021691,0.02359,0.026234,0.029119,0.032163,0.035142,0.037978,0.04029,0.041538,0.041682,0.040325,0.037526,0.033533,0.028872,0.0242,0.02043,0.017406,0.015194,0.013918,0.013031,0.012332,0.01208,0.01219,0.012706,0.013285,0.014137,0.015503,0.017879,0.021148,0.025024,0.029197,0.033127,0.037121,0.041825,0.047178,0.054072,0.063521,0.076105,0.093484,0.11367,0.13672,0.16068,0.1828,0.20191,0.21768,0.23,0.23674,0.23743,0.2317,0.22017,0.20496,0.18826,0.16944,0.15025,0.13222,0.11641,0.10353,0.093625,0.08539,0.077518,0.070205
0.10809,0.1247,0.13657,0.14474,0.15095,0.15645,0.16188,0.16753,0.17342,0.17959,0.18547,0.18987,0.19161,0.18973,0.1833,0.17266,0.1583,0.14201,0.12486,0.10816,0.091535,0.076053,0.063282,0.054687,0.048397,0.043683,0.040754,0.039043,0.038041,0.03686,0.035273,0.033272,0.030721,0.027636,0.024788,0.022415,0.020433,0.018854,0.01769,0.016989,0.016743,0.017309,0.018229,0.019549,0.0213,0.023345,0.025347,0.026985,0.028163,0.028515,0.028037,0.026962,0.025656,0.024348,0.023472,0.022977,0.022681,0.022306,0.021918,0.021529,0.021368,0.021247,0.021186,0.02109,0.021515,0.022218,0.023757,0.025998,0.028661,0.031545,0.034317,0.037313,0.04117,0.046321,0.053478,0.063688,0.077208,0.095621,0.11667,0.13987,0.16393,0.18757,0.21038,0.23198,0.25226,0.26716,0.27622,0.2777,0.27171,0.26022,0.24521,0.22709,0.20785,0.18948,0.17288,0.15858,0.14639,0.13464,0.12138,0.10636
0.066207,0.074702,0.081372,0.086639,0.091437,0.096528,0.10223,0.10899,0.11692,0.12601,0.13557,0.14412,0.15019,0.15278,0.151,0.14519,0.13564,0.12337,0.10966,0.095479,0.080529,0.065906,0.053074,0.043465,0.03624,0.031138,0.028475,0.027455,0.027442,0.027515,0.02742,0.027022,0.026167,0.024894,0.023762,0.02317,0.023353,0.023806,0.02407,0.02443,0.024818,0.025387,0.025731,0.026347,0.027348,0.028886,0.030654,0.032355,0.033987,0.035069,0.035506,0.035712,0.036449,0.037337,0.038822,0.040327,0.041482,0.041671,0.041356,0.0406,0.039927,0.03886,0.037349,0.035167,0.033079,0.030901,0.029332,0.028516,0.028347,0.028599,0.029267,0.030812,0.033727,0.038506,0.045804,0.056245,0.070065,0.088803,0.11059,0.1345,0.15861,0.18181,0.20352,0.22559,0.25004,0.27287,0.29287,0.30597,0.3103,0.30689,0.29835,0.28561,0.27072,0.25571,0.24175,0.22892,0.21632,0.20147,0.18146,0.15565
0.041545,0.045291,0.048968,0.05251,0.056299,0.060749,0.065933,0.072134,0.079442,0.087894,0.096866,0.10517,0.11167,0.1157,0.11635,0.11364,0.10776,0.099355,0.089662,0.078937,0.066995,0.05488,0.043822,0.035002,0.028414,0.023972,0.021846,0.021145,0.021543,0.022363,0.023293,0.024132,0.024784,0.025619,0.027018,0.02876,0.031054,0.033357,0.035142,0.036096,0.036715,0.037145,0.037204,0.037479,0.037912,0.038856,0.040353,0.042299,0.04469,0.047047,0.049328,0.051779,0.055296,0.058995,0.062709,0.065362,0.06656,0.065431,0.062913,0.05963,0.056086,0.051987,0.047255,0.041963,0.037339,0.03298,0.029569,0.027186,0.02579,0.02517,0.02542,0.026665,0.029225,0.033273,0.039204,0.04793,0.060068,0.07698,0.097701,0.12111,0.14479,0.16751,0.18864,0.20932,0.23308,0.25915,0.28592,0.30829,0.32276,0.32851,0.32667,0.31974,0.30998,0.29954,0.28941,0.27946,0.26823,0.25267,0.22929,0.19718
0.027331,0.027513,0.028391,0.029402,0.030695,0.032512,0.034933,0.038157,0.042148,0.046827,0.052013,0.056876,0.060857,0.063599,0.0646,0.063758,0.061357,0.057598,0.053426,0.048446,0.042484,0.036119,0.029889,0.02459,0.020464,0.017659,0.016655,0.016728,0.017741,0.019214,0.021148,0.023521,0.026225,0.030204,0.035012,0.040329,0.04654,0.053378,0.059897,0.065096,0.069467,0.072737,0.074851,0.076449,0.078123,0.080175,0.082629,0.085518,0.089247,0.093234,0.097065,0.10111,0.10598,0.10994,0.11292,0.11364,0.11167,0.1065,0.09933,0.091193,0.082505,0.073274,0.063655,0.053991,0.045866,0.038787,0.03372,0.030241,0.027752,0.025835,0.024661,0.024291,0.024801,0.026468,0.029362,0.034078,0.041435,0.052002,0.066487,0.085199,0.1051,0.12533,0.14513,0.16527,0.18744,0.21154,0.23911,0.26708,0.29154,0.31032,0.32253,0.32897,0.33098,0.32988,0.32681,0.32191,0.31379,0.29926,0.27442,0.23791
0.029797,0.028387,0.027816,0.027346,0.026954,0.026736,0.026805,0.027346,0.028433,0.030057,0.032035,0.033975,0.035487,0.036381,0.036447,0.035677,0.034242,0.032242,0.030324,0.028087,0.025457,0.022838,0.020428,0.018535,0.01727,0.016486,0.016632,0.017508,0.019099,0.021115,0.023672,0.026865,0.03087,0.036958,0.044252,0.0523,0.06184,0.072927,0.08485,0.095987,0.10607,0.11457,0.12152,0.12746,0.13269,0.13745,0.14158,0.14522,0.14906,0.15229,0.15441,0.15563,0.15624,0.15498,0.15182,0.1458,0.13711,0.12579,0.11323,0.10112,0.089329,0.077905,0.066634,0.055682,0.046567,0.038928,0.033832,0.030887,0.02908,0.027875,0.027092,0.026599,0.026355,0.026619,0.027462,0.029323,0.032907,0.038413,0.047061,0.059551,0.074546,0.090822,0.10803,0.12617,0.1464,0.16796,0.19181,0.21638,0.24026,0.26156,0.27918,0.2928,0.30264,0.30893,0.31236,0.31295,0.30933,0.29863,0.27704,0.24264
0.033938,0.030948,0.029003,0.027286,0.025755,0.024327,0.023042,0.02214,0.02169,0.021498,0.021573,0.021999,0.022496,0.022825,0.022901,0.022688,0.022366,0.021956,0.021692,0.021218,0.020501,0.019893,0.019514,0.019396,0.019699,0.020483,0.021674,0.023174,0.025044,0.027296,0.030294,0.03427,0.039662,0.048478,0.05887,0.070122,0.083259,0.098306,0.11443,0.12911,0.14138,0.1507,0.15743,0.16238,0.16621,0.16964,0.17296,0.17638,0.18041,0.18409,0.18655,0.18754,0.1868,0.18311,0.17687,0.16734,0.15502,0.14023,0.12504,0.11114,0.097997,0.08545,0.073885,0.063235,0.054771,0.048046,0.043548,0.040829,0.038654,0.03648,0.034329,0.032122,0.029996,0.028111,0.026495,0.02545,0.025601,0.026849,0.030132,0.036041,0.044159,0.054639,0.067242,0.081785,0.098971,0.11843,0.14092,0.16558,0.19044,0.21346,0.2334,0.25023,0.26376,0.27422,0.28169,0.28596,0.28563,0.27792,0.2592,0.22756
0.046185,0.044032,0.041645,0.038681,0.035561,0.032099,0.02878,0.025573,0.022685,0.02008,0.018078,0.016883,0.016066,0.015734,0.015892,0.01628,0.01701,0.017914,0.019021,0.020025,0.020807,0.02153,0.022281,0.023028,0.023824,0.024832,0.026017,0.027486,0.029307,0.031583,0.034836,0.039428,0.046236,0.057612,0.071535,0.087264,0.10614,0.12798,0.15148,0.17318,0.191,0.20399,0.21262,0.2178,0.22061,0.22178,0.22188,0.22155,0.22161,0.22094,0.21868,0.21447,0.20786,0.19828,0.18669,0.17259,0.15594,0.13779,0.12061,0.10563,0.091951,0.079545,0.06861,0.058784,0.050392,0.043695,0.039445,0.036768,0.034502,0.032345,0.030136,0.027843,0.025606,0.023578,0.021716,0.020424,0.019965,0.020076,0.021414,0.024431,0.029755,0.03737,0.047317,0.058966,0.072535,0.088089,0.10665,0.12777,0.14984,0.17143,0.19081,0.20756,0.2212,0.23205,0.24012,0.24494,0.24552,0.23925,0.22293,0.19531
0.064873,0.065043,0.063489,0.060124,0.055966,0.050874,0.045736,0.040527,0.035444,0.030691,0.026817,0.02402,0.021929,0.020829,0.020488,0.020524,0.020963,0.021692,0.022538,0.023411,0.024246,0.024855,0.025424,0.025832,0.026414,0.027439,0.028897,0.030536,0.032548,0.035131,0.038758,0.043779,0.051678,0.064447,0.080595,0.099671,0.12302,0.1505,0.18071,0.20933,0.23351,0.25177,0.26414,0.27178,0.27522,0.27501,0.27197,0.26684,0.26071,0.25294,0.24313,0.23158,0.21836,0.20285,0.18598,0.16709,0.14644,0.12557,0.10746,0.092206,0.078929,0.067772,0.058248,0.049615,0.042211,0.036286,0.03201,0.029158,0.02698,0.025246,0.023592,0.022125,0.020902,0.019847,0.019005,0.018512,0.018686,0.019539,0.021662,0.025188,0.030612,0.036905,0.044409,0.052677,0.061674,0.071608,0.083074,0.096427,0.11058,0.12481,0.13788,0.14923,0.15856,0.16645,0.17262,0.17651,0.17735,0.17327,0.16205,0.14255
0.089616,0.093698,0.094597,0.092082,0.087757,0.081471,0.074554,0.066982,0.059216,0.051609,0.044941,0.039309,0.034558,0.031211,0.029105,0.027891,0.027272,0.02708,0.027128,0.027392,0.027655,0.027752,0.027806,0.027685,0.02759,0.028122,0.029107,0.030421,0.032286,0.03471,0.038083,0.042768,0.050321,0.062337,0.077696,0.096304,0.11978,0.14794,0.17973,0.21153,0.23987,0.26279,0.27964,0.29112,0.29703,0.2976,0.29357,0.2858,0.27588,0.26397,0.25036,0.23502,0.21794,0.19824,0.1773,0.15491,0.13169,0.10993,0.092542,0.078288,0.066398,0.056414,0.047661,0.039804,0.0331,0.027871,0.024063,0.021716,0.02035,0.019611,0.019021,0.018634,0.018511,0.018647,0.019067,0.019991,0.021634,0.024614,0.029026,0.034962,0.04262,0.050587,0.058409,0.065988,0.072813,0.079001,0.085071,0.091813,0.098878,0.10609,0.11258,0.11802,0.12221,0.12588,0.12865,0.13012,0.12966,0.12604,0.11791,0.1049
0.12493,0.13645,0.14216,0.14188,0.13762,0.12986,0.12038,0.10933,0.09753,0.085722,0.074871,0.065196,0.056716,0.050327,0.045606,0.042268,0.040056,0.038751,0.038085,0.037974,0.038125,0.038065,0.037884,0.03743,0.036724,0.036448,0.036695,0.037449,0.03888,0.041107,0.044116,0.048114,0.054256,0.063014,0.074115,0.087615,0.10478,0.12594,0.15047,0.17584,0.19911,0.2182,0.23281,0.24308,0.24874,0.2498,0.24677,0.24088,0.23289,0.22221,0.20925,0.19404,0.17739,0.15857,0.1391,0.11893,0.098849,0.081157,0.068393,0.058899,0.051766,0.046283,0.041761,0.037827,0.0342,0.03138,0.029125,0.027539,0.026402,0.025822,0.025352,0.02538,0.026106,0.0274,0.029342,0.032112,0.035976,0.042057,0.050236,0.059888,0.070374,0.08002,0.087628,0.093387,0.09749,0.10056,0.10315,0.10588,0.10874,0.11146,0.11316,0.11368,0.11302,0.11225,0.11105,0.10927,0.10628,0.10128,0.093446,0.083012
0.15313,0.16995,0.17899,0.17995,0.17529,0.1662,0.1545,0.14073,0.12586,0.11135,0.098063,0.085953,0.075116,0.066777,0.060373,0.055616,0.052315,0.050392,0.049481,0.049529,0.049899,0.050066,0.050153,0.049801,0.04907,0.048678,0.048955,0.049857,0.051198,0.053046,0.055546,0.058643,0.062964,0.06814,0.07426,0.081409,0.091065,0.10343,0.11831,0.13446,0.14964,0.16171,0.17101,0.17756,0.18129,0.18242,0.18132,0.17832,0.17317,0.16564,0.15562,0.14307,0.12996,0.11533,0.10046,0.085614,0.071452,0.059398,0.051297,0.045554,0.041755,0.039345,0.037592,0.036103,0.034812,0.033949,0.033156,0.032646,0.032095,0.032342,0.032662,0.033301,0.034533,0.036843,0.0406,0.046268,0.054105,0.06658,0.082547,0.1001,0.11689,0.13078,0.14016,0.14569,0.14764,0.14697,0.14399,0.14033,0.1363,0.13222,0.12727,0.12165,0.11554,0.11019,0.10519,0.1004,0.095098,0.088539,0.080205,0.070615
0.16195,0.18172,0.19367,0.19683,0.19348,0.18548,0.17427,0.1607,0.14579,0.1314,0.1185,0.10688,0.096425,0.088338,0.081966,0.077396,0.074189,0.072287,0.071208,0.070886,0.070919,0.070715,0.070399,0.069504,0.067885,0.066058,0.064586,0.063591,0.062841,0.062766,0.063172,0.063442,0.063608,0.063162,0.062942,0.063473,0.06634,0.071897,0.079965,0.089686,0.09974,0.10842,0.11588,0.12182,0.12629,0.12916,0.13039,0.12957,0.12662,0.1215,0.11436,0.10515,0.095979,0.086068,0.076072,0.066174,0.057101,0.050082,0.04577,0.042824,0.040995,0.040167,0.040175,0.040751,0.041879,0.043315,0.044741,0.046011,0.046998,0.047935,0.048583,0.049176,0.050032,0.051684,0.054715,0.060354,0.069329,0.084431,0.1032,0.12336,0.14192,0.1574,0.1679,0.17363,0.17447,0.17147,0.16509,0.1573,0.14877,0.14058,0.13195,0.12318,0.11451,0.10705,0.1005,0.094925,0.08947,0.083264,0.075668,0.067725
0.13558,0.14892,0.15869,0.16354,0.16449,0.16276,0.15882,0.1535,0.14725,0.14147,0.13691,0.13281,0.12923,0.12692,0.12498,0.12323,0.12155,0.11997,0.11847,0.1171,0.11567,0.1138,0.11174,0.10928,0.10599,0.10214,0.098244,0.094519,0.090966,0.087557,0.08396,0.07995,0.074975,0.068495,0.06167,0.055459,0.050902,0.048795,0.049092,0.051822,0.055543,0.058991,0.062,0.064131,0.065485,0.066426,0.066731,0.066599,0.065802,0.064335,0.062145,0.058892,0.055761,0.052226,0.048504,0.044508,0.040718,0.03789,0.036655,0.036963,0.038845,0.042179,0.047095,0.053523,0.060847,0.067394,0.072646,0.076492,0.078898,0.080417,0.081288,0.082032,0.083016,0.084897,0.088595,0.094566,0.10346,0.1177,0.1348,0.15218,0.16756,0.17999,0.18762,0.19061,0.18894,0.18387,0.17584,0.16609,0.15554,0.14572,0.13641,0.12752,0.11908,0.1115,0.10481,0.099186,0.093668,0.087357,0.079811,0.072336
0.075291,0.0815,0.086183,0.088574,0.088967,0.088086,0.086441,0.084262,0.081779,0.078776,0.075374,0.071974,0.068617,0.065687,0.063433,0.062182,0.062443,0.065046,0.070665,0.078796,0.089178,0.10045,0.11132,0.12078,0.1282,0.13223,0.13308,0.13065,0.12586,0.11902,0.11095,0.10261,0.094357,0.087221,0.082435,0.08005,0.07935,0.07994,0.081401,0.083389,0.084798,0.085832,0.086596,0.08698,0.086971,0.086679,0.086512,0.086572,0.086645,0.086684,0.086592,0.086193,0.085363,0.084099,0.082323,0.07974,0.076472,0.072933,0.069469,0.066231,0.063514,0.061468,0.060297,0.060071,0.060699,0.061975,0.064041,0.066805,0.070439,0.075346,0.081406,0.087967,0.095161,0.10226,0.10898,0.11526,0.12099,0.12694,0.13227,0.13686,0.14086,0.14454,0.14794,0.151,0.15372,0.15611,0.15812,0.15963,0.16036,0.16008,0.1589,0.15686,0.15398,0.15059,0.14663,0.14206,0.13631,0.12868,0.11858,0.10767
0.048249,0.049839,0.051898,0.053026,0.052976,0.051988,0.050499,0.04889,0.047467,0.046451,0.045813,0.045841,0.046461,0.047541,0.049434,0.052222,0.056531,0.063465,0.07383,0.086872,0.10238,0.11856,0.134,0.14765,0.15916,0.16671,0.17015,0.16944,0.16504,0.15754,0.14771,0.1365,0.12547,0.115,0.1068,0.10152,0.097901,0.095156,0.09255,0.089974,0.086798,0.083793,0.08185,0.07986,0.077917,0.076298,0.075298,0.075021,0.075117,0.075468,0.076215,0.077003,0.077498,0.077707,0.077377,0.07618,0.073949,0.071151,0.067934,0.064537,0.061342,0.058392,0.055753,0.05384,0.052405,0.051395,0.050868,0.050826,0.051429,0.052881,0.055302,0.058835,0.063714,0.069318,0.07539,0.081517,0.087766,0.094889,0.10197,0.10871,0.11531,0.12193,0.12837,0.13459,0.14048,0.14625,0.15177,0.15691,0.16125,0.16444,0.16629,0.1668,0.16604,0.16413,0.1615,0.15775,0.15234,0.14392,0.13138,0.11598
0.03796,0.037751,0.038394,0.03867,0.038221,0.037219,0.035862,0.034321,0.032927,0.03184,0.031445,0.032131,0.03408,0.037131,0.04133,0.046802,0.053897,0.063473,0.075949,0.091058,0.10896,0.1281,0.14672,0.16385,0.17911,0.1907,0.19848,0.20214,0.20216,0.1993,0.19438,0.18806,0.18114,0.17381,0.16742,0.16237,0.15767,0.15233,0.14602,0.13886,0.13105,0.12378,0.1187,0.11379,0.1088,0.10392,0.09962,0.096013,0.092947,0.09065,0.089371,0.088949,0.08897,0.089112,0.08862,0.086841,0.083704,0.079642,0.074908,0.06961,0.064178,0.05873,0.053586,0.049265,0.045896,0.043509,0.041986,0.041248,0.041113,0.041679,0.042649,0.044258,0.046676,0.049869,0.053819,0.058213,0.062778,0.068062,0.073096,0.077916,0.082563,0.087265,0.091932,0.096377,0.10061,0.10479,0.10885,0.11273,0.11641,0.11975,0.12252,0.12459,0.126,0.12674,0.1272,0.12675,0.1247,0.12001,0.11162,0.10103
0.036499,0.036237,0.036342,0.035901,0.034833,0.033226,0.031203,0.029012,0.026952,0.025233,0.024267,0.024629,0.026581,0.030504,0.036441,0.043726,0.052406,0.063078,0.075762,0.090094,0.10605,0.12303,0.14014,0.15675,0.1728,0.1872,0.19961,0.20956,0.21692,0.22202,0.225,0.22575,0.22492,0.22217,0.21833,0.21358,0.20724,0.19812,0.18616,0.1723,0.15787,0.14528,0.13686,0.12952,0.12288,0.11708,0.11207,0.10772,0.10416,0.10162,0.10007,0.09945,0.099206,0.099078,0.098544,0.096793,0.093856,0.089607,0.084034,0.077332,0.07022,0.062985,0.056054,0.05015,0.045313,0.041869,0.039452,0.037889,0.03689,0.036415,0.036362,0.037235,0.038659,0.040363,0.042296,0.044268,0.046452,0.049318,0.052017,0.054536,0.057047,0.059765,0.062622,0.065428,0.068355,0.07154,0.074902,0.078494,0.082263,0.086065,0.089874,0.093391,0.096369,0.098905,0.10144,0.10343,0.10408,0.10222,0.096784,0.088637
0.04873,0.050668,0.051559,0.051006,0.049268,0.046512,0.043008,0.038979,0.034754,0.030355,0.026313,0.023444,0.022437,0.023489,0.026919,0.032399,0.039792,0.049518,0.060848,0.07335,0.086932,0.1013,0.11596,0.13082,0.146,0.16103,0.17565,0.18957,0.20248,0.21472,0.22589,0.23577,0.24425,0.24996,0.25304,0.25356,0.25077,0.2435,0.23137,0.21519,0.19743,0.18115,0.17019,0.16129,0.1542,0.14901,0.14482,0.14116,0.13772,0.13472,0.13244,0.13087,0.12967,0.12841,0.1267,0.12337,0.11905,0.11291,0.1052,0.096122,0.08656,0.076979,0.068068,0.060492,0.054072,0.048957,0.04468,0.041018,0.037899,0.034992,0.03221,0.030108,0.028532,0.027373,0.026527,0.025835,0.025737,0.02621,0.026993,0.028259,0.02994,0.032045,0.034371,0.036707,0.03893,0.041067,0.043156,0.045298,0.047536,0.04993,0.052562,0.055413,0.05833,0.061309,0.064837,0.068415,0.071242,0.072404,0.071271,0.068588
0.066524,0.072361,0.075189,0.074964,0.072284,0.067789,0.062024,0.055321,0.0481,0.0406,0.033588,0.027698,0.023488,0.021244,0.021028,0.022991,0.026992,0.033297,0.041302,0.050592,0.060867,0.071987,0.08349,0.095514,0.10835,0.12191,0.13621,0.15089,0.16575,0.18097,0.19611,0.21087,0.22484,0.23688,0.24668,0.2544,0.2599,0.26129,0.25762,0.24902,0.23693,0.22407,0.21467,0.20694,0.2006,0.19538,0.19042,0.18522,0.17974,0.17423,0.1691,0.16444,0.15995,0.15483,0.14853,0.1408,0.13292,0.12356,0.11281,0.10106,0.088992,0.077367,0.066855,0.058069,0.050756,0.045158,0.040603,0.036574,0.033011,0.029735,0.02674,0.024456,0.022708,0.021423,0.020706,0.02022,0.020264,0.02083,0.021584,0.022838,0.024847,0.027306,0.029662,0.03152,0.032838,0.033672,0.034033,0.034209,0.034426,0.034893,0.035676,0.037078,0.038989,0.041127,0.043743,0.046513,0.04902,0.050818,0.051663,0.052511
0.083852,0.093284,0.098115,0.098489,0.095242,0.089312,0.081385,0.071977,0.061598,0.050712,0.040321,0.03125,0.024071,0.018817,0.01557,0.01455,0.015787,0.019337,0.025019,0.032034,0.039654,0.047468,0.055642,0.064606,0.074916,0.087418,0.1018,0.11767,0.13432,0.15163,0.16908,0.18612,0.20221,0.21663,0.22902,0.2399,0.24933,0.25677,0.26146,0.26358,0.26281,0.25964,0.25655,0.25211,0.24637,0.23972,0.23191,0.22316,0.21362,0.20362,0.19356,0.18336,0.17285,0.16142,0.14892,0.13602,0.12416,0.11218,0.099855,0.087548,0.075462,0.064045,0.054357,0.04657,0.040286,0.035625,0.031885,0.028609,0.025922,0.023783,0.022034,0.020928,0.020173,0.0199,0.019932,0.020207,0.020795,0.021611,0.022823,0.024909,0.027974,0.031151,0.033921,0.035844,0.036822,0.037063,0.036428,0.035193,0.033892,0.032768,0.031962,0.031779,0.032313,0.033085,0.034119,0.035367,0.036574,0.037538,0.038423,0.04055
0.11304,0.12721,0.13527,0.13723,0.13412,0.12726,0.11754,0.10554,0.091682,0.076542,0.061204,0.047129,0.035233,0.025859,0.019178,0.01511,0.013052,0.012853,0.014507,0.01747,0.021167,0.025154,0.029326,0.034165,0.040001,0.047368,0.056411,0.067239,0.079565,0.093331,0.10804,0.12319,0.13813,0.15233,0.1656,0.17807,0.19065,0.20362,0.21574,0.22911,0.24422,0.25932,0.27388,0.28604,0.29453,0.29873,0.2978,0.29184,0.28111,0.26601,0.24733,0.22584,0.20246,0.17834,0.15473,0.13373,0.11555,0.099377,0.084453,0.070796,0.058269,0.04738,0.038844,0.032337,0.027851,0.025046,0.023281,0.02205,0.021301,0.020889,0.020857,0.021507,0.022532,0.023821,0.025367,0.027171,0.029429,0.032183,0.035727,0.04073,0.047185,0.053419,0.058529,0.061841,0.063054,0.06235,0.059569,0.055284,0.050059,0.044697,0.03973,0.036242,0.034347,0.033194,0.032623,0.032421,0.032356,0.03217,0.032039,0.033393
0.13631,0.1535,0.16374,0.16685,0.16403,0.15695,0.14656,0.13358,0.11847,0.10154,0.083729,0.066488,0.050825,0.037506,0.027097,0.019917,0.01516,0.012231,0.011044,0.011307,0.01236,0.01384,0.015672,0.017985,0.02092,0.024903,0.030076,0.036733,0.045035,0.054918,0.066105,0.078167,0.090471,0.10267,0.1145,0.12619,0.13855,0.15279,0.16773,0.18547,0.2071,0.23059,0.25468,0.27684,0.29532,0.30789,0.31307,0.31038,0.30023,0.28353,0.26121,0.23449,0.20496,0.17424,0.1437,0.1171,0.094527,0.075813,0.060179,0.047529,0.037067,0.028819,0.023258,0.019326,0.016913,0.015703,0.015359,0.015476,0.01595,0.016832,0.01845,0.020751,0.023619,0.026926,0.030752,0.03511,0.040308,0.046758,0.055388,0.066709,0.080314,0.093399,0.1048,0.11287,0.11683,0.11674,0.11248,0.10454,0.093806,0.081683,0.069443,0.059191,0.051656,0.045759,0.041218,0.037829,0.035363,0.033542,0.032442,0.033123
0.15739,0.17642,0.18872,0.19388,0.19308,0.18801,0.17964,0.16853,0.15493,0.13898,0.12128,0.10314,0.084928,0.067762,0.052875,0.041133,0.032176,0.025406,0.020359,0.017098,0.015172,0.014065,0.013794,0.014104,0.014873,0.016451,0.018984,0.022511,0.027227,0.03308,0.039955,0.048016,0.05695,0.066468,0.076294,0.086421,0.097782,0.11168,0.12634,0.14347,0.16297,0.18261,0.20185,0.21983,0.23499,0.24619,0.25158,0.25043,0.24272,0.2289,0.20985,0.18624,0.15932,0.13106,0.10342,0.080157,0.060805,0.045894,0.034231,0.025403,0.018546,0.013811,0.011278,0.01024,0.010223,0.010974,0.01222,0.013859,0.015883,0.018285,0.021303,0.025013,0.029112,0.033848,0.039469,0.046153,0.054114,0.063892,0.077169,0.093505,0.11215,0.13013,0.14656,0.1593,0.16717,0.17033,0.16831,0.16117,0.14968,0.13503,0.11879,0.10397,0.091698,0.081429,0.07289,0.066125,0.060821,0.056375,0.052138,0.048145
0.16081,0.18091,0.19457,0.20129,0.20254,0.19996,0.19455,0.18671,0.17667,0.16429,0.14964,0.13372,0.11683,0.099803,0.083623,0.069491,0.057354,0.046792,0.037758,0.031414,0.027108,0.024065,0.022266,0.021108,0.020357,0.020102,0.020362,0.021108,0.02239,0.024196,0.026362,0.029103,0.032543,0.036883,0.042044,0.048286,0.056444,0.067613,0.080495,0.096278,0.11432,0.13219,0.14923,0.16455,0.17707,0.18658,0.19141,0.19109,0.18542,0.17477,0.1599,0.14135,0.11997,0.097567,0.076089,0.058569,0.044059,0.032934,0.024456,0.018243,0.013885,0.011406,0.010769,0.011286,0.012695,0.014612,0.016846,0.019005,0.021124,0.02327,0.025726,0.028698,0.032414,0.037039,0.042903,0.050199,0.05933,0.070911,0.087288,0.10691,0.12853,0.14926,0.16859,0.1841,0.19459,0.20015,0.20076,0.19623,0.18691,0.17372,0.15826,0.14303,0.1294,0.1177,0.10763,0.099079,0.09159,0.08443,0.076241,0.066552
0.15352,0.17475,0.18968,0.19808,0.20157,0.20199,0.20025,0.19665,0.19138,0.18406,0.17455,0.16329,0.15009,0.13561,0.12041,0.1054,0.090761,0.076593,0.063475,0.053073,0.045183,0.039187,0.034749,0.031305,0.028772,0.026822,0.025507,0.024592,0.024027,0.023767,0.023828,0.024556,0.026075,0.028331,0.031285,0.034876,0.03962,0.046355,0.05425,0.064122,0.075558,0.086937,0.097738,0.10715,0.11443,0.11987,0.12206,0.12054,0.11528,0.10702,0.096434,0.083964,0.070122,0.056474,0.044199,0.034446,0.026693,0.021,0.016971,0.014375,0.013066,0.01307,0.0146,0.017008,0.019598,0.02198,0.023949,0.025138,0.025861,0.026492,0.027645,0.029622,0.032963,0.037636,0.043652,0.051468,0.06155,0.074774,0.09398,0.11689,0.14205,0.16625,0.1893,0.20833,0.2216,0.22903,0.23164,0.22902,0.22179,0.21114,0.19806,0.18489,0.17237,0.16107,0.15083,0.14161,0.13287,0.12339,0.11098,0.094845
0.13254,0.15105,0.16434,0.17246,0.1772,0.18017,0.18225,0.1837,0.18442,0.18365,0.1809,0.17622,0.169,0.15942,0.1476,0.13426,0.11994,0.10481,0.089553,0.076321,0.06535,0.056417,0.049258,0.043223,0.038583,0.034716,0.031512,0.028703,0.02622,0.023857,0.021824,0.020371,0.019574,0.01956,0.020098,0.021161,0.022833,0.025663,0.029249,0.033978,0.03949,0.04495,0.050179,0.054858,0.058506,0.06162,0.063097,0.062722,0.06044,0.056796,0.052231,0.046917,0.040828,0.034672,0.029302,0.024939,0.021421,0.018937,0.017409,0.016805,0.017044,0.018221,0.020191,0.022567,0.024835,0.02675,0.027788,0.027722,0.027368,0.027024,0.027598,0.029418,0.032654,0.036993,0.042581,0.0497,0.059268,0.072201,0.091987,0.11667,0.144,0.17067,0.19652,0.21848,0.23473,0.24531,0.25237,0.25443,0.25074,0.24208,0.23098,0.21971,0.20864,0.19869,0.1897,0.18119,0.17209,0.16058,0.14402,0.12179
0.094172,0.10536,0.11318,0.1184,0.12254,0.12666,0.13133,0.13661,0.14235,0.14774,0.152,0.15499,0.15574,0.15424,0.14991,0.14289,0.13368,0.12224,0.1093,0.096923,0.085528,0.075484,0.066771,0.059016,0.053125,0.048139,0.043717,0.03963,0.03578,0.032129,0.028895,0.026304,0.024359,0.022983,0.022106,0.021566,0.021255,0.021566,0.022204,0.023309,0.024879,0.026677,0.028497,0.030159,0.031346,0.032465,0.033047,0.033009,0.032214,0.030923,0.029498,0.027856,0.025934,0.02396,0.022428,0.021315,0.02063,0.020251,0.02011,0.020245,0.020851,0.021698,0.022816,0.023984,0.024931,0.025414,0.025124,0.024071,0.023243,0.022821,0.023384,0.02537,0.028816,0.033487,0.039276,0.046121,0.055023,0.067025,0.085008,0.10815,0.13526,0.16242,0.189,0.2125,0.23151,0.24634,0.26144,0.27485,0.28428,0.28743,0.28495,0.27897,0.27174,0.26503,0.25848,0.25145,0.24213,0.22791,0.20517,0.17307
0.058877,0.062614,0.065977,0.068928,0.072253,0.076445,0.081827,0.088547,0.096288,0.10422,0.11184,0.11854,0.12334,0.1261,0.12604,0.12305,0.11771,0.10992,0.10006,0.089808,0.079826,0.070741,0.062601,0.055367,0.050314,0.046272,0.042764,0.039634,0.036748,0.034078,0.03211,0.030871,0.030435,0.030304,0.030399,0.030396,0.03003,0.029433,0.028447,0.027511,0.026841,0.026336,0.02591,0.025508,0.024959,0.024643,0.024578,0.024624,0.024778,0.025104,0.025688,0.026502,0.027706,0.029355,0.031789,0.033888,0.03549,0.036044,0.035693,0.034657,0.033189,0.03144,0.029745,0.028476,0.027303,0.025915,0.023785,0.021167,0.019194,0.018204,0.018577,0.020322,0.023531,0.02788,0.032823,0.03842,0.045478,0.05455,0.067949,0.086956,0.11116,0.13657,0.16194,0.18523,0.20577,0.22401,0.24531,0.26866,0.29441,0.31907,0.33896,0.35238,0.3593,0.36176,0.36115,0.35713,0.34776,0.32957,0.29798,0.25156
0.029334,0.028471,0.028965,0.030115,0.032139,0.035149,0.039316,0.044714,0.051301,0.058569,0.065994,0.073169,0.079308,0.083985,0.086456,0.086834,0.085606,0.082696,0.078299,0.073167,0.06795,0.063149,0.058762,0.054668,0.052115,0.050308,0.048829,0.047836,0.047133,0.046798,0.047544,0.049195,0.051603,0.053894,0.055626,0.056313,0.055861,0.054139,0.051419,0.048436,0.045676,0.04301,0.040196,0.037591,0.035076,0.032981,0.031694,0.031027,0.031088,0.031828,0.033942,0.037569,0.042913,0.049592,0.057122,0.063306,0.06709,0.067564,0.065057,0.05991,0.052571,0.04413,0.036239,0.030496,0.02613,0.022563,0.019301,0.016424,0.014782,0.014271,0.015348,0.017636,0.021015,0.024782,0.028362,0.031707,0.03545,0.039888,0.046155,0.056055,0.070421,0.087732,0.10686,0.12601,0.14508,0.16478,0.18971,0.22,0.25813,0.30019,0.34204,0.37923,0.40875,0.43004,0.44345,0.44876,0.44394,0.42465,0.38521,0.32274
0.022229,0.020676,0.020585,0.021208,0.022428,0.024236,0.026662,0.029764,0.033462,0.037409,0.041461,0.045531,0.049204,0.052228,0.054156,0.054901,0.054727,0.05362,0.051655,0.049249,0.047176,0.045658,0.044504,0.043695,0.043945,0.044664,0.045657,0.047308,0.049506,0.052263,0.056482,0.061873,0.068511,0.07499,0.080568,0.084574,0.087002,0.087068,0.08475,0.080837,0.076546,0.072073,0.067124,0.062446,0.058321,0.055259,0.054237,0.054861,0.057181,0.061187,0.067615,0.075688,0.085723,0.096143,0.10545,0.11129,0.11292,0.10944,0.10135,0.089456,0.074428,0.057991,0.042993,0.033163,0.026206,0.021003,0.016755,0.013832,0.012568,0.012766,0.014401,0.017045,0.02041,0.023851,0.026697,0.02891,0.030901,0.033075,0.03606,0.041104,0.049179,0.059862,0.073725,0.090692,0.10981,0.13091,0.157,0.18775,0.22605,0.26695,0.30968,0.35148,0.3881,0.41728,0.43855,0.4509,0.45167,0.4361,0.39825,0.3348
0.018799,0.01665,0.015955,0.015805,0.016026,0.016507,0.017206,0.018137,0.019273,0.020423,0.021465,0.022448,0.023483,0.02433,0.024694,0.024733,0.02477,0.024725,0.02468,0.024817,0.025743,0.027358,0.029608,0.031982,0.035107,0.038891,0.043271,0.048777,0.055547,0.063857,0.074345,0.086182,0.099995,0.11324,0.12461,0.13337,0.13995,0.14335,0.14312,0.14046,0.13619,0.13084,0.12424,0.11796,0.11228,0.10756,0.10524,0.10513,0.10724,0.11117,0.11788,0.1262,0.13594,0.14501,0.1518,0.15444,0.15229,0.14451,0.13147,0.11404,0.092899,0.070231,0.049526,0.036067,0.027226,0.021612,0.01796,0.016313,0.016432,0.017946,0.020992,0.024651,0.028395,0.031283,0.032846,0.033026,0.032255,0.030913,0.029553,0.02937,0.031349,0.035472,0.042143,0.053057,0.068154,0.087256,0.1116,0.14068,0.17624,0.21271,0.24853,0.28266,0.31395,0.34087,0.36284,0.378,0.3832,0.3741,0.34536,0.29395
0.032028,0.031285,0.031111,0.030918,0.030613,0.030176,0.029558,0.028731,0.027652,0.026316,0.024647,0.02269,0.020753,0.018874,0.017224,0.015995,0.015173,0.014857,0.014988,0.015608,0.017084,0.019258,0.022031,0.025209,0.028955,0.033353,0.038567,0.04505,0.053128,0.063435,0.076477,0.091511,0.1099,0.12834,0.14546,0.16046,0.17458,0.18627,0.19364,0.19689,0.19658,0.19329,0.18735,0.18079,0.17456,0.16927,0.16611,0.16445,0.16435,0.16527,0.16763,0.17075,0.17491,0.17831,0.17951,0.17713,0.17068,0.15936,0.14327,0.12326,0.10012,0.076024,0.054401,0.041461,0.03342,0.028478,0.025518,0.024732,0.02542,0.027246,0.029833,0.032471,0.035073,0.036634,0.03662,0.035059,0.032257,0.028562,0.024722,0.021478,0.019513,0.019099,0.020723,0.024984,0.033281,0.046509,0.064946,0.088321,0.11782,0.14792,0.17657,0.20296,0.22603,0.24485,0.2597,0.26979,0.2729,0.26612,0.246,0.21101
0.065057,0.070542,0.073842,0.074931,0.074411,0.072725,0.070036,0.066412,0.061832,0.056435,0.050161,0.04337,0.036777,0.030426,0.025261,0.02148,0.018831,0.016976,0.015919,0.01555,0.015862,0.016775,0.01847,0.020833,0.023794,0.027672,0.032611,0.038948,0.04685,0.057465,0.071446,0.088565,0.11154,0.13568,0.15879,0.18055,0.20272,0.2223,0.23702,0.24549,0.24781,0.2448,0.23716,0.22714,0.2166,0.20697,0.19931,0.19327,0.18842,0.18432,0.18101,0.1778,0.17519,0.17173,0.16632,0.15815,0.14763,0.13449,0.11832,0.099994,0.080077,0.060729,0.044478,0.035304,0.029746,0.026633,0.025234,0.025887,0.027814,0.030564,0.033803,0.036748,0.039595,0.04105,0.040438,0.037926,0.033815,0.02879,0.02362,0.019028,0.015691,0.013944,0.013825,0.015987,0.020505,0.028475,0.04034,0.056195,0.077131,0.099623,0.12207,0.14362,0.16327,0.18006,0.19428,0.20477,0.20927,0.20533,0.19004,0.1619
0.12243,0.14041,0.15183,0.15714,0.15798,0.15575,0.15099,0.14384,0.13442,0.12289,0.10935,0.094492,0.079854,0.065501,0.053546,0.0443,0.036892,0.030986,0.026758,0.023623,0.021318,0.019772,0.019353,0.020099,0.021511,0.023667,0.02663,0.030431,0.035334,0.042513,0.052615,0.066143,0.085752,0.10843,0.13211,0.15638,0.18238,0.20752,0.22997,0.24645,0.25569,0.25846,0.25527,0.24795,0.2384,0.22809,0.21851,0.20987,0.20217,0.19459,0.18638,0.17734,0.16869,0.15954,0.14899,0.13665,0.12337,0.10992,0.095103,0.079744,0.064413,0.050618,0.039592,0.033413,0.02958,0.02729,0.026438,0.027458,0.029835,0.033067,0.036629,0.039605,0.042022,0.042405,0.040566,0.036894,0.032011,0.02657,0.021226,0.016763,0.013388,0.01137,0.010936,0.012133,0.01501,0.020162,0.027515,0.037106,0.048849,0.060836,0.072407,0.083752,0.094573,0.10422,0.1133,0.12083,0.12507,0.12446,0.11717,0.1022
0.1786,0.20801,0.22689,0.2362,0.23871,0.23666,0.23099,0.22182,0.2093,0.19359,0.17501,0.15423,0.13322,0.11172,0.09241,0.076134,0.061848,0.049886,0.040614,0.033085,0.027084,0.022344,0.01919,0.017703,0.017167,0.017522,0.018667,0.020611,0.023585,0.028263,0.034952,0.043854,0.057409,0.074698,0.094544,0.11641,0.14025,0.16443,0.18795,0.20728,0.22078,0.22905,0.23221,0.23147,0.2278,0.22267,0.2168,0.21037,0.20296,0.19387,0.18267,0.16941,0.15564,0.14079,0.12529,0.10938,0.09427,0.081696,0.06971,0.058639,0.048736,0.040623,0.034509,0.031282,0.029383,0.028604,0.029146,0.031558,0.035132,0.039051,0.042366,0.04427,0.045193,0.044085,0.041201,0.037083,0.032437,0.027765,0.023485,0.019865,0.017206,0.015633,0.01543,0.016718,0.019492,0.023784,0.028738,0.033725,0.038648,0.043162,0.047144,0.051069,0.055131,0.059335,0.064255,0.069293,0.073056,0.074478,0.072451,0.066127
0.23033,0.26585,0.28776,0.29778,0.29961,0.29597,0.28826,0.27682,0.26208,0.24454,0.22476,0.2033,0.18181,0.15925,0.13798,0.11854,0.099822,0.082513,0.067741,0.054657,0.043511,0.03439,0.027229,0.02248,0.019048,0.016799,0.015616,0.015041,0.015108,0.016183,0.018768,0.023395,0.031577,0.042972,0.057211,0.074649,0.094582,0.11551,0.13716,0.15607,0.17053,0.18158,0.18941,0.19497,0.1985,0.20008,0.19953,0.19672,0.19122,0.18254,0.17059,0.15558,0.13911,0.12122,0.10303,0.085443,0.070359,0.059902,0.05108,0.043616,0.037085,0.032115,0.029145,0.028288,0.028281,0.028836,0.030335,0.032768,0.035986,0.039096,0.041255,0.041991,0.041756,0.040175,0.037584,0.034719,0.031993,0.029668,0.028013,0.027016,0.027051,0.028032,0.030191,0.033322,0.037214,0.040889,0.042947,0.043146,0.041773,0.039843,0.038097,0.03616,0.034528,0.033614,0.033897,0.035142,0.036598,0.037572,0.037597,0.036851
0.26692,0.31103,0.33897,0.35333,0.35856,0.35786,0.35245,0.34235,0.32752,0.30783,0.28372,0.25695,0.23076,0.20476,0.18094,0.1587,0.13657,0.11525,0.095494,0.07674,0.060018,0.046118,0.035767,0.028712,0.023099,0.018683,0.015401,0.012939,0.0111,0.0099048,0.0095533,0.010505,0.013503,0.019194,0.027643,0.039776,0.054701,0.071277,0.089276,0.1057,0.11919,0.13057,0.13939,0.14566,0.14936,0.15091,0.15017,0.14702,0.14114,0.13214,0.11976,0.10445,0.087826,0.070587,0.05459,0.041334,0.031809,0.026618,0.022951,0.020333,0.018524,0.01765,0.017629,0.018258,0.018938,0.019686,0.021311,0.023682,0.026622,0.029542,0.031326,0.031683,0.031233,0.029999,0.028631,0.027826,0.027771,0.028982,0.031283,0.035578,0.042087,0.050184,0.059927,0.069811,0.07842,0.08442,0.086798,0.085181,0.079701,0.071886,0.063761,0.055391,0.047475,0.040923,0.036084,0.032899,0.031029,0.029943,0.029167,0.02941
0.2624,0.30477,0.33238,0.34849,0.35782,0.36349,0.36659,0.36677,0.36341,0.35544,0.34189,0.32243,0.29836,0.27003,0.24177,0.21491,0.18782,0.1615,0.13611,0.11131,0.08813,0.067572,0.051824,0.041302,0.033355,0.027211,0.022853,0.019288,0.016248,0.013624,0.011353,0.010081,0.0098388,0.011169,0.014251,0.02005,0.027892,0.037593,0.049096,0.060093,0.069206,0.077597,0.084499,0.089948,0.09362,0.095656,0.095934,0.094056,0.089887,0.083186,0.074039,0.062824,0.050752,0.03909,0.029598,0.022288,0.017112,0.014336,0.012546,0.011476,0.011022,0.011227,0.011946,0.01296,0.014052,0.015275,0.017726,0.020859,0.024387,0.027829,0.030027,0.03057,0.029985,0.028518,0.0271,0.026753,0.02777,0.030918,0.035899,0.043848,0.054855,0.068324,0.082833,0.095992,0.10688,0.11439,0.1177,0.11637,0.11028,0.10087,0.089849,0.077394,0.065147,0.054207,0.045175,0.0385,0.03399,0.031163,0.029634,0.029876
0.20737,0.23628,0.2559,0.26888,0.27892,0.28844,0.29859,0.3093,0.31984,0.32859,0.33367,0.33318,0.32619,0.31127,0.28994,0.26486,0.23731,0.20955,0.18176,0.15387,0.12658,0.10105,0.079596,0.064294,0.052714,0.043894,0.037514,0.032399,0.028209,0.024478,0.020918,0.018208,0.016096,0.015235,0.015864,0.018127,0.021418,0.025587,0.030542,0.035269,0.038971,0.042752,0.045787,0.048151,0.049784,0.050835,0.05109,0.050147,0.04793,0.044258,0.039305,0.033312,0.027075,0.021423,0.017141,0.013997,0.011906,0.010819,0.010131,0.0098061,0.0097805,0.010239,0.010906,0.011426,0.011882,0.012526,0.014208,0.016488,0.019167,0.022132,0.024198,0.024995,0.02508,0.024813,0.024757,0.02576,0.028549,0.034691,0.044217,0.057559,0.074468,0.092725,0.11051,0.1264,0.14007,0.15005,0.15591,0.15655,0.15157,0.14214,0.13002,0.11534,0.099738,0.085151,0.07275,0.063219,0.056512,0.051755,0.048112,0.04602
0.15505,0.17694,0.19256,0.20343,0.21216,0.22081,0.23065,0.24257,0.25702,0.27316,0.28875,0.30083,0.30708,0.30535,0.29499,0.2779,0.2553,0.23022,0.20361,0.17634,0.14881,0.12239,0.099135,0.081286,0.066567,0.054914,0.047065,0.041626,0.037569,0.033892,0.030213,0.026998,0.023742,0.020873,0.019322,0.019342,0.019816,0.020572,0.021394,0.022074,0.022276,0.023068,0.023984,0.025057,0.026208,0.027323,0.028213,0.028437,0.027942,0.026551,0.024352,0.02145,0.018348,0.015805,0.014179,0.013126,0.012625,0.012669,0.012895,0.013168,0.013572,0.014139,0.014829,0.015237,0.01531,0.015503,0.016695,0.018625,0.021005,0.023458,0.024955,0.025353,0.024978,0.024313,0.024274,0.025838,0.029776,0.038362,0.051415,0.069292,0.090393,0.11248,0.13392,0.15344,0.17129,0.18534,0.19513,0.1991,0.19673,0.18897,0.17739,0.16246,0.14587,0.12938,0.11452,0.10218,0.092706,0.084942,0.077588,0.070831
0.11652,0.13392,0.14659,0.15574,0.1634,0.17106,0.17958,0.1895,0.2011,0.21458,0.22914,0.24316,0.25491,0.26204,0.26229,0.25628,0.24437,0.22803,0.20829,0.18609,0.16179,0.1371,0.11401,0.094665,0.077938,0.063846,0.054112,0.047737,0.04358,0.040154,0.037064,0.034378,0.031624,0.02893,0.026895,0.025736,0.024836,0.023969,0.022931,0.02192,0.020842,0.020515,0.020436,0.020632,0.021245,0.022251,0.02327,0.023844,0.024007,0.023429,0.022131,0.020369,0.018461,0.016851,0.015962,0.015713,0.015937,0.016326,0.016755,0.01704,0.017285,0.017391,0.017273,0.01689,0.016519,0.016059,0.016204,0.016943,0.018069,0.019117,0.019727,0.019887,0.019997,0.020739,0.022701,0.026698,0.033539,0.045655,0.061699,0.080987,0.10168,0.12201,0.14097,0.15868,0.17628,0.19225,0.2063,0.21567,0.21876,0.21616,0.2091,0.19841,0.18564,0.17252,0.16039,0.1497,0.14026,0.13066,0.11917,0.10558
0.071505,0.081033,0.088426,0.094442,0.10022,0.10663,0.11418,0.1233,0.13424,0.14689,0.16046,0.17375,0.18563,0.19451,0.19878,0.19808,0.19257,0.18279,0.17008,0.15509,0.13805,0.12044,0.10345,0.088647,0.075362,0.063873,0.055982,0.051036,0.048411,0.046642,0.045221,0.043838,0.04206,0.040003,0.038475,0.037293,0.036267,0.034983,0.033032,0.030737,0.028354,0.026636,0.025165,0.02406,0.023364,0.023291,0.0237,0.024297,0.024958,0.025373,0.025424,0.025276,0.025126,0.025052,0.025268,0.025349,0.025261,0.024559,0.023714,0.022681,0.021839,0.021195,0.02056,0.019535,0.01876,0.018019,0.017827,0.018041,0.018316,0.018398,0.018344,0.018276,0.018634,0.020156,0.022924,0.02748,0.034725,0.046449,0.062516,0.082109,0.10348,0.12502,0.14611,0.1676,0.19134,0.21545,0.2394,0.25899,0.27098,0.27511,0.27264,0.26539,0.25542,0.24472,0.23437,0.22457,0.21448,0.20165,0.18337,0.15933
0.041749,0.044792,0.04808,0.051572,0.05566,0.060737,0.067018,0.074936,0.084715,0.09613,0.10848,0.12042,0.13108,0.1395,0.14425,0.14528,0.1427,0.13679,0.12903,0.11907,0.10712,0.094191,0.081321,0.069834,0.059735,0.05106,0.045288,0.042114,0.041097,0.041024,0.041436,0.042164,0.042756,0.043707,0.045077,0.046561,0.048431,0.049909,0.0501,0.048975,0.047104,0.045049,0.042395,0.039788,0.037739,0.03656,0.036259,0.036423,0.037304,0.038184,0.03893,0.039558,0.04029,0.040701,0.040956,0.040581,0.039456,0.037106,0.03406,0.03081,0.027803,0.02495,0.022364,0.019968,0.018426,0.017351,0.0173,0.017846,0.01868,0.019365,0.019929,0.02044,0.021282,0.022789,0.025088,0.028711,0.034288,0.043269,0.056016,0.072773,0.092507,0.1132,0.13365,0.15543,0.18021,0.20833,0.24181,0.27461,0.30197,0.32168,0.33289,0.33687,0.33563,0.33145,0.32571,0.31857,0.30851,0.29221,0.26574,0.22818
0.028059,0.028555,0.029832,0.031292,0.03311,0.035546,0.038781,0.043254,0.048954,0.055826,0.06322,0.070476,0.076889,0.082023,0.085108,0.086142,0.085195,0.082505,0.079242,0.074453,0.068251,0.061548,0.054663,0.04849,0.043141,0.038671,0.035959,0.034941,0.035317,0.036525,0.038409,0.040719,0.043469,0.047959,0.053148,0.058282,0.06389,0.069088,0.073072,0.075031,0.075498,0.074688,0.072565,0.070026,0.067415,0.06527,0.063913,0.063442,0.064245,0.065622,0.06695,0.068311,0.069733,0.070298,0.069957,0.067846,0.063861,0.057753,0.050864,0.044114,0.037849,0.032133,0.027112,0.022678,0.020029,0.01875,0.018817,0.019587,0.020363,0.020813,0.021055,0.021299,0.021834,0.022973,0.024557,0.027001,0.030868,0.036789,0.045647,0.058872,0.075789,0.095105,0.11566,0.13813,0.16323,0.19081,0.22275,0.25761,0.29177,0.32106,0.34328,0.35876,0.36827,0.37308,0.3742,0.37176,0.36434,0.34827,0.31885,0.27399
0.027166,0.02591,0.025517,0.025155,0.024771,0.024566,0.024644,0.025336,0.026818,0.028905,0.031532,0.03438,0.037076,0.039301,0.040812,0.041496,0.041375,0.040681,0.040158,0.039072,0.037605,0.036123,0.034813,0.034021,0.034137,0.034921,0.036309,0.038066,0.040366,0.04291,0.04601,0.049819,0.054375,0.062054,0.070784,0.079499,0.08881,0.098028,0.10633,0.11227,0.11616,0.11778,0.11697,0.11455,0.11126,0.10775,0.10452,0.10186,0.10069,0.10024,0.099467,0.098361,0.096827,0.094091,0.090248,0.084783,0.077742,0.069038,0.06024,0.052461,0.045752,0.039738,0.034585,0.030299,0.027996,0.027196,0.028186,0.029751,0.031044,0.03169,0.031738,0.031299,0.030538,0.029891,0.029214,0.028881,0.029468,0.031001,0.03502,0.042341,0.053055,0.066735,0.083363,0.10311,0.12647,0.15298,0.18364,0.21637,0.24965,0.28222,0.31148,0.3364,0.35608,0.37064,0.3801,0.38429,0.38141,0.36762,0.33781,0.28951
0.033686,0.030985,0.029337,0.027758,0.026155,0.024537,0.023118,0.021956,0.021134,0.02055,0.020352,0.020524,0.020948,0.021602,0.022131,0.022477,0.022837,0.023187,0.02406,0.024668,0.02507,0.025668,0.026545,0.027811,0.029583,0.031716,0.034129,0.036748,0.039799,0.043296,0.047683,0.053189,0.060509,0.072763,0.086401,0.10021,0.11471,0.12931,0.14301,0.15341,0.16017,0.16329,0.1634,0.16166,0.15899,0.15618,0.15335,0.15054,0.14877,0.14681,0.14356,0.13896,0.1331,0.12539,0.11633,0.10565,0.093551,0.080571,0.068472,0.058609,0.050727,0.044349,0.039451,0.035878,0.033912,0.03315,0.033959,0.035325,0.036383,0.036632,0.036149,0.035087,0.033588,0.03196,0.030046,0.028223,0.026914,0.025969,0.026495,0.02955,0.035234,0.044163,0.056948,0.073078,0.092452,0.11487,0.14133,0.17065,0.20123,0.23132,0.25868,0.28294,0.30356,0.32049,0.33323,0.34109,0.34219,0.33286,0.30838,0.26611
0.049665,0.048536,0.046767,0.043975,0.04057,0.036607,0.032676,0.02873,0.025024,0.021635,0.018766,0.016682,0.015435,0.014816,0.014522,0.014527,0.014903,0.015531,0.016603,0.017827,0.019,0.020216,0.021632,0.023351,0.025452,0.027997,0.031032,0.034294,0.03803,0.042501,0.048128,0.055489,0.065859,0.082657,0.10191,0.12219,0.14396,0.16683,0.18896,0.20677,0.21837,0.22329,0.22241,0.21745,0.21061,0.20335,0.19628,0.18948,0.18393,0.17859,0.17222,0.16506,0.1569,0.14698,0.13546,0.12209,0.10728,0.092214,0.078969,0.068423,0.060082,0.053404,0.048071,0.043799,0.040848,0.039232,0.039473,0.040746,0.041848,0.042239,0.041825,0.040601,0.038761,0.036499,0.033841,0.031055,0.028499,0.025934,0.024162,0.024356,0.026941,0.032347,0.041261,0.052712,0.066602,0.083089,0.10332,0.12642,0.15129,0.1765,0.19989,0.22094,0.23892,0.25416,0.26607,0.27403,0.27643,0.27032,0.25214,0.22014
0.070214,0.071905,0.07106,0.067784,0.063158,0.057177,0.05115,0.044852,0.038757,0.03292,0.02783,0.023765,0.020636,0.018706,0.017615,0.01695,0.01671,0.016837,0.017254,0.017924,0.01864,0.019471,0.020549,0.022016,0.024006,0.0266,0.029511,0.032721,0.036488,0.041254,0.047668,0.056393,0.069074,0.089162,0.11277,0.13838,0.1659,0.19528,0.22487,0.24999,0.26774,0.27682,0.27804,0.2727,0.26291,0.25096,0.23847,0.22625,0.21509,0.20421,0.1923,0.17967,0.16645,0.15179,0.13645,0.1201,0.10353,0.088424,0.076729,0.068197,0.061675,0.05638,0.052149,0.04889,0.046635,0.045144,0.045243,0.046073,0.046541,0.046336,0.045254,0.043418,0.04108,0.038232,0.034926,0.031588,0.028568,0.02589,0.024276,0.024655,0.027423,0.031885,0.038471,0.046631,0.056186,0.067253,0.080477,0.095626,0.11209,0.12898,0.14485,0.1591,0.1714,0.18223,0.19083,0.19656,0.1984,0.19413,0.1814,0.15893
0.095267,0.10093,0.10248,0.099903,0.094858,0.087593,0.079975,0.071759,0.063402,0.055089,0.047434,0.040834,0.035269,0.031223,0.028181,0.02602,0.024643,0.023927,0.023612,0.023767,0.023963,0.024124,0.024435,0.024698,0.025119,0.026187,0.027781,0.02979,0.032498,0.036061,0.041179,0.048437,0.060257,0.078379,0.09987,0.12363,0.14988,0.17834,0.20813,0.2355,0.25733,0.27148,0.27809,0.27817,0.27295,0.26387,0.25234,0.23966,0.22662,0.21236,0.1965,0.1798,0.16294,0.14511,0.12731,0.1093,0.09181,0.076703,0.065812,0.05796,0.052158,0.047878,0.044581,0.041746,0.039412,0.037714,0.037336,0.037701,0.038109,0.038494,0.03841,0.037818,0.036938,0.035772,0.034319,0.032757,0.031434,0.030501,0.030755,0.033324,0.038426,0.04527,0.05361,0.06265,0.07179,0.080971,0.090323,0.099985,0.10982,0.11964,0.12863,0.13644,0.1429,0.14873,0.15318,0.15557,0.155,0.14997,0.13884,0.12102
0.13,0.14326,0.15001,0.1501,0.14565,0.13735,0.12756,0.11606,0.10341,0.090383,0.078003,0.066684,0.056963,0.049655,0.044114,0.040093,0.037349,0.03567,0.034709,0.034483,0.034514,0.034516,0.034592,0.034347,0.033834,0.033714,0.033946,0.034858,0.036534,0.039266,0.04324,0.048976,0.058161,0.071545,0.08786,0.10662,0.12769,0.15088,0.17545,0.19915,0.21925,0.23375,0.24238,0.24529,0.24328,0.23734,0.22862,0.21761,0.20472,0.18974,0.17289,0.15519,0.13791,0.12006,0.10263,0.085762,0.070461,0.058664,0.051662,0.047559,0.045234,0.043901,0.043426,0.043517,0.043864,0.044498,0.045551,0.046731,0.047282,0.047302,0.046718,0.045818,0.044814,0.043794,0.042854,0.042012,0.041612,0.042635,0.045352,0.050347,0.057865,0.066612,0.075177,0.083207,0.090185,0.096244,0.10168,0.10692,0.11203,0.11701,0.12069,0.12303,0.12411,0.12497,0.12521,0.12445,0.12192,0.11653,0.10729,0.093914
0.15879,0.17892,0.19024,0.19276,0.18896,0.18021,0.16881,0.15506,0.1397,0.12382,0.10839,0.093833,0.080685,0.070415,0.062304,0.056611,0.052848,0.050713,0.049581,0.049521,0.049799,0.050003,0.050194,0.049759,0.048753,0.04803,0.047794,0.047973,0.048742,0.050127,0.052228,0.055318,0.060685,0.068007,0.077027,0.087582,0.099977,0.11412,0.12939,0.1448,0.15835,0.16888,0.17648,0.18099,0.18234,0.18082,0.17643,0.16943,0.15997,0.14788,0.13358,0.11793,0.10273,0.087426,0.073062,0.060245,0.049852,0.042596,0.03897,0.03719,0.03688,0.037852,0.039816,0.042224,0.044683,0.04701,0.0491,0.050493,0.051033,0.051003,0.050266,0.049122,0.047921,0.046952,0.046965,0.048256,0.051033,0.057022,0.065848,0.077662,0.091398,0.10459,0.11512,0.12296,0.12772,0.12994,0.13002,0.12918,0.12756,0.12558,0.12257,0.11903,0.11532,0.11209,0.10898,0.10575,0.10147,0.095261,0.086509,0.075597
0.15885,0.17884,0.19126,0.19571,0.1942,0.18812,0.17901,0.16745,0.15407,0.14021,0.12679,0.11408,0.10257,0.09379,0.086822,0.081902,0.078601,0.076681,0.0757,0.075476,0.075467,0.075266,0.074877,0.073775,0.071711,0.069155,0.066667,0.064456,0.06266,0.061287,0.060305,0.059875,0.060599,0.061939,0.064296,0.06804,0.07333,0.081052,0.090561,0.10095,0.1105,0.11806,0.12373,0.12701,0.12804,0.12685,0.12351,0.11834,0.11128,0.1023,0.092101,0.081181,0.071428,0.062121,0.053726,0.046346,0.040673,0.037388,0.036329,0.036664,0.038221,0.040792,0.044482,0.048675,0.053081,0.057179,0.060365,0.062281,0.062771,0.062369,0.061126,0.059616,0.058015,0.056768,0.05656,0.057974,0.061928,0.070757,0.084342,0.10081,0.1174,0.13247,0.14397,0.15187,0.1558,0.15644,0.15415,0.15023,0.14554,0.14083,0.13561,0.12966,0.12345,0.11775,0.11244,0.10726,0.10144,0.094303,0.085081,0.074682
0.12853,0.14063,0.15023,0.15595,0.15859,0.15902,0.15784,0.15542,0.15185,0.14803,0.14433,0.14049,0.13683,0.13451,0.13235,0.13069,0.12918,0.12771,0.12621,0.12477,0.12303,0.12081,0.1182,0.11486,0.11045,0.10531,0.09998,0.094801,0.089926,0.08555,0.081586,0.077833,0.073985,0.069535,0.065675,0.062838,0.061478,0.062376,0.064745,0.068354,0.07214,0.075154,0.077437,0.078388,0.078039,0.076567,0.074188,0.071228,0.067704,0.063628,0.059445,0.054851,0.050843,0.047244,0.044075,0.04139,0.039309,0.038397,0.039101,0.041235,0.045173,0.050652,0.057345,0.065052,0.072614,0.07861,0.082771,0.085176,0.085718,0.08499,0.083142,0.080727,0.078163,0.076042,0.075086,0.076078,0.079868,0.088541,0.10132,0.11582,0.12981,0.1422,0.15144,0.15743,0.15987,0.15932,0.15642,0.15217,0.14724,0.14246,0.1376,0.13259,0.12741,0.12231,0.11733,0.11252,0.10694,0.099796,0.090588,0.080736
0.078287,0.085689,0.09128,0.094292,0.095189,0.094707,0.093349,0.0915,0.08954,0.087686,0.085789,0.084249,0.082945,0.082049,0.082071,0.083097,0.085944,0.091017,0.098886,0.109,0.12106,0.1332,0.14388,0.15226,0.15804,0.1604,0.15931,0.15504,0.14785,0.13829,0.12739,0.11605,0.10493,0.094845,0.086859,0.08112,0.076812,0.07381,0.07204,0.071211,0.070721,0.070775,0.071442,0.072136,0.072743,0.073183,0.073769,0.074388,0.075023,0.07576,0.076551,0.077145,0.077476,0.077718,0.077705,0.076939,0.075089,0.072547,0.069749,0.066873,0.06436,0.062297,0.060855,0.060375,0.060684,0.061779,0.063583,0.066178,0.069663,0.07418,0.079613,0.085655,0.092109,0.098381,0.10419,0.10927,0.11365,0.11832,0.12268,0.12668,0.13011,0.13322,0.13596,0.13834,0.14034,0.14203,0.14326,0.14384,0.14372,0.14283,0.14114,0.13876,0.13563,0.13191,0.12764,0.12282,0.11713,0.10985,0.10047,0.090718
0.051177,0.053307,0.055758,0.057116,0.057339,0.05675,0.055725,0.054603,0.053762,0.053918,0.05488,0.057024,0.060227,0.064459,0.070059,0.076993,0.085902,0.097992,0.11376,0.13174,0.15173,0.17174,0.18984,0.20482,0.21614,0.22221,0.22324,0.2192,0.21097,0.19913,0.18463,0.16871,0.15216,0.13634,0.12273,0.11196,0.10271,0.094437,0.086956,0.080236,0.074149,0.069079,0.066096,0.063887,0.062224,0.061032,0.060483,0.060689,0.061406,0.062594,0.064185,0.065846,0.067392,0.068683,0.069394,0.068869,0.067013,0.064052,0.060467,0.056547,0.052609,0.048874,0.045585,0.04295,0.04104,0.03993,0.039754,0.040435,0.042079,0.044837,0.048594,0.053368,0.059133,0.065062,0.070978,0.076753,0.08245,0.089212,0.096028,0.10246,0.10829,0.11371,0.11858,0.12279,0.12631,0.12927,0.13165,0.13321,0.13404,0.13406,0.13321,0.13153,0.12906,0.12593,0.12238,0.1183,0.11339,0.1068,0.09779,0.08793
0.03939,0.039819,0.040637,0.040882,0.040496,0.0396,0.03845,0.037242,0.036388,0.036619,0.038429,0.042425,0.04875,0.0569,0.066996,0.078756,0.092784,0.11041,0.13197,0.15593,0.1816,0.20691,0.22985,0.24936,0.26514,0.27564,0.27997,0.27805,0.27063,0.25911,0.24503,0.22975,0.21407,0.19793,0.18224,0.16734,0.15239,0.13744,0.12258,0.10836,0.095991,0.085673,0.079153,0.073926,0.069689,0.066348,0.06389,0.062066,0.060861,0.06054,0.060651,0.061162,0.061823,0.062566,0.06288,0.062111,0.060196,0.057094,0.05299,0.048289,0.043499,0.038799,0.034541,0.031206,0.028735,0.027184,0.026458,0.02653,0.02729,0.028799,0.031151,0.034362,0.038312,0.042465,0.046633,0.050451,0.054176,0.058698,0.062998,0.066891,0.0703,0.073689,0.076947,0.080089,0.083076,0.086112,0.089225,0.092072,0.09453,0.096489,0.097863,0.098523,0.098447,0.097696,0.096673,0.095192,0.092847,0.088918,0.082791,0.076012
0.040654,0.041061,0.041626,0.041582,0.040856,0.039545,0.037918,0.036174,0.034498,0.033296,0.033133,0.034942,0.039088,0.046072,0.055557,0.066763,0.080054,0.096485,0.11603,0.13807,0.16169,0.18519,0.20727,0.22701,0.24455,0.25902,0.26986,0.27643,0.2786,0.27691,0.27191,0.26428,0.25448,0.24307,0.23095,0.21838,0.2043,0.18822,0.17091,0.15303,0.13679,0.12299,0.11421,0.10677,0.10047,0.095394,0.091084,0.087405,0.08417,0.081531,0.079585,0.077954,0.076231,0.074244,0.071566,0.067754,0.063178,0.057622,0.051541,0.045343,0.039609,0.034503,0.030035,0.026569,0.024101,0.022624,0.021952,0.021934,0.022564,0.023626,0.025098,0.027154,0.029624,0.032177,0.034589,0.036799,0.039081,0.04196,0.044856,0.047719,0.050612,0.05394,0.057296,0.060377,0.06343,0.066494,0.069359,0.071929,0.074115,0.075875,0.077229,0.078015,0.078268,0.078206,0.078373,0.07855,0.07828,0.076914,0.073689,0.069607
0.055697,0.058839,0.060353,0.060034,0.058167,0.055211,0.05148,0.047273,0.042802,0.038443,0.034943,0.032864,0.032902,0.03586,0.042272,0.051421,0.063323,0.078474,0.096061,0.11538,0.13591,0.15675,0.17708,0.1964,0.21482,0.23206,0.24769,0.26176,0.27389,0.28434,0.29234,0.2974,0.29921,0.29687,0.29037,0.28015,0.26536,0.24546,0.22129,0.19483,0.17045,0.151,0.139,0.13003,0.12315,0.11797,0.11359,0.10955,0.1056,0.10161,0.097628,0.093427,0.088914,0.083936,0.07818,0.071634,0.065192,0.05827,0.051339,0.044551,0.038323,0.033088,0.028918,0.025767,0.023628,0.02237,0.021725,0.021476,0.021491,0.021556,0.021624,0.02183,0.022137,0.022501,0.022893,0.023045,0.023313,0.024109,0.025006,0.026034,0.02737,0.029249,0.031419,0.033555,0.035575,0.037454,0.039179,0.04081,0.042622,0.044692,0.046901,0.04903,0.050862,0.052602,0.054561,0.056416,0.057865,0.05846,0.057775,0.056772
0.077617,0.084813,0.088286,0.087955,0.0846,0.079115,0.072265,0.064366,0.055824,0.04704,0.039124,0.032744,0.028728,0.027173,0.028849,0.033541,0.040797,0.050768,0.062805,0.076353,0.090806,0.10567,0.12073,0.13608,0.15167,0.16778,0.18436,0.20118,0.21822,0.23558,0.25292,0.26931,0.28348,0.29423,0.3005,0.30196,0.29838,0.28878,0.27294,0.25209,0.22943,0.20793,0.1925,0.18065,0.17203,0.16575,0.16013,0.1545,0.14848,0.14172,0.13424,0.12585,0.11648,0.10622,0.095311,0.084154,0.074305,0.06469,0.055727,0.047854,0.041073,0.035688,0.031376,0.028082,0.025831,0.024447,0.023492,0.022725,0.022033,0.021287,0.02051,0.019831,0.019137,0.018506,0.017929,0.017484,0.017248,0.017416,0.017905,0.018781,0.020066,0.021842,0.023704,0.025393,0.026855,0.028018,0.028797,0.029309,0.029757,0.030283,0.030977,0.032,0.033346,0.034882,0.036783,0.03875,0.040572,0.04203,0.043065,0.044739
0.10673,0.12053,0.12799,0.12942,0.12604,0.11911,0.1096,0.097999,0.084908,0.070805,0.05721,0.045472,0.036086,0.029481,0.025955,0.024725,0.025771,0.029634,0.035585,0.042951,0.051367,0.060588,0.070835,0.082561,0.095695,0.11051,0.12684,0.14457,0.16332,0.18332,0.20397,0.22422,0.24319,0.25958,0.27306,0.28327,0.2897,0.29194,0.2886,0.28024,0.26797,0.25355,0.24049,0.22795,0.21691,0.20784,0.19995,0.19227,0.18421,0.17497,0.16437,0.15218,0.13848,0.12358,0.10788,0.092811,0.080017,0.068304,0.057759,0.048768,0.041207,0.034926,0.030363,0.027156,0.025056,0.02397,0.023373,0.022886,0.022458,0.021964,0.021535,0.021226,0.020789,0.020232,0.019356,0.018393,0.017579,0.016942,0.01662,0.017001,0.018172,0.019892,0.02178,0.023346,0.024645,0.025705,0.0265,0.027105,0.027544,0.028094,0.028761,0.029696,0.030967,0.032293,0.033725,0.035076,0.036271,0.037226,0.038087,0.040275
0.13369,0.15207,0.16291,0.16624,0.16348,0.1563,0.14576,0.13246,0.1169,0.099574,0.081661,0.064466,0.049265,0.037321,0.029412,0.024466,0.021803,0.021445,0.022914,0.025969,0.030098,0.0348,0.040298,0.047471,0.056441,0.067648,0.081167,0.096701,0.11382,0.13228,0.15125,0.16994,0.18722,0.20219,0.21443,0.2242,0.23212,0.23941,0.24481,0.24968,0.25286,0.25427,0.25476,0.25348,0.25058,0.24646,0.24065,0.2331,0.2233,0.21073,0.19523,0.1771,0.15663,0.13491,0.113,0.093575,0.077562,0.063974,0.052562,0.043381,0.035816,0.030046,0.026526,0.024642,0.024068,0.024406,0.025076,0.025751,0.026232,0.026264,0.026148,0.02586,0.025478,0.024965,0.024453,0.024312,0.024396,0.024766,0.025481,0.026996,0.029571,0.032463,0.035313,0.037538,0.038894,0.039393,0.03888,0.037573,0.035855,0.034163,0.032718,0.031956,0.031892,0.032124,0.032465,0.032762,0.032968,0.032997,0.033256,0.034966
0.17827,0.20292,0.21861,0.22472,0.22304,0.21572,0.20406,0.18879,0.17037,0.14929,0.12667,0.10406,0.082563,0.063413,0.048181,0.037206,0.029409,0.024165,0.020683,0.018903,0.018531,0.019082,0.020813,0.023827,0.02806,0.034072,0.042167,0.0524,0.064461,0.078214,0.092938,0.10805,0.1225,0.13571,0.14718,0.15671,0.16543,0.17487,0.18358,0.19386,0.20623,0.21923,0.23179,0.24216,0.24968,0.25375,0.25332,0.24815,0.23821,0.22345,0.20408,0.18087,0.15485,0.12788,0.10184,0.080101,0.062455,0.048766,0.038404,0.031,0.025591,0.022002,0.020641,0.020502,0.021465,0.023232,0.025136,0.026831,0.028054,0.028492,0.028412,0.028005,0.027591,0.027316,0.027317,0.028289,0.029806,0.032088,0.03553,0.040465,0.047029,0.053997,0.060911,0.06658,0.070291,0.072091,0.071729,0.069383,0.065625,0.060851,0.05586,0.05179,0.048848,0.046599,0.044736,0.043085,0.041529,0.039947,0.038554,0.038182
0.19727,0.22011,0.23438,0.24017,0.2391,0.23328,0.22374,0.21094,0.1951,0.17616,0.15508,0.13321,0.11136,0.090338,0.07145,0.055889,0.043411,0.033745,0.026446,0.021545,0.018493,0.016824,0.016539,0.017494,0.019326,0.022128,0.026065,0.03106,0.037185,0.044687,0.053182,0.062597,0.072658,0.082941,0.093023,0.10298,0.11373,0.12695,0.14083,0.15665,0.1737,0.19074,0.20738,0.22227,0.2342,0.24216,0.24493,0.24173,0.23244,0.21711,0.19632,0.17121,0.14308,0.1142,0.086665,0.064943,0.047717,0.035202,0.026504,0.020768,0.017305,0.015894,0.016599,0.018348,0.020814,0.023526,0.026006,0.027811,0.028827,0.028954,0.028705,0.028344,0.028179,0.02829,0.029077,0.031205,0.03449,0.0394,0.046863,0.056856,0.069077,0.081791,0.094861,0.10606,0.11413,0.11875,0.1196,0.11676,0.11075,0.10223,0.092322,0.083,0.075054,0.068538,0.063126,0.058692,0.055094,0.051825,0.048634,0.045641
0.21561,0.24371,0.26208,0.27096,0.27257,0.26924,0.26213,0.25166,0.23796,0.22093,0.20098,0.17936,0.15668,0.13418,0.11275,0.093154,0.075477,0.059988,0.046647,0.036663,0.029963,0.025718,0.023369,0.022191,0.021972,0.02259,0.024096,0.026247,0.028901,0.03206,0.03556,0.039583,0.044233,0.049627,0.05555,0.062017,0.069858,0.080679,0.092667,0.10667,0.12175,0.13666,0.15063,0.16275,0.17195,0.17795,0.17968,0.17678,0.1688,0.15601,0.13899,0.11864,0.096038,0.073449,0.052973,0.037939,0.027137,0.020049,0.015701,0.013519,0.013094,0.01462,0.018019,0.022228,0.026707,0.030781,0.033727,0.03505,0.034825,0.03316,0.030859,0.028558,0.026867,0.026045,0.026499,0.028468,0.031861,0.037493,0.046735,0.059204,0.074485,0.090626,0.10764,0.12306,0.13527,0.1438,0.14855,0.14934,0.14603,0.13932,0.13017,0.12045,0.11134,0.10349,0.096525,0.090611,0.08518,0.079464,0.072602,0.06433
0.18855,0.21247,0.22931,0.2388,0.24316,0.24465,0.24435,0.24277,0.23993,0.23477,0.22667,0.21575,0.20167,0.18506,0.1665,0.14703,0.12735,0.10776,0.088557,0.072241,0.059184,0.048979,0.041575,0.036004,0.032034,0.02929,0.027651,0.026753,0.026352,0.026348,0.026714,0.027525,0.028876,0.030947,0.033752,0.03722,0.041628,0.048042,0.055613,0.065021,0.075773,0.086584,0.096824,0.1059,0.11289,0.11771,0.1193,0.1173,0.11157,0.10256,0.090791,0.077075,0.062101,0.047645,0.035064,0.025904,0.019282,0.0151,0.012747,0.012166,0.013353,0.016774,0.021828,0.027552,0.032884,0.037131,0.039648,0.039907,0.038406,0.035605,0.03252,0.029688,0.027743,0.026865,0.027376,0.029483,0.033093,0.039205,0.050118,0.065069,0.083074,0.10206,0.12257,0.14137,0.15648,0.16755,0.17525,0.17889,0.17815,0.17352,0.16623,0.15766,0.14897,0.14148,0.13465,0.12844,0.12208,0.11438,0.1036,0.089083
0.1505,0.17103,0.18602,0.19495,0.20009,0.20347,0.20631,0.20898,0.21156,0.21316,0.21332,0.21137,0.20632,0.19808,0.18642,0.17202,0.1557,0.13784,0.1191,0.10217,0.087659,0.075688,0.06612,0.057954,0.051668,0.046473,0.042101,0.038391,0.035255,0.032493,0.030076,0.028346,0.027216,0.026852,0.027265,0.028315,0.029898,0.03241,0.035232,0.038615,0.04241,0.046389,0.050257,0.053568,0.055925,0.057595,0.058022,0.056822,0.053874,0.049502,0.04397,0.037805,0.031203,0.025169,0.02016,0.016847,0.014788,0.013779,0.013753,0.014721,0.017388,0.021805,0.027118,0.032146,0.036317,0.039106,0.040043,0.038666,0.03587,0.032315,0.028841,0.025835,0.024103,0.023845,0.024993,0.02758,0.031704,0.038141,0.049198,0.06488,0.084174,0.10478,0.12717,0.14815,0.16579,0.17979,0.19226,0.20179,0.20782,0.21099,0.21142,0.20988,0.20732,0.20437,0.20043,0.1955,0.18849,0.17744,0.15973,0.1346
0.11057,0.12501,0.13554,0.14237,0.14752,0.15257,0.15834,0.16508,0.17249,0.17989,0.18671,0.19242,0.19562,0.19588,0.19231,0.18483,0.17432,0.16095,0.1455,0.13016,0.11562,0.1026,0.091401,0.081299,0.073546,0.066862,0.060869,0.055269,0.04987,0.044675,0.040048,0.036099,0.032952,0.030746,0.029398,0.028498,0.027835,0.027643,0.027709,0.028038,0.028712,0.029564,0.030349,0.031012,0.031377,0.031736,0.031937,0.031664,0.030711,0.029274,0.027635,0.025814,0.023707,0.021649,0.020252,0.019546,0.019336,0.019458,0.019897,0.020663,0.022537,0.025347,0.028483,0.031127,0.033036,0.033873,0.033232,0.030959,0.028167,0.02537,0.023018,0.021255,0.020882,0.021692,0.023221,0.025343,0.02886,0.034752,0.04445,0.058178,0.076227,0.096889,0.12002,0.14232,0.16225,0.17942,0.19731,0.21337,0.22724,0.23811,0.2465,0.25263,0.25656,0.25888,0.2594,0.25743,0.25152,0.23898,0.21643,0.1827
0.074049,0.080924,0.086321,0.090447,0.094642,0.099852,0.10653,0.11474,0.12438,0.13448,0.1445,0.15375,0.16097,0.16579,0.16718,0.16504,0.15998,0.15201,0.14158,0.13061,0.11977,0.10997,0.10155,0.094,0.088693,0.08425,0.080087,0.07597,0.071562,0.066834,0.06255,0.058641,0.055366,0.052668,0.050571,0.04871,0.046514,0.044115,0.041615,0.039041,0.03671,0.034945,0.033159,0.031483,0.029868,0.028451,0.027459,0.026674,0.026024,0.025464,0.025175,0.025069,0.024835,0.024675,0.024869,0.024965,0.024821,0.024239,0.023429,0.022359,0.021836,0.02174,0.021641,0.021651,0.021461,0.020862,0.019523,0.017421,0.01552,0.014012,0.01331,0.013497,0.014887,0.017072,0.019561,0.022137,0.025317,0.029769,0.03697,0.047635,0.061784,0.078544,0.098056,0.11797,0.13685,0.15476,0.17633,0.19907,0.22299,0.24633,0.26885,0.28913,0.30567,0.31818,0.32642,0.32982,0.32636,0.31286,0.28518,0.24184
0.040614,0.04206,0.044154,0.046393,0.049318,0.053292,0.0585,0.065185,0.073315,0.082278,0.091805,0.10112,0.10916,0.11567,0.12001,0.12189,0.1217,0.11928,0.1149,0.10975,0.10469,0.10036,0.097095,0.094454,0.0937,0.093483,0.093074,0.092587,0.091643,0.090236,0.089368,0.088589,0.088035,0.087267,0.086469,0.084672,0.081361,0.076593,0.070582,0.063698,0.057368,0.052018,0.047183,0.042908,0.038937,0.035304,0.032616,0.030643,0.02924,0.028402,0.028694,0.029659,0.031256,0.033357,0.035845,0.037686,0.038305,0.037224,0.034919,0.031693,0.028205,0.024805,0.021868,0.019862,0.01812,0.016535,0.014899,0.013427,0.012426,0.012261,0.013239,0.015004,0.017774,0.020845,0.023319,0.025018,0.026546,0.028407,0.031338,0.036057,0.043553,0.053869,0.066836,0.081684,0.097787,0.11514,0.13805,0.16477,0.19751,0.234,0.27318,0.31204,0.34692,0.37613,0.39855,0.41271,0.41559,0.40278,0.36869,0.31052
0.026326,0.025676,0.026109,0.027004,0.028453,0.030538,0.033348,0.037045,0.041644,0.046828,0.052432,0.058229,0.063747,0.068553,0.072159,0.074601,0.07629,0.077321,0.077511,0.077366,0.07756,0.07883,0.081184,0.0839,0.088033,0.092571,0.097048,0.10174,0.1065,0.11104,0.11648,0.12204,0.12758,0.13121,0.13248,0.1313,0.12763,0.12146,0.11318,0.10357,0.094254,0.085508,0.076552,0.068501,0.061239,0.054878,0.050113,0.046917,0.045084,0.044553,0.046314,0.04945,0.053856,0.058695,0.062955,0.064885,0.064157,0.060341,0.054197,0.046292,0.037439,0.028542,0.021075,0.016459,0.013638,0.011952,0.011081,0.011298,0.012467,0.014761,0.018468,0.022846,0.027629,0.031938,0.034833,0.036059,0.036235,0.03573,0.035286,0.036202,0.039164,0.044236,0.051551,0.061772,0.075376,0.092403,0.11611,0.14532,0.18236,0.22237,0.26406,0.30617,0.34606,0.38097,0.40926,0.42886,0.43608,0.42584,0.39187,0.33046
0.021405,0.020712,0.021007,0.021461,0.022088,0.022911,0.023931,0.025148,0.026556,0.028131,0.029832,0.031491,0.033027,0.03449,0.035808,0.037055,0.038246,0.039629,0.041318,0.043503,0.046817,0.051401,0.057215,0.063363,0.070318,0.077763,0.085415,0.093807,0.10269,0.1122,0.12306,0.13445,0.14714,0.15829,0.16696,0.17178,0.17289,0.1698,0.16279,0.15326,0.14375,0.13462,0.12483,0.11519,0.1058,0.097195,0.090732,0.086135,0.083402,0.082427,0.083975,0.086692,0.090306,0.093553,0.094955,0.093245,0.088372,0.079902,0.068792,0.05599,0.04232,0.029448,0.019357,0.013843,0.010927,0.0097688,0.010092,0.012376,0.016219,0.021459,0.027915,0.034624,0.041002,0.046013,0.048762,0.049002,0.047137,0.043646,0.039214,0.034996,0.032074,0.031015,0.032082,0.036427,0.045208,0.059733,0.082394,0.11185,0.15028,0.19094,0.23141,0.27011,0.30566,0.33621,0.36137,0.37946,0.38684,0.37895,0.3499,0.29662
0.028763,0.028572,0.029179,0.029622,0.029844,0.029917,0.029859,0.029711,0.029394,0.028811,0.027858,0.026677,0.025337,0.02381,0.022273,0.021119,0.020312,0.019991,0.020318,0.021449,0.02399,0.027797,0.033099,0.039064,0.045916,0.053652,0.062073,0.071863,0.082999,0.096127,0.11182,0.12899,0.14961,0.16989,0.18786,0.20272,0.21444,0.22092,0.22079,0.21482,0.20606,0.19574,0.18382,0.17236,0.16189,0.15223,0.14415,0.13734,0.13178,0.1272,0.12421,0.12163,0.11982,0.11743,0.11345,0.10693,0.098159,0.0867,0.073431,0.059356,0.045011,0.032084,0.022128,0.017044,0.014801,0.014524,0.016288,0.02111,0.028406,0.03742,0.047334,0.056841,0.065393,0.071432,0.073917,0.072656,0.068126,0.061008,0.052416,0.043463,0.035416,0.029341,0.025612,0.025089,0.028272,0.036517,0.051352,0.073298,0.10426,0.13751,0.17035,0.20154,0.22961,0.2534,0.27309,0.28724,0.29306,0.28712,0.26543,0.22564
0.059472,0.064754,0.068443,0.070208,0.070484,0.069666,0.067878,0.065154,0.061574,0.057238,0.051984,0.046164,0.040097,0.0338,0.027947,0.023424,0.019953,0.017237,0.01554,0.014775,0.015327,0.016851,0.019576,0.023269,0.028004,0.033922,0.041144,0.050322,0.061945,0.077189,0.09667,0.11956,0.14839,0.17731,0.20375,0.22711,0.24718,0.26112,0.26689,0.26402,0.25438,0.23996,0.22229,0.20521,0.19103,0.17929,0.1692,0.15997,0.15152,0.14333,0.13562,0.12797,0.12092,0.11355,0.10517,0.095527,0.0853,0.074237,0.062657,0.051526,0.041045,0.032494,0.026673,0.024581,0.024578,0.026231,0.030074,0.037959,0.049078,0.062108,0.075453,0.087322,0.09732,0.10315,0.10389,0.099618,0.090683,0.078184,0.063774,0.049257,0.036455,0.026783,0.020338,0.017382,0.017332,0.020906,0.028646,0.041373,0.060143,0.081506,0.10381,0.12624,0.14762,0.16675,0.18387,0.19736,0.20462,0.20296,0.18914,0.16152
0.10558,0.12104,0.13106,0.13595,0.13705,0.13562,0.13209,0.12659,0.1192,0.11019,0.099503,0.087596,0.075567,0.063418,0.052448,0.043672,0.036299,0.030111,0.025474,0.021542,0.018579,0.016684,0.016328,0.017429,0.0195,0.022469,0.026393,0.031793,0.039267,0.0503,0.065884,0.085146,0.11089,0.13833,0.16473,0.18982,0.21373,0.23439,0.24964,0.25711,0.25691,0.25095,0.24074,0.22914,0.21783,0.20727,0.1972,0.18692,0.17645,0.16537,0.15334,0.14059,0.12873,0.11688,0.10487,0.092567,0.081093,0.070942,0.061428,0.053179,0.045922,0.040388,0.037016,0.036934,0.038873,0.042243,0.047682,0.056932,0.069079,0.081927,0.093576,0.10303,0.11008,0.11265,0.11019,0.10304,0.091973,0.078221,0.063213,0.04839,0.035204,0.024894,0.017424,0.013213,0.011438,0.012366,0.016086,0.022761,0.032657,0.043613,0.055146,0.06744,0.079935,0.091944,0.10391,0.11446,0.12142,0.12299,0.11714,0.10258
0.16092,0.18616,0.20297,0.2119,0.21524,0.2149,0.2118,0.20604,0.19793,0.18744,0.17421,0.15861,0.14174,0.12339,0.10521,0.088996,0.073714,0.059706,0.048067,0.037914,0.029553,0.022936,0.018324,0.016178,0.015337,0.015522,0.016651,0.018932,0.022477,0.028419,0.03759,0.050296,0.069526,0.092398,0.11636,0.14119,0.16534,0.18719,0.20504,0.2165,0.22062,0.21915,0.21338,0.20574,0.19742,0.18893,0.18029,0.17102,0.16068,0.14891,0.13567,0.12143,0.10799,0.09478,0.082467,0.071389,0.062621,0.056196,0.050874,0.046646,0.043467,0.041705,0.041277,0.043254,0.046653,0.051533,0.059276,0.070616,0.083692,0.096093,0.10584,0.11207,0.11503,0.11326,0.10715,0.097374,0.085092,0.071513,0.058137,0.04609,0.036107,0.02826,0.022772,0.019678,0.018538,0.019582,0.0224,0.02647,0.031159,0.03576,0.040117,0.044655,0.04938,0.054169,0.059774,0.065526,0.070013,0.072023,0.070335,0.064073
0.22173,0.2573,0.28016,0.29169,0.29517,0.29319,0.28719,0.2775,0.2648,0.24992,0.23337,0.21585,0.19771,0.1779,0.15777,0.1389,0.11988,0.10117,0.083993,0.067711,0.05308,0.040599,0.03117,0.025037,0.020655,0.017767,0.015975,0.014965,0.014574,0.015362,0.017836,0.022475,0.031066,0.043795,0.060022,0.079661,0.10041,0.12083,0.13994,0.15513,0.16524,0.17175,0.1746,0.17453,0.17181,0.16699,0.16032,0.15169,0.14122,0.12873,0.11416,0.098223,0.08321,0.069341,0.057723,0.048487,0.041803,0.038022,0.035813,0.034884,0.034829,0.036403,0.039583,0.044064,0.049222,0.054762,0.062019,0.070948,0.080022,0.088048,0.093402,0.095498,0.094845,0.090875,0.084384,0.076389,0.067773,0.059419,0.051868,0.045648,0.041108,0.037851,0.036064,0.035975,0.037085,0.039108,0.040699,0.041086,0.040225,0.038568,0.036687,0.03471,0.032764,0.031109,0.030455,0.030835,0.031732,0.032724,0.033413,0.033873
0.25387,0.29604,0.32349,0.33844,0.34499,0.34627,0.34345,0.33659,0.32575,0.31069,0.29154,0.26929,0.24644,0.22332,0.20178,0.18225,0.16231,0.14201,0.1222,0.10194,0.082267,0.064162,0.049205,0.038627,0.030241,0.023477,0.018536,0.01497,0.012406,0.010818,0.010344,0.011622,0.015375,0.022098,0.031566,0.044566,0.059804,0.076266,0.092871,0.10692,0.1169,0.12393,0.12781,0.12886,0.12745,0.12405,0.11896,0.11207,0.10353,0.093055,0.080787,0.067505,0.055391,0.044859,0.036858,0.030887,0.027098,0.025732,0.025633,0.02683,0.029062,0.032846,0.037772,0.042996,0.048077,0.052705,0.057982,0.063433,0.068429,0.072818,0.074798,0.073837,0.070545,0.064973,0.058193,0.051318,0.045163,0.040432,0.037514,0.03689,0.038619,0.041876,0.046667,0.05258,0.05885,0.064292,0.067485,0.067378,0.063713,0.057988,0.051605,0.044799,0.038182,0.032373,0.028082,0.025253,0.023498,0.022499,0.022123,0.023141
0.23927,0.27653,0.30164,0.31772,0.32893,0.3382,0.34671,0.35419,0.36001,0.36278,0.36122,0.35444,0.34167,0.32164,0.29677,0.27126,0.2446,0.21763,0.19046,0.16241,0.13453,0.10786,0.084621,0.0675,0.053533,0.041816,0.032775,0.025476,0.019552,0.014858,0.011414,0.0099686,0.009814,0.011253,0.014387,0.019695,0.026441,0.034127,0.042213,0.049594,0.05498,0.059491,0.062447,0.064117,0.064431,0.063646,0.061788,0.058587,0.054049,0.048231,0.041511,0.034274,0.027757,0.02228,0.018296,0.015586,0.014105,0.014098,0.014874,0.016459,0.018796,0.02235,0.02684,0.031045,0.034492,0.036983,0.039571,0.041825,0.043716,0.045806,0.046084,0.044112,0.0406,0.035983,0.031128,0.027315,0.025035,0.025027,0.027229,0.032487,0.040974,0.051618,0.063953,0.07653,0.088439,0.097713,0.10321,0.10415,0.09988,0.091616,0.081148,0.069259,0.057597,0.047327,0.039061,0.032939,0.028832,0.026178,0.024632,0.024967
0.18734,0.21314,0.2311,0.2436,0.25407,0.26501,0.27778,0.29264,0.30942,0.32649,0.34161,0.35259,0.3572,0.35319,0.34011,0.32028,0.29404,0.2644,0.2333,0.20126,0.16937,0.13907,0.11256,0.092275,0.075286,0.060906,0.050024,0.041417,0.034529,0.028649,0.023482,0.019846,0.016862,0.015043,0.014773,0.016324,0.018643,0.021546,0.024607,0.027335,0.028903,0.030585,0.031788,0.032479,0.032546,0.03223,0.031546,0.030213,0.028144,0.025454,0.022461,0.019295,0.016576,0.014421,0.013284,0.012937,0.013247,0.014374,0.015917,0.017824,0.020103,0.02316,0.026424,0.029093,0.030682,0.031166,0.031762,0.032126,0.03235,0.03346,0.03345,0.031776,0.028936,0.025499,0.021892,0.019157,0.0181,0.019826,0.024229,0.03229,0.044533,0.059645,0.076385,0.093281,0.10923,0.12222,0.13123,0.13509,0.13328,0.12656,0.11629,0.10322,0.08906,0.075505,0.063764,0.054752,0.048469,0.044125,0.041023,0.039515
0.13676,0.15582,0.16962,0.17958,0.18815,0.19722,0.20818,0.22208,0.23983,0.26173,0.28628,0.31042,0.3307,0.34376,0.34659,0.34024,0.32506,0.30325,0.2768,0.24718,0.21615,0.1854,0.15686,0.13317,0.11208,0.093257,0.078487,0.067153,0.058668,0.051702,0.045586,0.040739,0.035902,0.03129,0.027912,0.026291,0.025319,0.024639,0.023813,0.022956,0.021448,0.020434,0.019476,0.018635,0.017913,0.017404,0.017009,0.016423,0.015695,0.014747,0.013752,0.01276,0.012004,0.011622,0.011712,0.012186,0.013061,0.014257,0.015575,0.017069,0.018787,0.020952,0.02319,0.024801,0.025505,0.025249,0.025151,0.025031,0.024946,0.025431,0.025046,0.023437,0.020861,0.018171,0.015939,0.014696,0.015048,0.018413,0.024984,0.035444,0.049912,0.066654,0.084408,0.10216,0.11973,0.13534,0.14815,0.15633,0.15881,0.15606,0.14899,0.13835,0.12569,0.11266,0.10059,0.0905,0.082658,0.076308,0.070415,0.06488
0.10188,0.11596,0.12648,0.13438,0.14154,0.1493,0.15852,0.17,0.18435,0.20184,0.22158,0.24308,0.26495,0.28396,0.29587,0.30002,0.29597,0.28485,0.26824,0.24712,0.22254,0.19651,0.17121,0.14901,0.12846,0.10947,0.094227,0.082318,0.073341,0.065832,0.059368,0.05395,0.048535,0.043116,0.038357,0.034562,0.031267,0.028072,0.024703,0.021766,0.01903,0.017287,0.015839,0.01465,0.013623,0.012821,0.012431,0.01225,0.012195,0.012057,0.0118,0.0115,0.011304,0.01133,0.011732,0.012445,0.013382,0.014235,0.015014,0.015692,0.016458,0.017364,0.018116,0.018217,0.017843,0.017123,0.016958,0.017019,0.017187,0.017764,0.017708,0.016815,0.015407,0.014078,0.013433,0.014001,0.016063,0.021156,0.029696,0.043112,0.060133,0.078789,0.097735,0.11683,0.13643,0.1548,0.1717,0.1845,0.19157,0.19309,0.18999,0.18324,0.17404,0.16397,0.15413,0.14527,0.13723,0.12871,0.11796,0.10481
0.071794,0.080343,0.087087,0.092878,0.09887,0.10603,0.11487,0.12594,0.13948,0.15528,0.17223,0.18922,0.20555,0.22029,0.23127,0.23787,0.23938,0.23593,0.2284,0.2166,0.20127,0.18392,0.16598,0.14946,0.13389,0.11973,0.10863,0.10031,0.094285,0.089017,0.084057,0.079337,0.074152,0.068675,0.063568,0.058756,0.054253,0.049569,0.044302,0.039191,0.034293,0.030368,0.0269,0.023952,0.021466,0.019618,0.018408,0.017586,0.017244,0.017081,0.016806,0.016507,0.01627,0.016099,0.01614,0.016118,0.016118,0.015735,0.015205,0.014611,0.014171,0.013909,0.013788,0.013483,0.013433,0.013746,0.014461,0.015395,0.016236,0.016873,0.016978,0.016595,0.01593,0.015565,0.015773,0.017034,0.019787,0.025351,0.034587,0.048134,0.064889,0.082889,0.10063,0.11855,0.13749,0.15642,0.17567,0.1926,0.20533,0.21312,0.21627,0.21564,0.21261,0.20846,0.20384,0.19875,0.19241,0.18281,0.16772,0.1467
0.047253,0.049866,0.052616,0.055793,0.059934,0.065551,0.07299,0.082734,0.094928,0.1093,0.12467,0.13984,0.15423,0.16696,0.17625,0.18148,0.18275,0.18015,0.17481,0.16625,0.15532,0.14316,0.13065,0.11939,0.10904,0.099697,0.09253,0.087151,0.083448,0.080337,0.077703,0.075167,0.072252,0.069652,0.067533,0.066022,0.065342,0.064208,0.061919,0.058597,0.054434,0.050024,0.045184,0.040466,0.036172,0.032652,0.03018,0.028468,0.027593,0.027094,0.026567,0.025948,0.02525,0.024336,0.02349,0.022357,0.021041,0.019254,0.017436,0.015725,0.014393,0.013432,0.01281,0.012374,0.012787,0.013696,0.015091,0.016562,0.017852,0.018724,0.019138,0.019368,0.019544,0.020065,0.020991,0.022648,0.025556,0.030676,0.038911,0.051101,0.067029,0.085711,0.10522,0.12592,0.14833,0.17136,0.19616,0.22086,0.24361,0.26221,0.27519,0.28302,0.28635,0.28667,0.28491,0.28125,0.27435,0.26126,0.23865,0.20605
0.029735,0.029367,0.030127,0.031382,0.033233,0.036069,0.040157,0.046048,0.053938,0.063709,0.074432,0.085373,0.095846,0.10524,0.11216,0.11637,0.11783,0.11687,0.1149,0.11073,0.1053,0.099408,0.09328,0.088048,0.083504,0.079301,0.07645,0.074639,0.07378,0.073162,0.072875,0.072862,0.073192,0.075557,0.078621,0.081862,0.085533,0.088649,0.089969,0.089197,0.086613,0.082568,0.076916,0.070499,0.064118,0.058387,0.053796,0.050208,0.048117,0.046783,0.045394,0.043939,0.042273,0.040109,0.037613,0.034548,0.030982,0.026832,0.022802,0.019514,0.016957,0.015163,0.014138,0.013747,0.014853,0.017577,0.021601,0.026133,0.030329,0.03327,0.035192,0.036283,0.036582,0.036777,0.036702,0.036645,0.037142,0.038547,0.041552,0.047362,0.057442,0.071995,0.089189,0.10948,0.13286,0.15861,0.18696,0.2163,0.24586,0.27365,0.29742,0.31649,0.33068,0.34054,0.34608,0.3473,0.34272,0.32892,0.30152,0.25878
0.024921,0.023503,0.02297,0.022687,0.022642,0.022962,0.02381,0.025537,0.028379,0.032206,0.036626,0.041393,0.046071,0.050233,0.053314,0.055238,0.056016,0.055934,0.056137,0.055662,0.05499,0.054341,0.053926,0.054258,0.055307,0.056561,0.058384,0.060583,0.063248,0.066195,0.06956,0.073266,0.077522,0.084953,0.092808,0.10049,0.10801,0.11451,0.11902,0.1206,0.1199,0.11698,0.11186,0.10529,0.098253,0.091374,0.085389,0.080408,0.077477,0.075762,0.074261,0.072458,0.069989,0.066386,0.061569,0.055361,0.048135,0.040407,0.03322,0.027455,0.023328,0.020459,0.019263,0.019604,0.022245,0.027023,0.033541,0.040349,0.046314,0.050713,0.0535,0.054841,0.054875,0.054164,0.052421,0.049975,0.047433,0.044837,0.043414,0.044175,0.048164,0.05669,0.06967,0.087371,0.10966,0.13617,0.16682,0.19912,0.23165,0.26331,0.29224,0.31786,0.33931,0.35659,0.3689,0.37555,0.37452,0.36177,0.33233,0.28357
0.032423,0.030458,0.029286,0.028056,0.026632,0.025045,0.023559,0.02234,0.021402,0.02075,0.020484,0.020791,0.021655,0.022905,0.024216,0.025469,0.026779,0.02807,0.029816,0.031365,0.032961,0.034825,0.037007,0.039875,0.043794,0.048174,0.052862,0.057789,0.063104,0.068628,0.074795,0.081954,0.090566,0.10439,0.11892,0.13272,0.14572,0.15733,0.16598,0.17004,0.17001,0.16607,0.15921,0.1506,0.14184,0.13325,0.12534,0.1183,0.11333,0.10938,0.10505,0.10034,0.094888,0.088192,0.080414,0.071403,0.06187,0.052642,0.044758,0.03896,0.034866,0.032221,0.031094,0.031505,0.034179,0.038803,0.045526,0.052953,0.059498,0.064257,0.066994,0.067717,0.066657,0.0643,0.060307,0.055121,0.049341,0.042781,0.037249,0.034142,0.034703,0.039338,0.048821,0.062644,0.080594,0.10255,0.12919,0.15847,0.18905,0.21973,0.24818,0.27393,0.29642,0.31555,0.33014,0.33933,0.34119,0.3318,0.30667,0.26345
0.047799,0.047122,0.045897,0.043685,0.040734,0.037226,0.033923,0.030751,0.027735,0.024836,0.022222,0.020193,0.018696,0.017757,0.017206,0.016941,0.017089,0.017655,0.018823,0.020148,0.021716,0.023579,0.025926,0.028874,0.03276,0.037277,0.042397,0.047949,0.054328,0.061736,0.070792,0.081799,0.095844,0.11697,0.13918,0.16047,0.17979,0.19637,0.20845,0.21374,0.21232,0.20527,0.19434,0.18136,0.16782,0.15496,0.14313,0.13267,0.12459,0.11806,0.11133,0.10438,0.097048,0.088929,0.080074,0.07059,0.061237,0.052893,0.046404,0.041967,0.039309,0.038069,0.038142,0.039627,0.043111,0.048689,0.056318,0.064595,0.07192,0.077456,0.080746,0.081675,0.080377,0.077109,0.071848,0.065074,0.057387,0.048812,0.040924,0.035058,0.032285,0.033518,0.039534,0.049629,0.063385,0.080691,0.10217,0.12717,0.15482,0.18345,0.21072,0.23578,0.25753,0.27589,0.28968,0.29801,0.29945,0.29038,0.26711,0.22785
0.06451,0.06587,0.065011,0.062061,0.057861,0.052484,0.047401,0.042158,0.036937,0.031898,0.027316,0.023643,0.020579,0.018324,0.016791,0.015895,0.015707,0.016015,0.016816,0.01811,0.01971,0.02161,0.024088,0.027107,0.030851,0.035161,0.039803,0.044924,0.050951,0.058308,0.067715,0.07993,0.097062,0.12222,0.14983,0.17736,0.20316,0.22638,0.24562,0.25783,0.26174,0.25733,0.24651,0.23138,0.21454,0.19792,0.18234,0.16808,0.15608,0.14503,0.13361,0.12254,0.11151,0.099889,0.088265,0.076751,0.066079,0.057461,0.051757,0.048552,0.047247,0.04717,0.048183,0.050769,0.054711,0.059952,0.06645,0.073306,0.079338,0.083669,0.08593,0.086031,0.084089,0.080038,0.07377,0.065667,0.056513,0.046466,0.037132,0.030226,0.026618,0.02601,0.029022,0.035358,0.044467,0.056325,0.07137,0.088953,0.10875,0.1301,0.15104,0.17042,0.18735,0.20192,0.21306,0.21984,0.2209,0.21386,0.19632,0.16741
0.089366,0.094815,0.096344,0.094116,0.089488,0.082817,0.076248,0.069176,0.061723,0.054144,0.046955,0.040538,0.034964,0.03077,0.027767,0.025716,0.024559,0.024103,0.024178,0.024799,0.025447,0.026138,0.027064,0.028083,0.0296,0.031881,0.03458,0.03797,0.042389,0.048106,0.055785,0.066207,0.082117,0.10542,0.13202,0.15975,0.18708,0.21297,0.23593,0.25345,0.26373,0.26611,0.26186,0.25229,0.2392,0.22403,0.20776,0.19089,0.17456,0.15868,0.14251,0.12719,0.11302,0.099323,0.086648,0.074919,0.064739,0.057098,0.052874,0.050821,0.050121,0.050399,0.05135,0.053224,0.056424,0.060422,0.065297,0.070506,0.075106,0.078305,0.079823,0.079522,0.077401,0.073361,0.067708,0.060888,0.053399,0.04569,0.039019,0.034783,0.034075,0.036434,0.04207,0.050039,0.059139,0.06921,0.080153,0.09216,0.10533,0.11905,0.132,0.14354,0.15351,0.16221,0.16856,0.17179,0.17093,0.16438,0.15058,0.12915
0.11595,0.12795,0.13433,0.13508,0.13196,0.12563,0.11828,0.10966,0.099678,0.088833,0.077952,0.06752,0.058298,0.05136,0.04609,0.042487,0.040301,0.039289,0.039029,0.039501,0.039996,0.040368,0.040668,0.040508,0.040231,0.040321,0.040813,0.041815,0.043737,0.046831,0.051625,0.058875,0.071192,0.089053,0.10976,0.13159,0.15321,0.17398,0.19292,0.20852,0.21933,0.2243,0.22378,0.21823,0.20893,0.19698,0.18317,0.16831,0.15347,0.13848,0.12309,0.10849,0.095634,0.083656,0.072908,0.063633,0.056546,0.052188,0.050683,0.050611,0.051445,0.053008,0.055178,0.058346,0.062401,0.06725,0.072505,0.077225,0.080848,0.083043,0.083616,0.082607,0.080159,0.076218,0.071228,0.065712,0.060216,0.055325,0.051912,0.0506,0.052209,0.05596,0.061346,0.067668,0.074004,0.08027,0.086368,0.092824,0.099813,0.10738,0.11452,0.12073,0.12573,0.13006,0.133,0.13392,0.13199,0.12608,0.11527,0.09982
0.13147,0.14715,0.15658,0.15936,0.15731,0.1515,0.14401,0.13488,0.12418,0.11242,0.10061,0.089144,0.078895,0.071234,0.065372,0.06122,0.058407,0.056604,0.055681,0.055491,0.055192,0.0547,0.053866,0.052269,0.050105,0.047995,0.046268,0.045207,0.045254,0.046351,0.048807,0.053174,0.061021,0.072186,0.085103,0.098716,0.11192,0.12512,0.13767,0.14934,0.15873,0.16516,0.16866,0.16904,0.16659,0.16144,0.15398,0.14461,0.13366,0.12128,0.10774,0.094308,0.082489,0.071687,0.062508,0.055489,0.050906,0.049099,0.04996,0.052452,0.056097,0.060594,0.06579,0.071269,0.076471,0.080694,0.08373,0.085689,0.085985,0.084963,0.083108,0.080473,0.077189,0.073295,0.069291,0.065862,0.063533,0.063051,0.064648,0.068969,0.075839,0.083615,0.090682,0.097056,0.10178,0.10542,0.10827,0.11108,0.11392,0.11692,0.11929,0.12063,0.12126,0.12166,0.12115,0.11936,0.11554,0.1088,0.098436,0.084955
0.13574,0.15184,0.16272,0.16784,0.16851,0.16585,0.16129,0.15511,0.14738,0.13855,0.12907,0.11939,0.1105,0.1038,0.098251,0.094275,0.091465,0.089517,0.088154,0.087269,0.086059,0.084437,0.082203,0.079104,0.074896,0.070379,0.066184,0.062428,0.059517,0.057529,0.056365,0.056021,0.057298,0.060163,0.064743,0.071161,0.078945,0.08816,0.098067,0.1082,0.11704,0.12325,0.12686,0.12752,0.12551,0.1212,0.11487,0.10747,0.098935,0.089657,0.08002,0.070608,0.062468,0.055357,0.049619,0.045777,0.044052,0.044057,0.046078,0.049824,0.054834,0.060647,0.067244,0.074534,0.081163,0.085777,0.088564,0.089863,0.089449,0.087968,0.085419,0.082216,0.078534,0.074827,0.071388,0.068904,0.06847,0.071055,0.077326,0.086511,0.09732,0.10761,0.11562,0.12146,0.12439,0.12491,0.12376,0.12241,0.12147,0.12117,0.12099,0.12022,0.11904,0.11776,0.11583,0.11283,0.10807,0.10077,0.090545,0.07845
0.1161,0.12714,0.13649,0.14254,0.14615,0.14823,0.14936,0.1499,0.14966,0.14896,0.14808,0.14707,0.14612,0.14624,0.14616,0.14615,0.14586,0.14501,0.14359,0.14152,0.1383,0.13431,0.12974,0.12441,0.11804,0.11115,0.10439,0.098234,0.093001,0.088664,0.084786,0.081108,0.077598,0.073774,0.070837,0.068751,0.067412,0.06758,0.06919,0.072026,0.075211,0.077904,0.079957,0.080866,0.080815,0.079722,0.077644,0.074938,0.071743,0.067898,0.063658,0.058967,0.054849,0.051497,0.048629,0.046965,0.047161,0.048872,0.051752,0.055697,0.06073,0.066801,0.073894,0.081217,0.087546,0.091651,0.093701,0.093846,0.092124,0.089,0.085096,0.080747,0.076266,0.072252,0.069338,0.0682,0.069684,0.075081,0.084584,0.096798,0.10904,0.12015,0.12826,0.13354,0.13557,0.13525,0.13289,0.12939,0.1257,0.12256,0.11989,0.11742,0.11497,0.11243,0.10951,0.10603,0.10143,0.094983,0.086346,0.077051
0.078154,0.086082,0.092317,0.096089,0.097861,0.098555,0.098718,0.098872,0.099274,0.10053,0.10204,0.10416,0.10688,0.11001,0.11361,0.11754,0.12221,0.12822,0.13589,0.14447,0.15336,0.16108,0.1668,0.17008,0.17041,0.16725,0.1607,0.15135,0.13999,0.12739,0.11469,0.1024,0.090639,0.080217,0.071551,0.064988,0.059995,0.056407,0.054362,0.053825,0.054233,0.055465,0.057404,0.059554,0.061591,0.063379,0.064976,0.066398,0.067756,0.069188,0.070688,0.072146,0.073585,0.074999,0.076276,0.076839,0.076368,0.07489,0.072925,0.070789,0.068781,0.067054,0.065798,0.065295,0.065523,0.066599,0.068384,0.070771,0.07408,0.078144,0.08297,0.088438,0.094076,0.099293,0.10381,0.1076,0.11087,0.11453,0.11801,0.1213,0.12411,0.12672,0.12892,0.13069,0.13218,0.13324,0.13379,0.13352,0.13261,0.13111,0.12903,0.12623,0.12273,0.11863,0.11409,0.10916,0.10353,0.096703,0.088282,0.08016
0.052711,0.056301,0.059639,0.061818,0.063048,0.063736,0.064245,0.064952,0.066574,0.07018,0.075018,0.081604,0.089788,0.099598,0.11092,0.12328,0.13676,0.1521,0.16971,0.1879,0.20639,0.22299,0.23636,0.24554,0.24993,0.24828,0.24046,0.22737,0.21077,0.19239,0.17402,0.15639,0.13952,0.12399,0.11057,0.099395,0.089128,0.079561,0.071099,0.063833,0.058,0.05386,0.051787,0.050502,0.049827,0.049601,0.049892,0.050573,0.051653,0.053157,0.05494,0.056751,0.058369,0.059774,0.060844,0.060974,0.059853,0.057648,0.054707,0.051595,0.048404,0.045232,0.042379,0.040348,0.039253,0.038973,0.039362,0.04048,0.042407,0.044967,0.048279,0.05241,0.057177,0.061775,0.066041,0.069989,0.073694,0.078116,0.082559,0.08689,0.091076,0.095283,0.099173,0.10264,0.10544,0.10778,0.10949,0.11036,0.11053,0.10997,0.10848,0.10608,0.10287,0.099096,0.095065,0.09085,0.086182,0.080626,0.073829,0.067818
0.042775,0.0445,0.046495,0.047781,0.048375,0.048546,0.048808,0.049488,0.050959,0.054122,0.059243,0.066929,0.07707,0.08944,0.10435,0.121,0.13935,0.16008,0.18332,0.20766,0.23241,0.25544,0.27484,0.28947,0.29895,0.3021,0.2984,0.28832,0.27301,0.25456,0.23536,0.21684,0.19909,0.18216,0.16621,0.1514,0.13641,0.12084,0.10514,0.08967,0.076628,0.066112,0.059469,0.05449,0.050866,0.04861,0.047175,0.046253,0.045739,0.045621,0.045816,0.046144,0.046368,0.046402,0.046103,0.045119,0.043534,0.041174,0.038496,0.035838,0.033386,0.031089,0.028989,0.02736,0.026269,0.025757,0.025725,0.026138,0.027175,0.028879,0.031539,0.034924,0.038647,0.042134,0.045266,0.048037,0.050858,0.054439,0.058132,0.062002,0.065917,0.070104,0.074176,0.077917,0.081321,0.084266,0.086545,0.088031,0.088859,0.088886,0.08805,0.086449,0.084034,0.081177,0.078297,0.075399,0.072344,0.068753,0.064269,0.0603
0.046668,0.049464,0.051849,0.053028,0.052997,0.051948,0.050328,0.048426,0.046881,0.046423,0.047765,0.051684,0.058636,0.069286,0.08386,0.10101,0.12043,0.14286,0.16781,0.19383,0.22007,0.24488,0.26688,0.28569,0.30126,0.31277,0.31972,0.32199,0.31948,0.31283,0.30268,0.28942,0.27306,0.25431,0.23427,0.21335,0.19108,0.16786,0.14489,0.12284,0.10427,0.088945,0.078805,0.070816,0.064571,0.060082,0.056834,0.054352,0.052552,0.051302,0.050449,0.049763,0.049092,0.048184,0.046864,0.044792,0.042218,0.038889,0.035325,0.031756,0.028539,0.025748,0.023437,0.021728,0.020649,0.020308,0.020515,0.021147,0.022249,0.023688,0.025701,0.028229,0.030723,0.032687,0.034174,0.035066,0.035823,0.037142,0.038602,0.040219,0.042043,0.044185,0.046325,0.04815,0.049691,0.051059,0.052059,0.05275,0.053388,0.054044,0.054536,0.054654,0.054392,0.053953,0.053727,0.05365,0.053506,0.053029,0.052111,0.051988
0.063429,0.069504,0.073193,0.074453,0.073762,0.071567,0.068334,0.064283,0.059885,0.055798,0.052795,0.051928,0.054385,0.060931,0.0724,0.086816,0.10388,0.12385,0.14566,0.16805,0.19019,0.21119,0.23058,0.24858,0.2655,0.28122,0.2951,0.30699,0.31634,0.32347,0.32751,0.32766,0.32309,0.3133,0.29808,0.27758,0.25168,0.22135,0.18914,0.15822,0.1341,0.11577,0.10373,0.094254,0.08682,0.081275,0.076856,0.073064,0.069616,0.066261,0.062689,0.058811,0.054565,0.050163,0.045588,0.040628,0.036393,0.032124,0.028288,0.025147,0.022717,0.020911,0.019703,0.019203,0.019367,0.020019,0.021053,0.022385,0.023864,0.025328,0.026852,0.02852,0.029946,0.030758,0.031095,0.030883,0.030397,0.029864,0.029032,0.028184,0.027422,0.027081,0.027051,0.027256,0.027629,0.028195,0.028803,0.02958,0.030554,0.031749,0.033272,0.034894,0.036311,0.037594,0.039015,0.040492,0.041852,0.042989,0.043904,0.045927
0.088237,0.098738,0.10461,0.10605,0.10402,0.099555,0.093475,0.086183,0.077906,0.069081,0.060832,0.053945,0.049528,0.04867,0.052447,0.059434,0.068975,0.081203,0.094898,0.10947,0.12429,0.13907,0.15402,0.16928,0.18491,0.20124,0.21831,0.23653,0.2554,0.275,0.29379,0.31009,0.32211,0.32835,0.3277,0.31985,0.30462,0.28226,0.25392,0.22201,0.19256,0.1684,0.15186,0.13909,0.12893,0.12097,0.11406,0.10769,0.1016,0.095544,0.089244,0.08268,0.075613,0.067928,0.059913,0.051971,0.045575,0.039894,0.034952,0.030754,0.027208,0.024428,0.022734,0.021942,0.021976,0.022659,0.023678,0.02476,0.025746,0.026418,0.026794,0.026865,0.026501,0.025565,0.024291,0.022985,0.02172,0.020536,0.019389,0.018381,0.017743,0.017611,0.017831,0.018224,0.018777,0.019483,0.020173,0.020914,0.021805,0.023056,0.024697,0.026624,0.028567,0.03055,0.032503,0.03434,0.036036,0.037486,0.038973,0.041796
0.12232,0.13919,0.14889,0.15139,0.14828,0.14129,0.13164,0.11985,0.10641,0.091848,0.077573,0.064897,0.054866,0.048319,0.045657,0.046341,0.049813,0.056084,0.063803,0.072502,0.081546,0.090927,0.10117,0.11258,0.12501,0.13885,0.15414,0.17108,0.1893,0.20972,0.23105,0.25202,0.27033,0.2847,0.2938,0.29702,0.29432,0.28606,0.2715,0.25189,0.23052,0.21,0.19361,0.18006,0.16947,0.16119,0.15361,0.14615,0.13835,0.12993,0.12046,0.10987,0.098198,0.08588,0.073325,0.062179,0.053604,0.046455,0.040819,0.036325,0.032858,0.030555,0.029639,0.029547,0.030075,0.031029,0.032063,0.032927,0.033407,0.033161,0.032408,0.031168,0.029326,0.026979,0.024584,0.022487,0.020657,0.019067,0.017581,0.016507,0.015986,0.015887,0.016013,0.016159,0.016347,0.016576,0.016756,0.016918,0.017267,0.018048,0.019239,0.020671,0.022169,0.023786,0.025446,0.027057,0.028629,0.030147,0.03201,0.035695
0.15969,0.18288,0.19677,0.20126,0.19851,0.19069,0.17917,0.16465,0.14762,0.12846,0.10866,0.08943,0.072098,0.05801,0.048041,0.041481,0.037854,0.037021,0.038349,0.041302,0.045508,0.05062,0.057189,0.065814,0.076027,0.088202,0.10219,0.11785,0.13473,0.15287,0.17127,0.18884,0.20425,0.21685,0.2262,0.23208,0.23485,0.23594,0.23412,0.23005,0.22449,0.21878,0.21443,0.21053,0.20666,0.20261,0.19695,0.18922,0.17947,0.16739,0.15279,0.13614,0.11779,0.098815,0.080376,0.065001,0.053193,0.044168,0.037618,0.033359,0.0308,0.029936,0.03103,0.032988,0.035396,0.03809,0.040629,0.042643,0.043649,0.043365,0.042099,0.039962,0.036973,0.033652,0.030419,0.027915,0.025717,0.023743,0.022078,0.021043,0.020615,0.020907,0.021587,0.02233,0.022906,0.023282,0.023327,0.023213,0.023304,0.02366,0.024362,0.0254,0.026635,0.027908,0.029061,0.030094,0.031064,0.03185,0.032977,0.035749
0.19802,0.22425,0.2401,0.24561,0.24305,0.23508,0.22305,0.20758,0.18926,0.16828,0.14564,0.12272,0.1005,0.080175,0.063071,0.049699,0.039809,0.033267,0.028808,0.026654,0.026158,0.027014,0.029482,0.033895,0.039983,0.048176,0.058273,0.070235,0.08372,0.098702,0.11427,0.12978,0.14408,0.15636,0.16604,0.17308,0.17854,0.18416,0.18887,0.19372,0.19858,0.20413,0.20985,0.21462,0.21748,0.21796,0.21499,0.20831,0.19775,0.18324,0.16493,0.14375,0.12061,0.097513,0.075874,0.059183,0.046974,0.038383,0.032828,0.029717,0.028756,0.030065,0.033483,0.037627,0.042288,0.046855,0.050683,0.053204,0.054035,0.052872,0.050263,0.046613,0.042283,0.037767,0.03394,0.031674,0.029975,0.029079,0.028918,0.029606,0.03119,0.033161,0.03557,0.037954,0.040018,0.041582,0.042262,0.042174,0.041515,0.040566,0.039614,0.038861,0.038362,0.037948,0.037414,0.03686,0.036247,0.035482,0.034988,0.035664
0.23596,0.26709,0.28499,0.29105,0.28821,0.27959,0.26687,0.25071,0.23167,0.20983,0.18606,0.16182,0.13778,0.11471,0.093598,0.07554,0.060619,0.048977,0.039466,0.032366,0.027406,0.024348,0.023158,0.023514,0.024942,0.027626,0.031463,0.036439,0.042589,0.050249,0.058691,0.068002,0.077558,0.087021,0.095865,0.10406,0.1124,0.12251,0.13272,0.14379,0.15538,0.16713,0.1787,0.18896,0.19688,0.20157,0.20192,0.1975,0.18808,0.17368,0.15475,0.13264,0.10855,0.084706,0.063157,0.047941,0.037341,0.030613,0.026998,0.026012,0.02756,0.031787,0.038705,0.046263,0.053797,0.060251,0.064683,0.066477,0.065571,0.061904,0.056488,0.050044,0.043376,0.037078,0.03221,0.029715,0.028476,0.028652,0.030406,0.033681,0.038382,0.043857,0.050547,0.057306,0.063083,0.067521,0.070346,0.071316,0.070559,0.068333,0.065027,0.06169,0.05855,0.055976,0.053829,0.05183,0.049884,0.04753,0.04488,0.042502
0.24646,0.28011,0.30069,0.30973,0.31056,0.30634,0.29855,0.28753,0.27321,0.25519,0.23382,0.21034,0.18563,0.16072,0.13666,0.11416,0.093683,0.075843,0.060135,0.047422,0.038112,0.031767,0.028105,0.02633,0.02583,0.026233,0.027441,0.029279,0.031716,0.034668,0.037792,0.041385,0.045324,0.049825,0.054877,0.060362,0.066908,0.076136,0.086603,0.098637,0.1114,0.12401,0.13619,0.14691,0.15532,0.16103,0.16282,0.1602,0.15294,0.14103,0.12503,0.10639,0.086002,0.066575,0.050106,0.03914,0.031647,0.027195,0.02535,0.025854,0.029418,0.036251,0.045901,0.055769,0.064454,0.070824,0.073989,0.073337,0.06921,0.062194,0.053467,0.044212,0.03597,0.029523,0.025069,0.022873,0.021873,0.02247,0.025479,0.030587,0.037698,0.046413,0.05752,0.068976,0.079121,0.087276,0.093259,0.096344,0.096773,0.094904,0.091275,0.086951,0.082483,0.078598,0.07508,0.071849,0.068584,0.064711,0.059902,0.054509
0.21774,0.24673,0.26563,0.27521,0.27891,0.27972,0.27895,0.277,0.27359,0.2677,0.25897,0.24715,0.23172,0.21313,0.1919,0.16911,0.14565,0.12246,0.099715,0.080176,0.064748,0.053718,0.046452,0.041518,0.038273,0.036019,0.034427,0.033339,0.032624,0.032108,0.03162,0.031384,0.031452,0.032123,0.033447,0.0355,0.038323,0.042929,0.048833,0.056147,0.06429,0.072544,0.080505,0.087492,0.092657,0.095922,0.096663,0.094554,0.089476,0.081625,0.071382,0.05974,0.047461,0.036433,0.027845,0.022775,0.019811,0.018714,0.01971,0.022936,0.029657,0.040074,0.05276,0.064636,0.074253,0.080523,0.082699,0.08016,0.073739,0.064401,0.053497,0.042538,0.033384,0.026394,0.02196,0.019982,0.019407,0.020706,0.02462,0.031297,0.040918,0.053039,0.068531,0.084608,0.09919,0.11136,0.12174,0.12908,0.13296,0.13361,0.13197,0.1292,0.12556,0.12186,0.11795,0.11399,0.1093,0.1029,0.093648,0.080872
0.17834,0.20339,0.22065,0.23059,0.23628,0.24038,0.24417,0.24815,0.25222,0.25523,0.25649,0.25525,0.25022,0.24095,0.22717,0.20951,0.18921,0.16722,0.14451,0.12381,0.10605,0.091776,0.080852,0.072134,0.065684,0.06035,0.055797,0.051745,0.047817,0.044091,0.040594,0.037348,0.034439,0.032108,0.030832,0.030618,0.031145,0.032753,0.035071,0.037971,0.041309,0.045052,0.048876,0.052311,0.054784,0.056346,0.056651,0.055393,0.05232,0.047707,0.041848,0.035452,0.029073,0.023856,0.020454,0.019033,0.018724,0.019476,0.021512,0.025006,0.031719,0.04177,0.052832,0.06241,0.069502,0.073254,0.072876,0.067927,0.059902,0.050322,0.040469,0.031395,0.024197,0.019131,0.016174,0.015,0.015094,0.016852,0.020965,0.027848,0.037857,0.050721,0.067255,0.084767,0.10116,0.11574,0.13003,0.14202,0.1508,0.1562,0.15915,0.16047,0.16049,0.16,0.15893,0.15674,0.15229,0.14402,0.13,0.1095
0.12548,0.14327,0.15602,0.16395,0.16952,0.1748,0.18081,0.18809,0.19663,0.20567,0.21493,0.22317,0.22875,0.23096,0.22861,0.22148,0.21026,0.1954,0.17778,0.16038,0.14433,0.13056,0.11916,0.10914,0.10157,0.094881,0.088483,0.082077,0.075471,0.068682,0.062025,0.055631,0.049772,0.044867,0.041264,0.038733,0.036548,0.034969,0.033708,0.032523,0.03149,0.0306,0.029983,0.029543,0.029152,0.029003,0.028897,0.028647,0.027989,0.026808,0.025245,0.023278,0.021082,0.019368,0.018451,0.018499,0.019231,0.020634,0.022622,0.025358,0.030679,0.038033,0.045941,0.052323,0.056395,0.057735,0.055931,0.050803,0.044089,0.03699,0.02989,0.023387,0.018897,0.016296,0.015138,0.015031,0.015834,0.017839,0.021674,0.027588,0.036058,0.047319,0.062493,0.079443,0.096733,0.11366,0.13319,0.15219,0.16937,0.18397,0.19623,0.20586,0.21285,0.21797,0.22126,0.22214,0.21878,0.20856,0.18884,0.15883
0.083139,0.093184,0.10046,0.10539,0.10975,0.11471,0.12091,0.12863,0.13791,0.14813,0.1593,0.17057,0.18048,0.1885,0.19345,0.19479,0.19276,0.18737,0.17893,0.16948,0.15999,0.1517,0.14485,0.13852,0.1338,0.12896,0.1234,0.1171,0.1098,0.10151,0.092903,0.084322,0.075918,0.068398,0.062655,0.058063,0.053431,0.048833,0.044308,0.039957,0.036507,0.033999,0.03202,0.030402,0.02888,0.02754,0.02653,0.025696,0.024813,0.023764,0.022901,0.022079,0.021228,0.020798,0.021169,0.02183,0.022338,0.022694,0.022974,0.023142,0.02475,0.027389,0.030493,0.033041,0.034579,0.034723,0.033242,0.0302,0.026814,0.023531,0.02028,0.017324,0.015763,0.015427,0.015739,0.016332,0.017218,0.018741,0.021423,0.025925,0.032544,0.041253,0.053507,0.068174,0.085102,0.10356,0.12739,0.15349,0.18074,0.20611,0.22805,0.24606,0.25982,0.2699,0.27664,0.2793,0.27608,0.26412,0.24009,0.20276
0.05314,0.057155,0.060877,0.063991,0.067234,0.071277,0.076463,0.082965,0.090785,0.099503,0.10921,0.11921,0.12832,0.13611,0.14196,0.14572,0.14795,0.14887,0.14831,0.1471,0.14615,0.14634,0.14795,0.14987,0.15302,0.15556,0.15648,0.15571,0.15288,0.14776,0.14133,0.13396,0.1261,0.11805,0.11098,0.10431,0.096692,0.088261,0.079143,0.069454,0.061006,0.05402,0.047589,0.042006,0.037065,0.032701,0.029308,0.026776,0.024963,0.023626,0.023015,0.02274,0.022628,0.023019,0.023937,0.024613,0.024835,0.024294,0.023363,0.021914,0.021126,0.020581,0.020227,0.020222,0.02027,0.020237,0.019892,0.019673,0.019847,0.020327,0.02124,0.022358,0.02429,0.026506,0.027853,0.028009,0.02731,0.026231,0.025618,0.026135,0.028743,0.033538,0.04081,0.050287,0.062518,0.078013,0.10044,0.12729,0.15927,0.19248,0.22493,0.25477,0.28079,0.302,0.31797,0.32793,0.32939,0.31907,0.29271,0.24857
0.030212,0.030303,0.031459,0.032683,0.034226,0.036321,0.039071,0.042606,0.047011,0.052074,0.057984,0.06448,0.070983,0.077229,0.082622,0.087133,0.091143,0.095073,0.098864,0.10285,0.1078,0.11428,0.12286,0.13193,0.14181,0.15108,0.15885,0.16514,0.16949,0.17155,0.17224,0.17118,0.16881,0.16418,0.15821,0.15095,0.14217,0.132,0.12092,0.10877,0.097854,0.088127,0.07833,0.069284,0.061096,0.053908,0.048299,0.044006,0.040715,0.038376,0.037767,0.037897,0.038356,0.038723,0.038696,0.037473,0.035036,0.031244,0.02694,0.022546,0.018869,0.015757,0.013523,0.01232,0.011938,0.012504,0.013925,0.016924,0.02127,0.026793,0.033252,0.039683,0.046099,0.051685,0.054978,0.055517,0.053775,0.050311,0.045852,0.041544,0.039069,0.03889,0.04046,0.043995,0.05059,0.061846,0.081846,0.10892,0.1439,0.18097,0.21792,0.25305,0.28477,0.31169,0.33323,0.34788,0.35275,0.34418,0.31706,0.26879
0.021011,0.020428,0.020892,0.021393,0.021998,0.022792,0.02383,0.025159,0.026809,0.028751,0.031102,0.033703,0.036307,0.038886,0.041355,0.043889,0.046801,0.050478,0.055098,0.060936,0.068626,0.078334,0.090196,0.1025,0.11541,0.12814,0.1401,0.15156,0.16222,0.1723,0.18301,0.19329,0.20405,0.21203,0.21624,0.21559,0.20961,0.19873,0.18432,0.16792,0.15326,0.13987,0.12604,0.11265,0.10035,0.089153,0.079682,0.071832,0.0655,0.060292,0.056994,0.054858,0.053416,0.05187,0.049516,0.045792,0.041055,0.035365,0.029545,0.023963,0.019042,0.015112,0.012454,0.011292,0.011413,0.012698,0.015946,0.022972,0.033277,0.045368,0.058647,0.070969,0.081617,0.089538,0.093218,0.092389,0.087622,0.07964,0.069373,0.058336,0.048581,0.041591,0.037248,0.035584,0.036834,0.042174,0.054904,0.075413,0.10575,0.13891,0.17255,0.20509,0.23486,0.26018,0.28088,0.29554,0.30167,0.29595,0.27413,0.23371
0.030037,0.029785,0.030524,0.031088,0.031361,0.031381,0.031179,0.030745,0.030118,0.029367,0.028541,0.027787,0.027089,0.026299,0.025458,0.024921,0.024806,0.025603,0.027804,0.030937,0.035962,0.043296,0.053017,0.063691,0.075245,0.087295,0.099457,0.11207,0.12502,0.13885,0.15451,0.17105,0.19057,0.20897,0.2245,0.23554,0.24107,0.2397,0.23147,0.21792,0.20346,0.18903,0.1737,0.15876,0.14495,0.13178,0.11981,0.10897,0.099337,0.090303,0.082327,0.074881,0.067997,0.061227,0.054229,0.046848,0.039935,0.033324,0.027444,0.02243,0.018097,0.014778,0.013005,0.013411,0.01574,0.019563,0.026136,0.037978,0.053436,0.070954,0.08855,0.10399,0.11677,0.12532,0.12833,0.12573,0.11812,0.10633,0.091611,0.075685,0.060551,0.047994,0.038327,0.032241,0.029587,0.030712,0.037412,0.051786,0.075772,0.10399,0.13305,0.16143,0.18776,0.21057,0.22995,0.24424,0.25109,0.24739,0.22941,0.19502
0.053736,0.057487,0.060341,0.06171,0.061802,0.060865,0.059064,0.056505,0.053283,0.049543,0.045316,0.040796,0.036115,0.031359,0.026959,0.023541,0.020756,0.018853,0.018126,0.018405,0.02004,0.023219,0.028432,0.03506,0.042963,0.052151,0.062433,0.07422,0.087616,0.10342,0.12231,0.14329,0.16907,0.19452,0.21672,0.2351,0.24821,0.25441,0.25254,0.24311,0.22992,0.21513,0.19913,0.1842,0.17026,0.15631,0.14287,0.12983,0.11735,0.10502,0.093032,0.081518,0.071047,0.061409,0.052586,0.044697,0.038401,0.033122,0.028812,0.025389,0.022552,0.02105,0.021571,0.024695,0.030203,0.038303,0.050442,0.070115,0.093105,0.11658,0.13857,0.15726,0.172,0.18059,0.18186,0.17601,0.16343,0.14531,0.12349,0.099894,0.076817,0.056689,0.040645,0.030219,0.024052,0.02202,0.02373,0.029882,0.04229,0.058802,0.077094,0.096043,0.11461,0.13156,0.14718,0.15997,0.16767,0.16796,0.15807,0.13634
0.091916,0.10443,0.11257,0.11634,0.1168,0.11497,0.11138,0.10621,0.099774,0.092401,0.084029,0.075036,0.066034,0.056944,0.048306,0.041165,0.034895,0.029634,0.02556,0.022151,0.019759,0.018609,0.01916,0.021208,0.024395,0.028961,0.034823,0.042424,0.052271,0.06543,0.082787,0.10288,0.128,0.15421,0.17874,0.20042,0.21817,0.23055,0.23635,0.2346,0.22701,0.21591,0.20245,0.18879,0.1758,0.16272,0.14955,0.1361,0.12272,0.10921,0.095582,0.082549,0.071029,0.060842,0.052559,0.046143,0.0419,0.038864,0.036929,0.036173,0.036218,0.037994,0.041711,0.047975,0.05651,0.067121,0.081755,0.10307,0.12619,0.14851,0.16804,0.18337,0.19412,0.19837,0.19558,0.18602,0.17054,0.14996,0.12614,0.101,0.076748,0.05515,0.037639,0.025698,0.017944,0.013659,0.012599,0.015035,0.021083,0.029432,0.039335,0.050106,0.061357,0.072431,0.083731,0.09406,0.10155,0.10443,0.10077,0.089396
0.13417,0.15555,0.16977,0.17708,0.17935,0.17842,0.17522,0.17014,0.16364,0.15595,0.14673,0.1362,0.12452,0.11149,0.097981,0.085867,0.073965,0.06235,0.052093,0.042652,0.034294,0.027379,0.022613,0.020137,0.018797,0.018549,0.019384,0.021512,0.025285,0.031689,0.041744,0.055184,0.073921,0.095087,0.11647,0.13765,0.15627,0.17133,0.1817,0.18674,0.18664,0.18276,0.17579,0.16681,0.15744,0.14738,0.13663,0.12521,0.11349,0.10133,0.088685,0.076591,0.066604,0.058413,0.052462,0.048335,0.046027,0.045302,0.045835,0.047665,0.050938,0.056827,0.065113,0.075374,0.087156,0.099841,0.11505,0.13419,0.15357,0.17154,0.18596,0.19573,0.20058,0.19927,0.19168,0.17855,0.16067,0.13934,0.11627,0.093834,0.073592,0.055911,0.041441,0.031103,0.023881,0.019164,0.01694,0.017045,0.018735,0.021224,0.024181,0.027499,0.031073,0.034981,0.03991,0.045392,0.050297,0.053631,0.054359,0.051803
0.17408,0.20116,0.2195,0.22957,0.23373,0.23426,0.23231,0.22842,0.22322,0.21694,0.20957,0.20102,0.19102,0.17856,0.16406,0.14963,0.13402,0.11731,0.10079,0.083923,0.067473,0.052337,0.039936,0.031506,0.025384,0.021076,0.018217,0.016438,0.016015,0.017395,0.020915,0.026846,0.036254,0.048332,0.062075,0.077649,0.09309,0.10721,0.119,0.12743,0.13181,0.13328,0.13189,0.1281,0.12261,0.11586,0.10842,0.10034,0.09176,0.082729,0.073409,0.06462,0.057899,0.05275,0.049784,0.048229,0.048213,0.049956,0.053175,0.057803,0.063932,0.072527,0.083185,0.09441,0.10537,0.11535,0.12584,0.13729,0.14834,0.15823,0.16475,0.16758,0.16662,0.16098,0.15114,0.13796,0.12249,0.10587,0.089458,0.074809,0.063113,0.053507,0.046082,0.040931,0.037365,0.035127,0.033294,0.031166,0.028321,0.025204,0.022199,0.019605,0.017594,0.016211,0.015841,0.016531,0.017899,0.019755,0.021909,0.024469
0.20415,0.23699,0.25942,0.2726,0.27953,0.28279,0.28362,0.28251,0.27969,0.27494,0.26807,0.25963,0.24947,0.23719,0.22322,0.20944,0.19347,0.17544,0.15651,0.13581,0.11432,0.093043,0.073581,0.058077,0.044788,0.033727,0.025207,0.018761,0.014243,0.011503,0.01041,0.01153,0.015121,0.020812,0.028498,0.038501,0.049834,0.062005,0.073633,0.083132,0.088896,0.091971,0.092268,0.090237,0.0865,0.081505,0.075932,0.069815,0.063359,0.056838,0.05078,0.045266,0.041371,0.038724,0.037709,0.038142,0.04008,0.043626,0.048388,0.05456,0.062147,0.07241,0.083777,0.094046,0.10256,0.10892,0.11482,0.12013,0.12461,0.12874,0.12974,0.12697,0.12073,0.11107,0.099088,0.08629,0.073899,0.062657,0.053321,0.046858,0.043885,0.042893,0.043506,0.045309,0.048137,0.051385,0.053593,0.053336,0.049728,0.04398,0.037302,0.03067,0.024599,0.019456,0.015857,0.013667,0.012578,0.01234,0.013072,0.015528
0.17805,0.20466,0.22386,0.23652,0.24554,0.25363,0.26218,0.27196,0.28347,0.29599,0.30774,0.31734,0.32233,0.32077,0.31191,0.29906,0.28176,0.26045,0.23653,0.20964,0.18106,0.15235,0.12556,0.10347,0.083633,0.065735,0.050559,0.037995,0.028204,0.020959,0.015969,0.01376,0.013282,0.01466,0.017688,0.022577,0.028066,0.033784,0.039131,0.043488,0.045589,0.046758,0.046723,0.045627,0.043517,0.040888,0.038013,0.03487,0.031655,0.028767,0.026502,0.0247,0.023839,0.024026,0.025282,0.027581,0.03077,0.035082,0.040555,0.04722,0.055207,0.065791,0.076937,0.085895,0.091956,0.094919,0.096497,0.09647,0.095006,0.094076,0.090831,0.084517,0.075625,0.06481,0.05351,0.043483,0.035571,0.030166,0.027298,0.027745,0.031975,0.038286,0.046489,0.055571,0.064931,0.073412,0.07941,0.081647,0.079225,0.073152,0.064716,0.055002,0.045353,0.036836,0.030171,0.025456,0.022411,0.020575,0.019641,0.02039
0.14773,0.16907,0.18464,0.19578,0.20513,0.21479,0.22604,0.23998,0.25739,0.27801,0.30089,0.32425,0.34421,0.35755,0.36126,0.35665,0.34338,0.32277,0.29672,0.26647,0.23442,0.20271,0.1734,0.14927,0.12732,0.10669,0.088593,0.072898,0.059515,0.048133,0.038664,0.032118,0.026658,0.022876,0.020973,0.020896,0.021306,0.021845,0.022135,0.022162,0.021188,0.020373,0.019563,0.018607,0.01757,0.016667,0.015969,0.015395,0.014978,0.014926,0.015403,0.016039,0.016922,0.018294,0.020343,0.023067,0.02646,0.030519,0.035283,0.040816,0.046766,0.053658,0.060026,0.064083,0.065463,0.064199,0.061725,0.058026,0.05375,0.051193,0.048018,0.043449,0.037609,0.031084,0.024704,0.019537,0.016214,0.014975,0.016172,0.020334,0.028012,0.038276,0.050835,0.064604,0.078894,0.091687,0.10149,0.1069,0.10675,0.10175,0.093169,0.081962,0.069718,0.058203,0.048341,0.041067,0.036276,0.033261,0.03132,0.031217
0.10902,0.12388,0.13496,0.14309,0.15021,0.15794,0.16748,0.17965,0.19545,0.21555,0.24064,0.27016,0.30056,0.32775,0.34627,0.35579,0.3557,0.34663,0.32959,0.30552,0.27672,0.24617,0.2171,0.19282,0.17047,0.14942,0.13107,0.11493,0.10092,0.088226,0.076739,0.067154,0.057413,0.048063,0.040288,0.034596,0.030012,0.026132,0.022694,0.019898,0.016967,0.014691,0.01285,0.011646,0.010944,0.01058,0.010441,0.010392,0.010397,0.010707,0.011492,0.012448,0.013582,0.015136,0.017121,0.019616,0.022628,0.025895,0.029554,0.033499,0.037393,0.041475,0.044746,0.045928,0.044946,0.042037,0.038446,0.034198,0.030016,0.027777,0.02545,0.02233,0.018729,0.014865,0.011541,0.0092825,0.008211,0.0088764,0.011607,0.017266,0.026944,0.039947,0.055275,0.072245,0.090192,0.10659,0.12037,0.12985,0.1335,0.13156,0.12518,0.11567,0.10466,0.093631,0.083498,0.075058,0.068613,0.06359,0.059108,0.055301
0.085057,0.096098,0.10428,0.11056,0.11649,0.12325,0.13179,0.1428,0.15678,0.174,0.19356,0.21555,0.24038,0.26637,0.28832,0.30393,0.31175,0.31162,0.30427,0.28983,0.26988,0.24684,0.22324,0.20255,0.1837,0.16634,0.15177,0.13944,0.129,0.11905,0.10929,0.099971,0.089575,0.078423,0.067751,0.057909,0.048799,0.040209,0.03246,0.026422,0.021134,0.017164,0.01412,0.011958,0.010365,0.0093079,0.0087474,0.0085714,0.0086586,0.0090984,0.0099206,0.010881,0.011903,0.013186,0.014833,0.016905,0.019265,0.021494,0.023766,0.025998,0.027981,0.029837,0.031083,0.031181,0.030104,0.028125,0.026258,0.02432,0.022502,0.021729,0.020662,0.019053,0.016987,0.014853,0.013004,0.011808,0.011597,0.012962,0.016065,0.02181,0.03174,0.045292,0.061195,0.078894,0.097789,0.11589,0.1326,0.14573,0.15367,0.15637,0.15443,0.14888,0.14127,0.13287,0.12466,0.11737,0.111,0.10451,0.096539,0.086763
0.063976,0.070146,0.075016,0.079184,0.08367,0.089299,0.096622,0.10621,0.1184,0.13311,0.14951,0.16682,0.18493,0.20277,0.21791,0.23002,0.23846,0.24271,0.24298,0.23848,0.22994,0.21845,0.20522,0.19272,0.18068,0.16963,0.16106,0.1543,0.14868,0.1426,0.13585,0.12839,0.11929,0.10898,0.098465,0.087973,0.077934,0.06803,0.058323,0.049762,0.041977,0.035432,0.029699,0.024869,0.020803,0.017501,0.015245,0.013708,0.012905,0.012685,0.012901,0.013254,0.013713,0.014367,0.015233,0.016293,0.01738,0.018192,0.018919,0.01958,0.020111,0.020599,0.021037,0.021187,0.021245,0.021273,0.021637,0.021901,0.022049,0.022208,0.021815,0.020837,0.019363,0.01792,0.01667,0.015968,0.016059,0.01769,0.021319,0.027714,0.038439,0.053427,0.070485,0.089138,0.10911,0.12901,0.14842,0.16542,0.1787,0.18766,0.19229,0.1936,0.19228,0.18955,0.18585,0.1814,0.17549,0.16633,0.1519,0.13201
0.046187,0.047829,0.049575,0.051718,0.054775,0.059267,0.065583,0.07433,0.085792,0.099868,0.11553,0.13215,0.14942,0.16625,0.18052,0.19141,0.19869,0.20235,0.20321,0.20046,0.19581,0.18975,0.1828,0.17605,0.16936,0.16305,0.15818,0.15432,0.15094,0.14677,0.1416,0.13516,0.12713,0.1185,0.10989,0.10163,0.094341,0.087133,0.079636,0.071976,0.064205,0.056611,0.049027,0.041858,0.035463,0.030137,0.026178,0.023469,0.021803,0.02085,0.020079,0.019272,0.018431,0.017556,0.016783,0.016025,0.015365,0.01454,0.013754,0.013208,0.012879,0.012824,0.013298,0.014227,0.016127,0.01899,0.022564,0.026049,0.028934,0.031077,0.032103,0.032283,0.031782,0.031299,0.030641,0.030152,0.030143,0.030817,0.032707,0.03635,0.043433,0.054593,0.068434,0.085007,0.10373,0.1235,0.14427,0.16375,0.18061,0.19474,0.20563,0.21372,0.21975,0.22412,0.2266,0.22688,0.2238,0.21485,0.19725,0.17066
0.030993,0.029516,0.029353,0.029978,0.03147,0.034089,0.037979,0.043632,0.051421,0.061291,0.07249,0.084533,0.097035,0.10922,0.11956,0.12773,0.13342,0.13703,0.13954,0.13985,0.13938,0.13824,0.13684,0.13601,0.13623,0.13737,0.13947,0.14177,0.14376,0.14443,0.14357,0.14107,0.13684,0.13284,0.12868,0.12459,0.12104,0.11725,0.11219,0.10572,0.098202,0.089936,0.080949,0.071573,0.062456,0.054164,0.047473,0.042256,0.038536,0.035738,0.03317,0.030636,0.027963,0.025132,0.022143,0.019225,0.016647,0.014346,0.012712,0.011803,0.011741,0.012418,0.014088,0.016785,0.021275,0.027958,0.035835,0.043581,0.050424,0.055644,0.058909,0.060518,0.060536,0.059799,0.05783,0.054971,0.051772,0.048355,0.045476,0.044127,0.046195,0.053151,0.064209,0.079197,0.097717,0.11891,0.14252,0.16589,0.18773,0.20685,0.22254,0.23545,0.2459,0.25435,0.26026,0.26293,0.26094,0.25147,0.23141,0.20007
0.027093,0.025234,0.02459,0.024316,0.024336,0.024838,0.026127,0.028422,0.032106,0.037056,0.042836,0.04921,0.055818,0.062332,0.068131,0.072951,0.076822,0.079954,0.083346,0.086131,0.089748,0.09376,0.097849,0.10249,0.1079,0.11314,0.11806,0.1224,0.12609,0.12867,0.13029,0.13099,0.13095,0.13311,0.13587,0.13836,0.14013,0.14014,0.13772,0.13286,0.12594,0.11745,0.10737,0.096218,0.085186,0.074811,0.065972,0.058886,0.053927,0.050354,0.047203,0.044172,0.040983,0.037381,0.033444,0.029153,0.025002,0.021289,0.018614,0.017341,0.017342,0.018272,0.020403,0.024132,0.030508,0.040236,0.052194,0.064551,0.075922,0.084894,0.091217,0.095206,0.096557,0.09578,0.09226,0.086262,0.078421,0.068912,0.059449,0.051481,0.047383,0.048289,0.054831,0.066604,0.083054,0.10359,0.12779,0.15317,0.17836,0.20179,0.22204,0.23911,0.25308,0.26434,0.27258,0.27714,0.27655,0.26761,0.24689,0.21351
0.031925,0.029962,0.029293,0.028599,0.027689,0.026601,0.02557,0.024542,0.023566,0.02284,0.022567,0.022856,0.023596,0.024734,0.025999,0.027417,0.029143,0.031144,0.033893,0.03688,0.040857,0.045746,0.051584,0.058481,0.066616,0.07486,0.082836,0.090425,0.097611,0.1044,0.11093,0.11745,0.12437,0.1351,0.14573,0.15508,0.16227,0.16628,0.16647,0.16252,0.15567,0.14634,0.13508,0.12258,0.11044,0.099113,0.089163,0.080529,0.074153,0.069118,0.064258,0.059436,0.054355,0.048897,0.043207,0.03754,0.032332,0.028125,0.025198,0.024105,0.024626,0.026448,0.029833,0.035682,0.045476,0.059547,0.07658,0.094012,0.10957,0.12207,0.131,0.13635,0.13797,0.1363,0.13076,0.12162,0.1094,0.094125,0.078077,0.063711,0.05324,0.047911,0.049707,0.056616,0.068509,0.085069,0.10598,0.12949,0.15469,0.18001,0.20348,0.22454,0.24252,0.25731,0.26798,0.27387,0.2736,0.26416,0.24224,0.2069
0.042465,0.041105,0.039878,0.03811,0.035795,0.033102,0.030666,0.028414,0.026339,0.024326,0.022623,0.021306,0.020362,0.019775,0.019532,0.019568,0.020071,0.021071,0.022781,0.024997,0.027958,0.031681,0.036293,0.041824,0.04867,0.056146,0.063832,0.07158,0.079689,0.088096,0.097049,0.10694,0.11847,0.13493,0.15122,0.16552,0.17643,0.18318,0.18505,0.18139,0.17383,0.16333,0.151,0.1375,0.12451,0.11262,0.10211,0.092949,0.085901,0.080045,0.074088,0.068296,0.062564,0.056436,0.050283,0.044358,0.039125,0.035485,0.033633,0.033574,0.035216,0.038187,0.043146,0.050808,0.06188,0.076433,0.093306,0.11029,0.12563,0.13796,0.14677,0.15185,0.15315,0.15065,0.1438,0.13292,0.11844,0.10036,0.081191,0.063584,0.050177,0.042205,0.041627,0.045983,0.054821,0.068295,0.086178,0.10737,0.13122,0.15629,0.18036,0.20238,0.22174,0.2381,0.25012,0.25704,0.25739,0.24839,0.22702,0.19238
0.057606,0.058765,0.058579,0.056696,0.053454,0.049154,0.045144,0.040988,0.036725,0.032466,0.028587,0.025465,0.022897,0.020909,0.019473,0.018706,0.018644,0.01933,0.020683,0.022753,0.025296,0.028315,0.031938,0.036271,0.041685,0.047865,0.054441,0.061559,0.069519,0.078376,0.08851,0.10042,0.11538,0.13604,0.15727,0.17637,0.19112,0.20116,0.2057,0.20403,0.19723,0.1867,0.17347,0.15881,0.14461,0.13159,0.11955,0.10844,0.099121,0.090835,0.082583,0.074884,0.067874,0.061188,0.055223,0.050278,0.046638,0.044914,0.044989,0.046419,0.049202,0.053114,0.058757,0.067249,0.078758,0.092991,0.10862,0.1238,0.13708,0.14729,0.15436,0.1577,0.15748,0.15326,0.14491,0.13273,0.11703,0.098,0.078158,0.060219,0.047032,0.038611,0.036664,0.038794,0.044538,0.053759,0.06632,0.082045,0.10062,0.12093,0.14128,0.16053,0.17777,0.19269,0.20395,0.21063,0.21136,0.20408,0.18662,0.15834
0.077566,0.082126,0.084094,0.083256,0.080437,0.075962,0.071479,0.066549,0.061079,0.055162,0.049416,0.0439,0.038845,0.034856,0.03173,0.029398,0.027874,0.027213,0.027273,0.027928,0.028732,0.029703,0.030944,0.032645,0.035172,0.038493,0.042345,0.046899,0.052484,0.05926,0.067708,0.078562,0.093867,0.11479,0.13687,0.15763,0.17466,0.18774,0.19648,0.20024,0.19976,0.1958,0.18877,0.17962,0.16913,0.1576,0.1454,0.13305,0.1214,0.1102,0.098977,0.088865,0.08038,0.072845,0.06657,0.06214,0.059693,0.0599,0.062401,0.066015,0.070266,0.075045,0.08057,0.087533,0.096327,0.10621,0.11645,0.12623,0.13472,0.14118,0.14499,0.14579,0.14361,0.13798,0.1289,0.11664,0.10191,0.085157,0.068871,0.055408,0.046162,0.040652,0.039978,0.04272,0.048057,0.055459,0.06446,0.075018,0.086905,0.099963,0.11296,0.12508,0.13601,0.1457,0.15306,0.15733,0.15764,0.15231,0.13983,0.11993
0.092934,0.10141,0.10639,0.10768,0.10619,0.10246,0.098223,0.093025,0.086733,0.079521,0.071994,0.064613,0.057811,0.052585,0.048866,0.046655,0.045893,0.046181,0.047292,0.048986,0.050304,0.051299,0.051853,0.051818,0.051616,0.051601,0.05183,0.052507,0.054095,0.056785,0.061045,0.067667,0.078557,0.093687,0.11012,0.12609,0.13995,0.15189,0.1614,0.16815,0.17186,0.17225,0.16947,0.16424,0.15697,0.14833,0.1379,0.12661,0.11505,0.10341,0.091795,0.081487,0.07332,0.06677,0.062053,0.059754,0.059856,0.062088,0.066107,0.070845,0.07652,0.083182,0.090877,0.10008,0.10992,0.11944,0.12829,0.13583,0.14154,0.14484,0.14562,0.14373,0.13894,0.13133,0.12117,0.10898,0.095625,0.081821,0.069292,0.059956,0.054753,0.05197,0.051734,0.053664,0.056901,0.061183,0.066337,0.072473,0.079574,0.08757,0.095475,0.10267,0.10913,0.11493,0.11923,0.12129,0.12041,0.11558,0.106,0.091959
0.10356,0.1152,0.1234,0.12755,0.12863,0.12719,0.12469,0.12093,0.11576,0.10913,0.10178,0.094216,0.087206,0.081918,0.077717,0.074962,0.073225,0.072171,0.071671,0.071661,0.071163,0.070262,0.068927,0.06699,0.064589,0.062305,0.060536,0.059236,0.058862,0.059475,0.061261,0.064604,0.07106,0.0801,0.090176,0.10056,0.10978,0.11765,0.12396,0.12885,0.13199,0.13322,0.13262,0.12993,0.12528,0.11918,0.11152,0.10306,0.094223,0.085134,0.076003,0.068074,0.062071,0.057798,0.055413,0.055488,0.058355,0.063848,0.071325,0.079891,0.089136,0.098709,0.1083,0.11769,0.12638,0.13327,0.13844,0.14218,0.14383,0.1433,0.14056,0.1358,0.12917,0.12092,0.1116,0.10133,0.091114,0.081737,0.074243,0.069592,0.068176,0.06844,0.069659,0.071594,0.07366,0.075889,0.078397,0.081555,0.085511,0.090172,0.094717,0.098423,0.10121,0.1035,0.10468,0.10429,0.10179,0.096426,0.08775,0.076739
0.099826,0.10995,0.11797,0.12264,0.12494,0.12557,0.12573,0.12547,0.12441,0.12239,0.11977,0.11683,0.11391,0.11233,0.11116,0.11078,0.11057,0.11014,0.10944,0.10832,0.10607,0.10298,0.099174,0.094392,0.088727,0.082853,0.077479,0.072646,0.068623,0.065543,0.06361,0.063494,0.065601,0.069148,0.074053,0.079831,0.085332,0.090816,0.096104,0.10118,0.10564,0.10895,0.11116,0.11172,0.11033,0.10742,0.10301,0.097745,0.091616,0.084474,0.076808,0.069295,0.062901,0.057523,0.053667,0.051877,0.052927,0.056273,0.062222,0.069711,0.078291,0.087284,0.096464,0.10542,0.113,0.1182,0.12114,0.12174,0.12007,0.11649,0.11157,0.10572,0.09919,0.092177,0.085338,0.079259,0.074474,0.071397,0.070325,0.071662,0.075544,0.080329,0.084898,0.089013,0.091464,0.093015,0.094141,0.095244,0.097087,0.099797,0.10268,0.10499,0.10645,0.10696,0.10628,0.10424,0.10031,0.093933,0.084875,0.074496
0.097536,0.10657,0.1143,0.11966,0.12325,0.12603,0.12866,0.13141,0.13408,0.13666,0.13885,0.1409,0.14309,0.14609,0.14908,0.15188,0.15402,0.15514,0.15526,0.15403,0.151,0.14673,0.14165,0.1358,0.12883,0.12119,0.11381,0.10688,0.10068,0.095366,0.09079,0.086865,0.083366,0.079791,0.077253,0.075721,0.074579,0.074171,0.07438,0.07544,0.076827,0.078031,0.079014,0.079386,0.07899,0.077819,0.076046,0.073568,0.07058,0.067319,0.063757,0.060135,0.056969,0.054516,0.053144,0.053575,0.056183,0.060392,0.065908,0.072608,0.080173,0.088037,0.095712,0.10266,0.10793,0.11079,0.11159,0.11073,0.10826,0.10454,0.10018,0.095471,0.090738,0.086207,0.082589,0.080252,0.0797,0.081111,0.084963,0.091327,0.098934,0.10622,0.1113,0.1139,0.11359,0.11136,0.1077,0.1039,0.10084,0.098793,0.097674,0.097072,0.096603,0.096148,0.095213,0.093362,0.090173,0.085111,0.078077,0.070958
0.07799,0.086636,0.094198,0.099299,0.10268,0.10518,0.10759,0.11019,0.11331,0.11772,0.12254,0.12771,0.13299,0.13836,0.1434,0.14806,0.15215,0.15569,0.1589,0.16128,0.1629,0.16296,0.16105,0.15698,0.15071,0.14215,0.13186,0.12045,0.10863,0.096948,0.086422,0.077437,0.069609,0.063109,0.057864,0.05381,0.050408,0.047721,0.046024,0.045395,0.045729,0.047041,0.049208,0.051859,0.054863,0.057874,0.060905,0.063947,0.066826,0.069619,0.072324,0.074752,0.076979,0.078956,0.080736,0.08204,0.082552,0.082361,0.082051,0.081954,0.081991,0.082089,0.082181,0.082588,0.08316,0.084068,0.08539,0.087256,0.089651,0.092508,0.095786,0.099383,0.10287,0.10577,0.10789,0.10945,0.11088,0.1127,0.1146,0.1165,0.11813,0.11992,0.12159,0.123,0.12409,0.12479,0.12486,0.12396,0.1225,0.1205,0.1179,0.11466,0.11084,0.10657,0.10203,0.097359,0.09235,0.086475,0.079469,0.073051
0.055164,0.060607,0.065907,0.06984,0.072706,0.074991,0.077188,0.080077,0.084638,0.091933,0.10123,0.1128,0.12603,0.14047,0.15569,0.17085,0.18549,0.19956,0.21311,0.22473,0.23417,0.24025,0.24211,0.2386,0.23032,0.21761,0.20134,0.18348,0.16549,0.14856,0.13365,0.12079,0.10896,0.098335,0.088756,0.08014,0.071703,0.063452,0.055888,0.04929,0.044755,0.041662,0.040178,0.03956,0.039593,0.040128,0.041246,0.042869,0.044813,0.04699,0.049228,0.051443,0.053614,0.055692,0.057825,0.059515,0.060447,0.060615,0.060294,0.059812,0.059015,0.057999,0.056884,0.056054,0.055519,0.05556,0.056315,0.057708,0.059705,0.062185,0.065329,0.069169,0.073066,0.076514,0.07954,0.081997,0.084349,0.087422,0.090772,0.093969,0.096762,0.099347,0.10144,0.10276,0.10349,0.10358,0.10283,0.10118,0.099292,0.097084,0.094283,0.090949,0.087136,0.083087,0.078976,0.074798,0.070592,0.066163,0.061378,0.058011
0.046547,0.049962,0.053587,0.056633,0.059209,0.06152,0.063883,0.066846,0.071285,0.07877,0.089452,0.10334,0.11989,0.13892,0.1604,0.18261,0.20507,0.22796,0.25074,0.27165,0.28943,0.3024,0.30961,0.31013,0.3046,0.29298,0.2757,0.25438,0.23128,0.20871,0.18922,0.17336,0.1592,0.146,0.13301,0.11994,0.10603,0.091254,0.076568,0.062691,0.052183,0.044057,0.038713,0.034894,0.032436,0.031214,0.030875,0.030972,0.031395,0.032157,0.033113,0.034253,0.035399,0.036589,0.037685,0.0384,0.038685,0.038463,0.038018,0.037814,0.037523,0.037094,0.036463,0.036067,0.036047,0.036417,0.037022,0.038003,0.039457,0.041527,0.044373,0.047571,0.050845,0.053655,0.056043,0.057945,0.059716,0.062006,0.064362,0.066668,0.068669,0.07057,0.072038,0.072863,0.07317,0.072889,0.071906,0.070318,0.068631,0.067065,0.065264,0.063194,0.061003,0.058764,0.05668,0.054749,0.052889,0.050892,0.048776,0.0483
0.049678,0.053359,0.057156,0.060163,0.062427,0.06428,0.066022,0.068,0.070597,0.074993,0.081595,0.091474,0.10515,0.12272,0.14417,0.16766,0.19227,0.21785,0.24322,0.26679,0.28731,0.30325,0.31468,0.32123,0.32344,0.32126,0.31475,0.3047,0.29201,0.2778,0.2629,0.24746,0.23064,0.21303,0.19422,0.17458,0.15374,0.13206,0.10996,0.088685,0.072286,0.059468,0.050804,0.044322,0.039671,0.036646,0.034614,0.033238,0.03236,0.031893,0.031589,0.031175,0.030604,0.029926,0.029275,0.028416,0.0276,0.026688,0.026014,0.025803,0.02596,0.026454,0.026937,0.027538,0.028491,0.029792,0.031383,0.033503,0.035862,0.038412,0.041382,0.044352,0.046946,0.048769,0.049865,0.050086,0.049802,0.049462,0.048929,0.048199,0.047301,0.046507,0.045864,0.045172,0.044442,0.043652,0.042784,0.041878,0.041301,0.041095,0.041023,0.040847,0.040442,0.039919,0.039433,0.038974,0.038569,0.038247,0.038357,0.040254
0.065287,0.0716,0.075905,0.078196,0.078796,0.078263,0.077076,0.075341,0.073249,0.071466,0.070832,0.07201,0.076075,0.084532,0.097818,0.11355,0.13123,0.15054,0.17045,0.18999,0.20838,0.22515,0.24051,0.25461,0.26768,0.27984,0.29049,0.29985,0.30764,0.31379,0.31754,0.31794,0.31311,0.30246,0.28549,0.26294,0.23535,0.20452,0.17291,0.14254,0.11804,0.097591,0.082555,0.070353,0.060918,0.054321,0.049496,0.045944,0.043338,0.041347,0.039529,0.037644,0.03566,0.033545,0.031535,0.029528,0.028331,0.027338,0.026731,0.026486,0.02643,0.026469,0.026639,0.027127,0.027922,0.028898,0.029995,0.031247,0.032596,0.034069,0.035651,0.037155,0.03835,0.038762,0.038494,0.037559,0.036338,0.035198,0.03381,0.032334,0.030904,0.029858,0.028999,0.028243,0.027795,0.027761,0.028002,0.028494,0.029216,0.030265,0.031463,0.032689,0.033743,0.034662,0.035443,0.036118,0.036719,0.037306,0.038128,0.040969
0.088568,0.10017,0.1072,0.10991,0.10932,0.10637,0.10196,0.09615,0.089371,0.082105,0.07548,0.070335,0.067991,0.069851,0.076434,0.086191,0.098447,0.11267,0.12749,0.14225,0.15635,0.16944,0.18204,0.19488,0.2081,0.2222,0.23686,0.25227,0.26805,0.28403,0.2987,0.31008,0.31602,0.31552,0.30747,0.29158,0.26889,0.24098,0.21014,0.17879,0.15249,0.13051,0.11365,0.099935,0.08915,0.081425,0.075297,0.070271,0.066085,0.062341,0.05847,0.054309,0.049798,0.0451,0.040401,0.036009,0.033355,0.031236,0.030116,0.02995,0.030199,0.030768,0.031836,0.033382,0.035308,0.037416,0.039599,0.041524,0.043091,0.044085,0.044593,0.04432,0.043254,0.04139,0.039133,0.036608,0.03402,0.031489,0.028845,0.026389,0.024242,0.022814,0.021773,0.021003,0.02064,0.020522,0.020593,0.020977,0.02171,0.022991,0.024799,0.026831,0.028749,0.030561,0.032195,0.033661,0.034909,0.036012,0.037474,0.040664
0.12304,0.14229,0.15393,0.1581,0.15655,0.15093,0.14261,0.1319,0.11954,0.10597,0.092677,0.080917,0.071633,0.065976,0.064872,0.066956,0.071773,0.078767,0.086804,0.095205,0.10348,0.11169,0.12066,0.13114,0.14271,0.15567,0.16995,0.18584,0.20336,0.22203,0.2409,0.25869,0.27338,0.28377,0.28788,0.28494,0.27502,0.25915,0.23882,0.21583,0.19411,0.17472,0.15886,0.14521,0.13355,0.12412,0.11571,0.10787,0.10041,0.092819,0.084647,0.076024,0.066936,0.057773,0.049099,0.042045,0.037589,0.03473,0.033353,0.033205,0.034036,0.0358,0.03859,0.041745,0.044992,0.048094,0.050714,0.052682,0.053708,0.053581,0.052602,0.050629,0.04772,0.044116,0.040256,0.036869,0.033626,0.030388,0.026909,0.02357,0.020731,0.01862,0.017121,0.016115,0.015397,0.014865,0.014483,0.014505,0.01491,0.015799,0.017198,0.018901,0.020612,0.022321,0.023952,0.025514,0.027077,0.02865,0.030883,0.035306
0.15402,0.17599,0.18918,0.1936,0.19119,0.18404,0.17359,0.16029,0.14477,0.12748,0.10968,0.092918,0.078799,0.067985,0.060955,0.05666,0.054714,0.055416,0.058188,0.062296,0.067105,0.072253,0.078445,0.086291,0.095461,0.10647,0.11929,0.13387,0.14997,0.16732,0.18496,0.20205,0.21677,0.22828,0.23536,0.23775,0.23614,0.23151,0.22397,0.21453,0.20464,0.19538,0.1869,0.17842,0.17041,0.16305,0.15528,0.14709,0.13831,0.1284,0.117,0.10456,0.091077,0.077561,0.064836,0.054912,0.048274,0.043951,0.041865,0.041468,0.042356,0.044657,0.048858,0.05385,0.059283,0.064243,0.068091,0.070492,0.071069,0.069553,0.06646,0.06185,0.056167,0.049932,0.043897,0.039262,0.035213,0.031447,0.027744,0.024575,0.022018,0.020241,0.01898,0.018171,0.017787,0.017645,0.017613,0.017687,0.018188,0.019013,0.020251,0.021827,0.023422,0.025014,0.026508,0.027863,0.02901,0.02998,0.031604,0.035257
0.21088,0.24087,0.25846,0.26418,0.26117,0.25213,0.23867,0.22161,0.20156,0.17901,0.15542,0.132,0.10969,0.089913,0.073621,0.060937,0.051258,0.044771,0.040488,0.038178,0.037469,0.038135,0.040479,0.044763,0.050232,0.057136,0.065656,0.075686,0.087339,0.10042,0.11392,0.12736,0.13959,0.14998,0.15807,0.16356,0.16707,0.16995,0.17169,0.17295,0.17397,0.17517,0.17626,0.17623,0.1747,0.17181,0.16661,0.15908,0.14914,0.13663,0.1217,0.10536,0.088216,0.071836,0.057442,0.047548,0.041831,0.039242,0.039027,0.040774,0.044527,0.05061,0.05941,0.068823,0.077916,0.085646,0.091136,0.093964,0.093682,0.09017,0.084089,0.076032,0.066713,0.057215,0.048901,0.043222,0.038639,0.034918,0.03185,0.029705,0.028176,0.027504,0.027566,0.028368,0.02942,0.03041,0.031178,0.031672,0.031975,0.032334,0.032676,0.03312,0.033483,0.033875,0.034118,0.034359,0.034537,0.03456,0.034896,0.036595
0.23319,0.26421,0.28181,0.28737,0.28424,0.27554,0.263,0.24735,0.22918,0.20872,0.18675,0.16421,0.14191,0.12049,0.1008,0.083553,0.068972,0.057799,0.048604,0.041551,0.036767,0.034183,0.033706,0.03504,0.037401,0.040723,0.045121,0.050422,0.056525,0.063581,0.07124,0.079843,0.088719,0.097332,0.10511,0.11188,0.11806,0.12493,0.13131,0.13729,0.14282,0.14814,0.15303,0.15668,0.15857,0.1586,0.15581,0.15006,0.14119,0.12907,0.11394,0.097098,0.079485,0.063204,0.049968,0.042003,0.03834,0.037753,0.039725,0.044034,0.051329,0.062015,0.075667,0.089119,0.10116,0.11045,0.11591,0.11713,0.114,0.10659,0.095881,0.083045,0.069286,0.056295,0.045681,0.039186,0.034746,0.031962,0.030414,0.029836,0.030163,0.03147,0.034102,0.037546,0.041105,0.044314,0.046878,0.048502,0.049381,0.049425,0.048769,0.047679,0.046442,0.045275,0.044115,0.042992,0.041914,0.040658,0.039404,0.039087
0.25555,0.29391,0.31679,0.32585,0.32558,0.3198,0.31026,0.29746,0.28145,0.26203,0.23964,0.21525,0.18971,0.1645,0.14055,0.1183,0.098127,0.081054,0.066306,0.054682,0.046255,0.041122,0.038674,0.037888,0.037971,0.038709,0.040093,0.04198,0.044344,0.046956,0.04936,0.051871,0.054491,0.057533,0.061023,0.064985,0.069679,0.07619,0.083215,0.090931,0.098527,0.10592,0.11267,0.11812,0.12187,0.12362,0.12272,0.11901,0.1123,0.10263,0.090482,0.077165,0.063349,0.051234,0.042125,0.037313,0.035606,0.036497,0.040344,0.046889,0.057329,0.07201,0.089452,0.10585,0.11958,0.12931,0.13366,0.13202,0.12464,0.11234,0.096382,0.078569,0.0612,0.046203,0.035221,0.028641,0.024045,0.021156,0.020032,0.020245,0.021761,0.024712,0.029648,0.035953,0.042481,0.048435,0.053524,0.057318,0.059511,0.060093,0.059256,0.057723,0.055791,0.053988,0.052282,0.05076,0.049295,0.047539,0.04563,0.043664
0.23106,0.26586,0.28774,0.29794,0.30055,0.29939,0.29622,0.29154,0.28515,0.27629,0.26485,0.25061,0.23285,0.21182,0.18817,0.16339,0.13924,0.11751,0.097923,0.08188,0.069431,0.060781,0.054967,0.050703,0.047542,0.044912,0.042772,0.040915,0.039262,0.037597,0.035865,0.034285,0.032974,0.032081,0.032058,0.032968,0.034955,0.038593,0.043457,0.049546,0.05606,0.062554,0.068572,0.073501,0.077025,0.078956,0.079153,0.077437,0.073619,0.067654,0.059939,0.051675,0.043721,0.03755,0.033552,0.032366,0.033078,0.035962,0.041181,0.048784,0.060862,0.077412,0.095543,0.11185,0.12476,0.1329,0.1352,0.13097,0.12093,0.10606,0.08789,0.068445,0.050787,0.03688,0.027754,0.022665,0.019634,0.018213,0.018308,0.019959,0.023257,0.028529,0.037039,0.04712,0.057629,0.067786,0.077624,0.085842,0.091708,0.095181,0.096289,0.095651,0.093989,0.092039,0.089918,0.087855,0.085184,0.081099,0.07495,0.066554
0.17745,0.204,0.22169,0.23107,0.23546,0.23783,0.23966,0.24158,0.24379,0.24568,0.24716,0.24695,0.24361,0.23649,0.22477,0.20891,0.19033,0.17076,0.15089,0.13316,0.11845,0.10767,0.0997,0.092923,0.08732,0.081752,0.076072,0.070232,0.064409,0.058321,0.052154,0.046132,0.040595,0.035904,0.032504,0.03054,0.029369,0.029239,0.029987,0.031347,0.033085,0.035194,0.037378,0.039487,0.041094,0.042167,0.042425,0.041697,0.039847,0.036875,0.032927,0.028932,0.025323,0.023135,0.022844,0.024919,0.028606,0.033863,0.040685,0.04917,0.061897,0.078165,0.095107,0.10965,0.12045,0.12632,0.12663,0.12061,0.10932,0.094339,0.077068,0.059641,0.04489,0.033109,0.025043,0.02026,0.017124,0.015437,0.015118,0.016352,0.019541,0.024997,0.03355,0.044025,0.055536,0.067271,0.080299,0.092805,0.10398,0.11334,0.12035,0.12503,0.12775,0.12943,0.13009,0.12969,0.12715,0.12121,0.11049,0.094513
0.12912,0.14885,0.16251,0.17049,0.17543,0.17957,0.18428,0.19014,0.19731,0.20541,0.2149,0.22438,0.23198,0.23635,0.23625,0.23126,0.22217,0.21004,0.19573,0.18173,0.1691,0.15908,0.15109,0.14375,0.13764,0.13153,0.125,0.11775,0.10939,0.099895,0.089685,0.07913,0.068918,0.059779,0.052658,0.047122,0.042153,0.037961,0.034692,0.031884,0.029539,0.028031,0.026856,0.025887,0.024985,0.024451,0.024114,0.023705,0.022989,0.021895,0.02056,0.019175,0.018363,0.018538,0.020264,0.023465,0.027495,0.032308,0.037967,0.04443,0.054684,0.067834,0.080565,0.090812,0.097651,0.10036,0.09843,0.091364,0.08082,0.068535,0.055285,0.042206,0.031882,0.024443,0.019527,0.016204,0.013824,0.012506,0.01228,0.013122,0.015262,0.019032,0.025295,0.033714,0.043775,0.055507,0.070737,0.086972,0.10313,0.11801,0.13069,0.14096,0.14901,0.15548,0.16039,0.16341,0.16295,0.15712,0.14378,0.12224
0.088011,0.10064,0.10936,0.11452,0.1181,0.12169,0.12617,0.132,0.13936,0.14794,0.15826,0.1697,0.18107,0.1915,0.19952,0.20428,0.20595,0.20497,0.20121,0.19633,0.19136,0.18746,0.1844,0.18072,0.17738,0.17294,0.16679,0.15889,0.14907,0.1373,0.1244,0.11104,0.097854,0.085586,0.075302,0.066652,0.058427,0.050623,0.043496,0.036751,0.03139,0.027317,0.023771,0.020851,0.01863,0.017048,0.016104,0.015666,0.015757,0.016165,0.016868,0.017443,0.018493,0.020543,0.023892,0.027701,0.031257,0.034342,0.037231,0.03999,0.045631,0.052923,0.060094,0.065357,0.068223,0.068475,0.066066,0.061058,0.055092,0.048454,0.041412,0.034388,0.029091,0.025576,0.022884,0.020561,0.018473,0.016694,0.015597,0.01546,0.016814,0.019702,0.024519,0.031316,0.040819,0.053336,0.071648,0.093106,0.11666,0.14029,0.16228,0.18128,0.19686,0.20903,0.21803,0.22329,0.22287,0.21455,0.19534,0.16395
0.055439,0.061076,0.065299,0.068183,0.070702,0.073626,0.077486,0.082485,0.088843,0.096442,0.10575,0.11611,0.1263,0.13592,0.14447,0.15202,0.15916,0.16605,0.17271,0.17936,0.18644,0.19447,0.20334,0.2109,0.21777,0.22226,0.22333,0.22066,0.21412,0.20353,0.18996,0.17395,0.15671,0.13986,0.12494,0.11171,0.098897,0.086151,0.073853,0.061685,0.051451,0.043398,0.036429,0.030601,0.025765,0.021917,0.019109,0.017278,0.016288,0.01587,0.016276,0.017012,0.01839,0.020488,0.023148,0.025429,0.027016,0.027775,0.027985,0.027963,0.029623,0.032348,0.035233,0.037437,0.039026,0.039821,0.040359,0.041136,0.041845,0.042273,0.042424,0.041894,0.041869,0.042324,0.041712,0.039591,0.036341,0.032463,0.028173,0.02441,0.022661,0.023287,0.025733,0.029708,0.035699,0.04459,0.059264,0.079009,0.10357,0.13005,0.15643,0.18085,0.20247,0.2203,0.23421,0.24315,0.24507,0.23746,0.217,0.18211
0.035447,0.0367,0.038448,0.039933,0.041394,0.043096,0.045248,0.048135,0.051873,0.056414,0.062074,0.068589,0.075194,0.081676,0.087661,0.093238,0.09909,0.1064,0.11506,0.12524,0.13737,0.15152,0.1678,0.18387,0.19928,0.21253,0.22264,0.22951,0.2328,0.23223,0.22883,0.22227,0.21315,0.20147,0.18859,0.17454,0.15894,0.14275,0.1262,0.10928,0.094656,0.082292,0.070667,0.060336,0.051585,0.044057,0.037958,0.033104,0.029204,0.026029,0.023915,0.022487,0.021499,0.02086,0.020447,0.019777,0.018883,0.017688,0.01662,0.015598,0.015482,0.016106,0.017289,0.01887,0.020781,0.023066,0.02669,0.032585,0.039748,0.047656,0.056041,0.063598,0.070429,0.076387,0.079413,0.078808,0.075097,0.068874,0.06061,0.051839,0.044545,0.040204,0.038152,0.037927,0.040181,0.045134,0.055414,0.071701,0.095264,0.12196,0.14946,0.1762,0.20093,0.22203,0.23912,0.25084,0.2549,0.24865,0.22848,0.19274
0.02539,0.024506,0.024907,0.02545,0.025963,0.026509,0.02725,0.02826,0.029635,0.031379,0.033624,0.036299,0.039137,0.04215,0.045077,0.048179,0.051855,0.05665,0.063101,0.071687,0.083219,0.097498,0.11475,0.13245,0.15009,0.16669,0.18131,0.19415,0.20479,0.21337,0.22097,0.22656,0.23061,0.23096,0.22726,0.21919,0.20647,0.19023,0.1719,0.15195,0.13452,0.11943,0.10482,0.091548,0.080021,0.069718,0.060894,0.053481,0.047222,0.041617,0.037215,0.033519,0.030169,0.027062,0.024155,0.021195,0.018675,0.016361,0.014444,0.012927,0.012129,0.012054,0.013112,0.015311,0.01887,0.024097,0.03212,0.045496,0.06176,0.079145,0.096597,0.11158,0.12376,0.13263,0.13619,0.13418,0.12716,0.11603,0.10146,0.085176,0.069721,0.057129,0.047451,0.041054,0.037303,0.036908,0.041875,0.053125,0.07242,0.09643,0.12185,0.14675,0.16994,0.19001,0.20675,0.21881,0.22417,0.22054,0.20449,0.17406
0.027341,0.025757,0.025859,0.026148,0.026351,0.026423,0.026344,0.026159,0.02591,0.025666,0.025536,0.025608,0.025754,0.025963,0.026219,0.026736,0.027581,0.029278,0.032332,0.036552,0.042891,0.051756,0.063664,0.076727,0.090571,0.10452,0.11809,0.1313,0.14398,0.15626,0.1696,0.18285,0.19776,0.21087,0.21992,0.22437,0.22314,0.21578,0.2033,0.18719,0.17206,0.15786,0.14314,0.12895,0.11617,0.10381,0.092247,0.081342,0.071454,0.06237,0.054337,0.047344,0.04085,0.034808,0.029404,0.024646,0.02079,0.017673,0.015502,0.014225,0.013526,0.013921,0.016117,0.020456,0.026923,0.035969,0.050374,0.073916,0.10119,0.12959,0.15692,0.18022,0.19857,0.21087,0.2154,0.21229,0.20206,0.18552,0.1639,0.13923,0.11422,0.091411,0.071663,0.056817,0.045741,0.038404,0.035672,0.038868,0.049343,0.064191,0.081628,0.10003,0.11825,0.13488,0.14974,0.1616,0.16863,0.16879,0.15937,0.13882
0.042206,0.042452,0.042633,0.042238,0.041199,0.039738,0.037968,0.036057,0.034158,0.032384,0.030664,0.028968,0.027169,0.025268,0.023446,0.022248,0.021642,0.021735,0.022751,0.024691,0.028146,0.03314,0.040617,0.049669,0.060061,0.071532,0.083427,0.095804,0.10852,0.1221,0.13786,0.15426,0.17294,0.19003,0.20332,0.21224,0.21556,0.2129,0.20442,0.19207,0.17941,0.16651,0.15211,0.13753,0.12417,0.111,0.09816,0.085653,0.07383,0.0624,0.051577,0.0421,0.034007,0.0275,0.022602,0.01928,0.01737,0.016402,0.016521,0.017749,0.020247,0.02482,0.03196,0.04131,0.053629,0.068945,0.089909,0.11997,0.15257,0.18455,0.21386,0.23832,0.25723,0.26872,0.27138,0.26509,0.25038,0.22834,0.20066,0.16966,0.13772,0.1077,0.080782,0.059715,0.043504,0.032438,0.026787,0.026452,0.031485,0.040723,0.052507,0.066122,0.080648,0.094674,0.10819,0.11991,0.12805,0.13068,0.12549,0.11083
0.070828,0.077148,0.081073,0.082277,0.081359,0.079126,0.07594,0.072081,0.067952,0.063748,0.059152,0.054468,0.049777,0.044992,0.040335,0.036522,0.033056,0.030037,0.027865,0.026184,0.025263,0.025275,0.026739,0.029417,0.033136,0.038022,0.04398,0.051263,0.059884,0.070338,0.083591,0.097937,0.11519,0.1321,0.14664,0.15858,0.16673,0.17047,0.1694,0.16476,0.1578,0.14925,0.13862,0.12694,0.11539,0.10327,0.091071,0.079011,0.067627,0.056709,0.046325,0.037814,0.031542,0.027209,0.024578,0.023399,0.023765,0.025416,0.028526,0.033599,0.040993,0.052071,0.066492,0.083256,0.10212,0.12263,0.1473,0.17958,0.21296,0.24523,0.27405,0.29689,0.31272,0.319,0.31479,0.3011,0.2791,0.25087,0.21836,0.18388,0.14939,0.11638,0.086423,0.063108,0.045137,0.032213,0.02371,0.019687,0.01968,0.022823,0.027804,0.033911,0.040885,0.048142,0.055997,0.063534,0.069664,0.073135,0.072693,0.067465
0.11064,0.12632,0.13652,0.14127,0.14204,0.14035,0.13699,0.13232,0.12703,0.12136,0.11515,0.10863,0.10171,0.09407,0.085937,0.07871,0.071385,0.063733,0.056413,0.048952,0.041824,0.035752,0.031412,0.028767,0.02725,0.026809,0.02749,0.029396,0.032929,0.038757,0.047568,0.058524,0.072731,0.088292,0.10323,0.11714,0.12865,0.13693,0.14114,0.14145,0.13821,0.13233,0.124,0.11419,0.10427,0.093773,0.083384,0.073359,0.064091,0.055534,0.0477,0.041713,0.038202,0.03659,0.036882,0.038678,0.042141,0.047364,0.054743,0.064752,0.077291,0.093861,0.11286,0.13156,0.14939,0.1657,0.18277,0.20319,0.22318,0.24129,0.25528,0.26405,0.26748,0.26404,0.25371,0.23765,0.21681,0.19252,0.16589,0.13905,0.11348,0.089388,0.068214,0.051848,0.038733,0.028904,0.022005,0.017689,0.015688,0.015532,0.016343,0.017832,0.019785,0.022214,0.025672,0.029629,0.033487,0.036666,0.038731,0.039462
0.12894,0.14833,0.16179,0.16921,0.17227,0.17275,0.1716,0.16936,0.16679,0.16436,0.16166,0.15873,0.15501,0.14972,0.1425,0.13475,0.1253,0.11417,0.10239,0.089451,0.075984,0.062893,0.051478,0.043141,0.036832,0.032048,0.028414,0.025925,0.024537,0.024881,0.027623,0.032325,0.039198,0.04742,0.056306,0.06613,0.075348,0.083288,0.088929,0.092151,0.092279,0.090055,0.085754,0.080129,0.074082,0.067868,0.062012,0.056598,0.051853,0.04801,0.045034,0.043233,0.042944,0.044172,0.04705,0.051516,0.057655,0.065495,0.075656,0.088711,0.10438,0.1237,0.14388,0.16183,0.1772,0.18941,0.2004,0.21175,0.22134,0.22991,0.23514,0.23619,0.23296,0.22465,0.21196,0.19551,0.17599,0.15439,0.13209,0.11114,0.09289,0.076491,0.062577,0.0517,0.042929,0.036175,0.030541,0.025776,0.021458,0.018122,0.015424,0.013361,0.011997,0.011485,0.011943,0.013163,0.014827,0.016739,0.01909,0.022585
0.1439,0.16616,0.1818,0.19102,0.19582,0.19805,0.1987,0.19835,0.19778,0.19717,0.19687,0.19719,0.19691,0.19503,0.19104,0.18593,0.17824,0.16772,0.15497,0.13968,0.12275,0.1051,0.087898,0.073221,0.059845,0.04801,0.03818,0.030086,0.023883,0.019674,0.017867,0.018859,0.021648,0.02563,0.030329,0.036063,0.042124,0.047988,0.052963,0.056552,0.057808,0.057565,0.055995,0.053436,0.050362,0.047044,0.044094,0.041663,0.039812,0.038885,0.03888,0.039494,0.041178,0.043995,0.048477,0.054719,0.062474,0.07208,0.08403,0.098499,0.11461,0.13297,0.15069,0.16522,0.17607,0.18291,0.18766,0.19105,0.19319,0.19589,0.19591,0.19228,0.18465,0.17276,0.15738,0.13964,0.12078,0.10216,0.085203,0.071607,0.062372,0.055669,0.051402,0.049025,0.04738,0.046535,0.045884,0.044453,0.041025,0.036216,0.030768,0.025189,0.020066,0.016024,0.013441,0.012207,0.011874,0.012251,0.013503,0.016907
0.14528,0.16948,0.18695,0.19825,0.20561,0.21114,0.21586,0.22038,0.22535,0.2311,0.23823,0.24687,0.2546,0.25934,0.2591,0.25542,0.24775,0.23608,0.2214,0.20344,0.18316,0.16179,0.14071,0.12223,0.10444,0.087271,0.0715,0.057539,0.045673,0.036072,0.029177,0.025457,0.023371,0.022698,0.023439,0.025418,0.027589,0.02971,0.031422,0.032726,0.032597,0.031934,0.030892,0.029447,0.027773,0.026343,0.025411,0.02523,0.025746,0.027458,0.030653,0.034548,0.039467,0.0455,0.052861,0.0615,0.071096,0.081709,0.093624,0.10699,0.12081,0.13557,0.14838,0.15682,0.16034,0.15906,0.15483,0.14823,0.14022,0.13425,0.12728,0.11826,0.107,0.093749,0.079464,0.065316,0.052547,0.042062,0.034414,0.030156,0.029827,0.031356,0.034531,0.038884,0.043809,0.048849,0.052836,0.054532,0.052634,0.047723,0.040907,0.033455,0.026265,0.020238,0.015719,0.012862,0.011374,0.010967,0.011604,0.014551
0.11981,0.13894,0.15302,0.16277,0.17034,0.17749,0.18516,0.19397,0.20458,0.21705,0.232,0.25044,0.27094,0.29069,0.30474,0.31274,0.3134,0.30655,0.29309,0.2737,0.25073,0.2267,0.20344,0.18345,0.16416,0.14507,0.12686,0.1096,0.093684,0.07937,0.06708,0.057816,0.049273,0.041836,0.03613,0.032315,0.029118,0.02628,0.023628,0.021457,0.019044,0.017131,0.015657,0.014566,0.013931,0.013927,0.014483,0.01551,0.016957,0.019394,0.023281,0.027784,0.033073,0.039586,0.047113,0.055633,0.064987,0.074888,0.085418,0.096417,0.10698,0.11746,0.12556,0.12938,0.12859,0.12343,0.11532,0.10486,0.09333,0.084744,0.076242,0.066834,0.056602,0.046007,0.035708,0.026526,0.019243,0.014449,0.012167,0.012925,0.016723,0.022384,0.029388,0.03736,0.046414,0.055259,0.062579,0.067045,0.067451,0.064054,0.057781,0.049688,0.041135,0.033307,0.027042,0.022584,0.019951,0.018858,0.019223,0.021991
0.090295,0.10274,0.11227,0.11952,0.12615,0.13353,0.14245,0.15359,0.16737,0.18365,0.20262,0.22515,0.25106,0.2793,0.30421,0.3235,0.33525,0.33873,0.33406,0.32153,0.30296,0.28072,0.25728,0.23633,0.21629,0.19692,0.17894,0.16196,0.1459,0.13024,0.11509,0.10128,0.086685,0.072133,0.058849,0.047425,0.037569,0.029349,0.022629,0.017694,0.013593,0.010566,0.0084383,0.0071826,0.0065412,0.0067798,0.007698,0.0091073,0.010922,0.013548,0.017391,0.021873,0.026839,0.032538,0.038944,0.046317,0.054286,0.062191,0.070028,0.077503,0.08385,0.089317,0.092337,0.091592,0.087008,0.079069,0.06939,0.058547,0.048091,0.041185,0.035348,0.029723,0.024195,0.018937,0.01423,0.010365,0.0074768,0.0060027,0.0061575,0.0084089,0.013466,0.021238,0.030973,0.042098,0.054238,0.065916,0.075914,0.082729,0.085283,0.083651,0.078757,0.071539,0.063216,0.05505,0.047937,0.042618,0.039159,0.037148,0.036356,0.037095
0.064421,0.072247,0.078469,0.08339,0.088122,0.093567,0.10034,0.10909,0.12025,0.13404,0.15007,0.16859,0.19027,0.21518,0.23991,0.26336,0.28343,0.2985,0.30755,0.30958,0.30575,0.29741,0.28541,0.27258,0.25847,0.24404,0.23078,0.21811,0.20573,0.19255,0.17834,0.16345,0.1463,0.12767,0.10927,0.091742,0.075333,0.060342,0.047325,0.037235,0.029025,0.02274,0.017917,0.014531,0.012286,0.011146,0.010931,0.011436,0.012423,0.014232,0.017089,0.020376,0.023929,0.028118,0.032699,0.037803,0.042891,0.047391,0.051498,0.055082,0.057663,0.059611,0.060161,0.058415,0.054488,0.048856,0.04265,0.036449,0.030899,0.027425,0.024417,0.021296,0.017854,0.014547,0.011563,0.0090632,0.0072168,0.0064051,0.0067492,0.0085479,0.01314,0.020579,0.030333,0.042359,0.055942,0.069444,0.082082,0.09216,0.098408,0.10083,0.10004,0.096894,0.092421,0.087637,0.083035,0.079113,0.075814,0.072603,0.068495,0.063568
0.048604,0.051757,0.054542,0.057255,0.060492,0.06494,0.071122,0.079688,0.091077,0.10538,0.12172,0.14004,0.1607,0.18307,0.20401,0.2225,0.23805,0.25069,0.26056,0.26671,0.27034,0.27134,0.26871,0.26392,0.25704,0.24861,0.24027,0.23235,0.22472,0.21569,0.20479,0.19189,0.17601,0.15778,0.13903,0.12043,0.10296,0.086688,0.071995,0.059811,0.049439,0.040876,0.033693,0.027823,0.023087,0.019547,0.017286,0.01617,0.015829,0.016165,0.017194,0.018444,0.019795,0.021317,0.022824,0.024409,0.025918,0.026933,0.02769,0.028254,0.028653,0.029145,0.029725,0.029834,0.029674,0.029409,0.029167,0.028945,0.028649,0.02849,0.027708,0.026332,0.024275,0.022039,0.019679,0.017423,0.015587,0.014548,0.014424,0.015333,0.018627,0.025342,0.034957,0.047669,0.062496,0.077958,0.09342,0.10697,0.11721,0.12378,0.1269,0.12752,0.12656,0.12478,0.12251,0.11994,0.1167,0.11174,0.10369,0.092223
0.037441,0.037266,0.037911,0.039101,0.040915,0.043758,0.047948,0.054017,0.062457,0.073671,0.086878,0.10198,0.11923,0.13783,0.1552,0.17024,0.18233,0.1915,0.19831,0.20221,0.20509,0.20759,0.20972,0.21205,0.21435,0.21562,0.21627,0.21605,0.21475,0.21119,0.20524,0.19673,0.18531,0.17196,0.15771,0.14307,0.12871,0.1147,0.10139,0.089476,0.078594,0.068659,0.059267,0.050707,0.043059,0.036316,0.031172,0.027643,0.02512,0.023423,0.022435,0.021728,0.020884,0.02013,0.019375,0.018644,0.018069,0.017357,0.016919,0.016789,0.016983,0.017645,0.019192,0.021411,0.024592,0.028941,0.033952,0.038775,0.043067,0.046421,0.048366,0.049266,0.048837,0.04776,0.045824,0.043261,0.040334,0.03728,0.034757,0.033075,0.034364,0.039439,0.047954,0.06013,0.075632,0.092961,0.11151,0.12887,0.1437,0.15524,0.1632,0.16829,0.1714,0.17324,0.17374,0.17282,0.16964,0.1625,0.14921,0.12909
0.02997,0.028237,0.028065,0.028628,0.029751,0.031614,0.034367,0.038326,0.043803,0.051106,0.059843,0.069793,0.081267,0.09373,0.10555,0.11624,0.12538,0.13317,0.1403,0.14593,0.15183,0.1572,0.16153,0.16539,0.16977,0.17452,0.17939,0.18376,0.18723,0.18874,0.18804,0.18495,0.17917,0.17229,0.16465,0.15612,0.14769,0.13889,0.12933,0.11942,0.10923,0.098924,0.088398,0.077959,0.068019,0.058923,0.051376,0.045148,0.040085,0.035744,0.031953,0.028467,0.025002,0.021709,0.018596,0.015831,0.013748,0.012374,0.01186,0.012128,0.01308,0.014901,0.018388,0.023941,0.032159,0.042682,0.05436,0.065793,0.075977,0.083717,0.088817,0.091861,0.09251,0.091679,0.088677,0.083651,0.076926,0.06849,0.059729,0.051685,0.046479,0.046007,0.049969,0.058095,0.069925,0.084863,0.10224,0.11981,0.13631,0.15074,0.16252,0.17206,0.17987,0.18629,0.19094,0.19328,0.1921,0.18521,0.17003,0.14605
0.029038,0.026771,0.026087,0.025961,0.02612,0.026737,0.027853,0.029684,0.032363,0.036041,0.040425,0.045502,0.051192,0.057288,0.06316,0.068688,0.073715,0.078554,0.083806,0.088859,0.095312,0.10238,0.10956,0.11698,0.12515,0.1331,0.14058,0.14726,0.15298,0.15714,0.15963,0.16025,0.15892,0.15777,0.15591,0.15302,0.14956,0.14468,0.13807,0.12982,0.12051,0.11058,0.09984,0.088859,0.078349,0.068579,0.060378,0.053499,0.048064,0.043492,0.039362,0.0356,0.031806,0.028069,0.024325,0.020902,0.018149,0.016302,0.0158,0.01649,0.018485,0.021877,0.027862,0.037503,0.051335,0.069586,0.089987,0.10981,0.12719,0.14056,0.14967,0.15506,0.15661,0.15499,0.14958,0.14058,0.12832,0.11258,0.095124,0.077706,0.063825,0.055255,0.05294,0.056506,0.065042,0.077389,0.092996,0.10984,0.12688,0.14314,0.15752,0.16974,0.18015,0.18889,0.19535,0.19894,0.19855,0.19184,0.17634,0.15145
0.032529,0.030189,0.029336,0.028652,0.028018,0.027431,0.027078,0.027034,0.027234,0.027725,0.028545,0.029667,0.03105,0.032577,0.034273,0.036139,0.03839,0.041169,0.044944,0.049431,0.055818,0.063461,0.071865,0.08106,0.091476,0.1017,0.11111,0.11939,0.12643,0.13212,0.13646,0.13971,0.14198,0.14588,0.1492,0.15116,0.15127,0.14929,0.1449,0.13826,0.12965,0.11939,0.10789,0.095917,0.084936,0.075148,0.066808,0.059756,0.054357,0.049964,0.045804,0.041938,0.038087,0.034257,0.030468,0.027091,0.024551,0.023062,0.023013,0.024566,0.027661,0.032257,0.039727,0.051933,0.070296,0.094573,0.12136,0.14772,0.17129,0.19024,0.20397,0.21261,0.21583,0.21424,0.20706,0.19437,0.1765,0.1534,0.12728,0.10071,0.077746,0.06094,0.052821,0.050602,0.054439,0.06281,0.074956,0.089559,0.10573,0.12216,0.1375,0.15126,0.16346,0.1739,0.18184,0.18667,0.18736,0.18185,0.16757,0.14413
0.040972,0.040363,0.040271,0.039593,0.038281,0.036545,0.034825,0.033065,0.031275,0.029699,0.028564,0.027865,0.027324,0.026826,0.026593,0.026744,0.027404,0.028688,0.030958,0.034133,0.03857,0.044087,0.050424,0.057666,0.066076,0.074649,0.082926,0.090766,0.098136,0.10471,0.11062,0.11608,0.12159,0.12937,0.13608,0.14056,0.14168,0.14004,0.13593,0.12968,0.12197,0.11328,0.10369,0.093767,0.084726,0.076727,0.06976,0.063665,0.059045,0.055402,0.051821,0.048459,0.045279,0.042171,0.039395,0.037325,0.036226,0.036672,0.038489,0.04159,0.046157,0.052621,0.062808,0.07844,0.099771,0.12624,0.15467,0.18244,0.20741,0.22748,0.24196,0.25081,0.25353,0.25037,0.24066,0.22463,0.2026,0.17461,0.14326,0.1116,0.083428,0.060937,0.049227,0.044226,0.045045,0.050157,0.059024,0.070748,0.084497,0.099272,0.11368,0.12725,0.13983,0.15099,0.15976,0.16548,0.16719,0.16302,0.15112,0.13066
0.050107,0.050794,0.051607,0.051382,0.050129,0.048102,0.046117,0.043859,0.041312,0.038622,0.036108,0.034014,0.032224,0.030804,0.029839,0.029383,0.029588,0.030416,0.031899,0.034138,0.037277,0.041136,0.045568,0.050709,0.056997,0.063498,0.069996,0.076316,0.082453,0.088366,0.0941,0.10053,0.1088,0.12013,0.1308,0.13905,0.14344,0.14427,0.14181,0.13678,0.13037,0.12274,0.11386,0.10425,0.094804,0.08593,0.077515,0.06972,0.063292,0.057936,0.052957,0.048767,0.045445,0.04286,0.041456,0.041614,0.043291,0.047025,0.052434,0.058807,0.066663,0.076171,0.088097,0.10412,0.12455,0.14838,0.17311,0.19707,0.21824,0.23542,0.24779,0.2551,0.25677,0.25247,0.24176,0.22464,0.20127,0.17196,0.13959,0.10774,0.08021,0.058355,0.046409,0.040887,0.040685,0.044494,0.051585,0.061418,0.0733,0.086404,0.09981,0.11278,0.12486,0.13571,0.14418,0.14964,0.15115,0.14713,0.13589,0.11693
0.063231,0.066406,0.068831,0.069513,0.068704,0.066672,0.064491,0.061881,0.058591,0.054804,0.05101,0.047413,0.04401,0.041065,0.038752,0.037192,0.036442,0.036295,0.036696,0.03774,0.039158,0.041104,0.043437,0.046274,0.049793,0.053708,0.057657,0.06181,0.066299,0.071077,0.076275,0.082484,0.090802,0.10189,0.11254,0.1215,0.12743,0.13041,0.13066,0.12851,0.12484,0.11972,0.1132,0.1057,0.09807,0.090914,0.083953,0.077393,0.071777,0.067058,0.062751,0.059871,0.058441,0.058128,0.059299,0.062525,0.067547,0.074954,0.083948,0.093841,0.10459,0.11585,0.1279,0.14144,0.15641,0.17187,0.1868,0.20043,0.21214,0.22118,0.22715,0.22942,0.22779,0.22161,0.21047,0.19443,0.17377,0.14881,0.12206,0.096723,0.07598,0.058926,0.048182,0.042058,0.040086,0.041757,0.0459,0.051922,0.059629,0.068428,0.077594,0.086424,0.094766,0.10238,0.10851,0.11253,0.1137,0.11093,0.10305,0.090079
0.07969,0.087988,0.094483,0.098058,0.099161,0.09845,0.09722,0.095241,0.092037,0.087666,0.082553,0.076927,0.071233,0.066039,0.0618,0.058657,0.056726,0.055736,0.055414,0.0557,0.055867,0.05601,0.05597,0.055826,0.055857,0.05634,0.057097,0.058197,0.059876,0.062036,0.064904,0.069044,0.075565,0.084439,0.09386,0.10244,0.10885,0.11313,0.11539,0.11562,0.11463,0.11248,0.10916,0.1048,0.10005,0.095263,0.090081,0.084915,0.080178,0.076131,0.072741,0.070716,0.070535,0.071831,0.074898,0.080502,0.088694,0.099471,0.11191,0.12443,0.13621,0.1467,0.15593,0.16435,0.17179,0.17783,0.18319,0.188,0.19204,0.19441,0.19506,0.19307,0.18778,0.17885,0.16638,0.15067,0.1323,0.112,0.092223,0.075733,0.063781,0.054717,0.049207,0.046104,0.044769,0.04563,0.047852,0.051388,0.056494,0.062612,0.068981,0.074971,0.080524,0.085519,0.089329,0.091483,0.091492,0.088565,0.082324,0.07337
0.079541,0.086764,0.092669,0.09651,0.09844,0.099081,0.099279,0.099005,0.097798,0.095651,0.092914,0.089752,0.086394,0.083798,0.081935,0.081002,0.080616,0.080705,0.081189,0.081972,0.082223,0.082139,0.081462,0.080085,0.078263,0.076379,0.074752,0.073482,0.072811,0.072734,0.073477,0.075674,0.079804,0.084878,0.090176,0.09472,0.097665,0.099468,0.10016,0.099712,0.098878,0.097458,0.095422,0.093216,0.090834,0.088117,0.085084,0.081853,0.078492,0.075163,0.071996,0.069837,0.069397,0.070489,0.073004,0.07845,0.087394,0.098841,0.11174,0.12466,0.13656,0.14669,0.15475,0.16085,0.16502,0.16695,0.1677,0.1678,0.16718,0.16544,0.16245,0.15793,0.1515,0.14294,0.13245,0.12039,0.10733,0.093724,0.081583,0.072076,0.06693,0.064451,0.063713,0.064158,0.064635,0.065529,0.066758,0.068303,0.070434,0.07287,0.075677,0.078313,0.080651,0.082595,0.083666,0.083526,0.081755,0.077813,0.071547,0.064102
0.07625,0.082071,0.08766,0.092009,0.095463,0.098476,0.10132,0.10422,0.10652,0.10795,0.1086,0.10861,0.1083,0.10836,0.10868,0.10938,0.11004,0.11045,0.11057,0.11031,0.10904,0.10718,0.10478,0.10153,0.097722,0.093975,0.090711,0.088003,0.085824,0.084106,0.082343,0.081183,0.081058,0.080996,0.081497,0.082419,0.08287,0.083028,0.083092,0.083043,0.08292,0.082753,0.082647,0.082418,0.081868,0.080858,0.079041,0.076782,0.073978,0.070915,0.068106,0.066234,0.065788,0.066432,0.068107,0.072401,0.080293,0.090957,0.10291,0.11479,0.12555,0.13441,0.14128,0.14606,0.14866,0.14896,0.14795,0.14605,0.14342,0.13948,0.13466,0.129,0.12218,0.11455,0.10612,0.097378,0.089042,0.081396,0.075561,0.072161,0.072001,0.073772,0.076086,0.078524,0.079734,0.080172,0.079951,0.079425,0.079283,0.079756,0.08075,0.081585,0.082241,0.08254,0.082061,0.080629,0.077874,0.073433,0.067385,0.060968
0.076011,0.080832,0.085881,0.089665,0.092669,0.095598,0.098725,0.10244,0.10674,0.11151,0.11639,0.12152,0.12674,0.13212,0.13721,0.14193,0.14564,0.14828,0.14962,0.14966,0.14795,0.14492,0.14103,0.13638,0.1307,0.12457,0.11856,0.11287,0.10773,0.10312,0.098775,0.095194,0.092289,0.089224,0.087129,0.085824,0.084617,0.08366,0.082814,0.081986,0.081309,0.080683,0.080291,0.079739,0.07869,0.077203,0.075436,0.073537,0.071649,0.069644,0.067715,0.065758,0.064289,0.064184,0.065498,0.069593,0.077105,0.08668,0.096811,0.1067,0.11567,0.12327,0.12912,0.13322,0.13529,0.13508,0.13293,0.1293,0.12434,0.11833,0.11194,0.10517,0.09826,0.091501,0.085186,0.079957,0.076524,0.075248,0.076562,0.079967,0.085033,0.090747,0.095251,0.098456,0.099517,0.09918,0.09781,0.095841,0.0937,0.092012,0.091165,0.090722,0.090293,0.089748,0.088897,0.087423,0.084828,0.08049,0.074496,0.068617
0.07359,0.082032,0.089728,0.095398,0.099774,0.10363,0.10753,0.11205,0.11752,0.12457,0.13201,0.1394,0.1464,0.15274,0.1579,0.16131,0.16289,0.16218,0.15946,0.1548,0.1485,0.14133,0.13406,0.12629,0.118,0.10934,0.10024,0.091043,0.082057,0.073612,0.066291,0.060435,0.055473,0.051615,0.048545,0.046277,0.044402,0.042977,0.042287,0.042218,0.04292,0.044561,0.046861,0.049921,0.053469,0.057153,0.0609,0.064656,0.068432,0.072265,0.075906,0.07942,0.083016,0.086588,0.090027,0.093041,0.095026,0.096284,0.09749,0.09905,0.10061,0.10199,0.10305,0.10408,0.10493,0.10581,0.10677,0.10799,0.10971,0.11165,0.11401,0.11662,0.11886,0.12032,0.12089,0.12077,0.12026,0.12004,0.12024,0.12076,0.12122,0.12176,0.12193,0.12152,0.12057,0.11909,0.11701,0.11444,0.11191,0.10936,0.10654,0.10344,0.10008,0.096604,0.093073,0.089454,0.085581,0.080994,0.075402,0.070354
0.059589,0.067241,0.074744,0.081111,0.086904,0.092655,0.099143,0.1068,0.11644,0.12959,0.14484,0.16184,0.17972,0.19788,0.2153,0.23063,0.24339,0.25245,0.25735,0.25733,0.25217,0.24216,0.22846,0.21047,0.19018,0.16892,0.14811,0.1291,0.11215,0.097412,0.086148,0.077355,0.069832,0.06358,0.058053,0.052903,0.047597,0.04229,0.037435,0.033374,0.031165,0.030295,0.030476,0.031355,0.032777,0.034488,0.036393,0.038524,0.041052,0.043944,0.046959,0.049814,0.05257,0.055149,0.057685,0.060134,0.062204,0.064075,0.066072,0.068755,0.071508,0.074078,0.076451,0.078583,0.080352,0.08193,0.083432,0.084835,0.086276,0.087623,0.088983,0.090576,0.091997,0.092759,0.092864,0.092341,0.09137,0.090738,0.090591,0.09073,0.090909,0.091131,0.091179,0.090701,0.089795,0.088499,0.086544,0.084058,0.081477,0.078829,0.075957,0.072872,0.06961,0.066291,0.063128,0.060118,0.057167,0.054103,0.051171,0.050319
0.05325,0.059203,0.065418,0.070869,0.075957,0.081102,0.086945,0.09418,0.10333,0.11651,0.13293,0.15237,0.17395,0.19742,0.22199,0.24538,0.2663,0.28354,0.29632,0.30351,0.30452,0.29939,0.28874,0.2722,0.25165,0.22798,0.20285,0.17854,0.15716,0.13999,0.12707,0.11738,0.10903,0.10136,0.093339,0.08454,0.074643,0.064147,0.053803,0.044321,0.038223,0.034114,0.031831,0.030605,0.030286,0.03058,0.031182,0.032059,0.033209,0.034695,0.03634,0.037893,0.039333,0.0407,0.042127,0.043541,0.044887,0.046313,0.047941,0.050163,0.05225,0.054157,0.055697,0.056984,0.058117,0.059337,0.060719,0.062363,0.06437,0.066534,0.069045,0.071597,0.073608,0.074709,0.07498,0.074308,0.073137,0.072057,0.071096,0.070308,0.069567,0.068865,0.067995,0.066708,0.065186,0.063384,0.06128,0.059076,0.057142,0.055418,0.053773,0.052083,0.050309,0.048431,0.046594,0.04487,0.043288,0.041858,0.040869,0.042162
0.048997,0.053115,0.057193,0.0607,0.063815,0.066864,0.07046,0.074925,0.080826,0.089346,0.10124,0.11713,0.13692,0.16033,0.18695,0.21383,0.23974,0.26324,0.28321,0.29844,0.30831,0.31254,0.31168,0.30562,0.29547,0.28183,0.26562,0.24792,0.23037,0.21441,0.20092,0.18971,0.17952,0.16947,0.15774,0.14369,0.12704,0.1085,0.089469,0.071357,0.05825,0.048397,0.04159,0.036492,0.032826,0.030308,0.028477,0.027155,0.026255,0.025685,0.025152,0.024862,0.024643,0.02454,0.024582,0.024697,0.025187,0.026069,0.027646,0.03021,0.033316,0.036714,0.039865,0.04283,0.045589,0.048212,0.050724,0.053141,0.055483,0.057517,0.059578,0.061377,0.062714,0.063121,0.062783,0.061421,0.059565,0.057675,0.055542,0.05329,0.051058,0.049019,0.047137,0.045219,0.043459,0.041725,0.039866,0.038175,0.036955,0.036294,0.036091,0.036085,0.03598,0.035752,0.035536,0.035293,0.035061,0.034921,0.035337,0.037936
0.061524,0.067891,0.073004,0.076658,0.07936,0.081559,0.083616,0.085671,0.088151,0.091776,0.097087,0.10458,0.1152,0.13014,0.14932,0.16968,0.19009,0.20933,0.22655,0.24086,0.25146,0.25831,0.2624,0.26411,0.264,0.26247,0.25946,0.25597,0.25247,0.24947,0.24651,0.24275,0.23657,0.22773,0.2152,0.19876,0.17888,0.15585,0.13147,0.10733,0.088762,0.074053,0.063068,0.054357,0.047707,0.043043,0.039555,0.03695,0.035065,0.033692,0.032453,0.031282,0.030059,0.029054,0.028233,0.027595,0.027875,0.028915,0.030705,0.033132,0.035987,0.039074,0.042171,0.045165,0.048024,0.050644,0.052988,0.054936,0.056371,0.057299,0.057897,0.058092,0.057745,0.056775,0.055348,0.053293,0.050904,0.0482,0.045141,0.041955,0.038987,0.036374,0.033931,0.031822,0.030111,0.02873,0.027673,0.027022,0.02694,0.027465,0.028434,0.029634,0.030735,0.031787,0.032677,0.033363,0.033919,0.034552,0.035591,0.03882
0.085689,0.097188,0.10456,0.10807,0.1087,0.10741,0.10518,0.10214,0.098895,0.09579,0.093446,0.09262,0.09423,0.099863,0.11021,0.12267,0.13605,0.14935,0.16153,0.1721,0.18068,0.18736,0.19355,0.20005,0.20679,0.21404,0.22168,0.22992,0.2387,0.24806,0.25672,0.26334,0.26561,0.26271,0.25407,0.23973,0.22055,0.19752,0.17246,0.14717,0.1257,0.10756,0.092724,0.080196,0.070078,0.062543,0.056642,0.052035,0.04851,0.045575,0.042696,0.039828,0.036986,0.034376,0.032097,0.030512,0.030572,0.031695,0.033659,0.036288,0.039307,0.042734,0.046341,0.049922,0.053421,0.056775,0.059935,0.062766,0.064916,0.066152,0.066529,0.065918,0.064353,0.061774,0.058621,0.055127,0.051345,0.047129,0.042497,0.037717,0.033192,0.029495,0.026575,0.024603,0.023456,0.022816,0.022479,0.022523,0.022983,0.023926,0.025391,0.026965,0.028442,0.029918,0.031268,0.032571,0.033821,0.035033,0.036705,0.040295
0.11239,0.12994,0.141,0.14556,0.14517,0.14128,0.13495,0.12659,0.11679,0.10601,0.095325,0.085579,0.07783,0.073284,0.073221,0.076535,0.082033,0.088849,0.096318,0.10386,0.11094,0.11758,0.12471,0.13339,0.14325,0.15469,0.16791,0.18272,0.19907,0.21656,0.23342,0.24859,0.25963,0.2656,0.2656,0.2593,0.2475,0.2309,0.21056,0.18827,0.16758,0.14876,0.13231,0.11781,0.10559,0.096022,0.087946,0.080983,0.07492,0.069159,0.063242,0.05718,0.050933,0.045193,0.040255,0.03663,0.035429,0.035481,0.036813,0.039378,0.042907,0.047472,0.053182,0.059061,0.064758,0.069893,0.07409,0.077146,0.078875,0.079155,0.078397,0.076643,0.074072,0.070777,0.066889,0.063015,0.058932,0.054363,0.049015,0.043414,0.037922,0.033335,0.029533,0.026534,0.024386,0.022924,0.021961,0.021396,0.021185,0.021589,0.022492,0.023732,0.025036,0.026556,0.028017,0.029394,0.030669,0.031935,0.033816,0.038009
0.14929,0.17367,0.18879,0.19458,0.19316,0.18674,0.17692,0.16423,0.14943,0.13303,0.11625,0.1004,0.086581,0.075952,0.069246,0.065365,0.063378,0.063214,0.064054,0.065676,0.067701,0.069891,0.073078,0.078143,0.084617,0.09314,0.10381,0.11652,0.131,0.14731,0.16373,0.17932,0.19232,0.20197,0.2076,0.20882,0.20585,0.1993,0.18971,0.17791,0.16561,0.15374,0.14229,0.13128,0.12109,0.11223,0.10411,0.096639,0.089607,0.08258,0.075225,0.067929,0.060714,0.054353,0.049081,0.045974,0.045781,0.047441,0.050997,0.056368,0.062694,0.070551,0.080112,0.089573,0.098243,0.10543,0.11067,0.11371,0.11428,0.11254,0.10899,0.10385,0.097331,0.08988,0.082229,0.075865,0.069679,0.063145,0.055979,0.048669,0.04179,0.036294,0.032186,0.029522,0.027868,0.026793,0.02599,0.02538,0.02516,0.025534,0.026426,0.027573,0.028846,0.03014,0.031161,0.031845,0.032318,0.032717,0.033743,0.036774
0.18084,0.2077,0.22376,0.22938,0.22712,0.21951,0.20817,0.19367,0.17669,0.15769,0.13773,0.11842,0.10084,0.085833,0.074127,0.065278,0.058629,0.054489,0.051666,0.050109,0.049467,0.049766,0.051112,0.053653,0.057222,0.061909,0.067901,0.075378,0.084559,0.095315,0.10685,0.11887,0.13022,0.13992,0.14726,0.15185,0.15378,0.15387,0.1521,0.14884,0.14476,0.1406,0.1361,0.13117,0.12582,0.12042,0.11437,0.10767,0.10031,0.091941,0.082527,0.073034,0.063838,0.05624,0.050892,0.049145,0.050743,0.05469,0.060512,0.068232,0.077734,0.089443,0.10328,0.11639,0.12821,0.13767,0.14397,0.14688,0.14613,0.14177,0.13449,0.125,0.11381,0.10187,0.090453,0.081637,0.073385,0.065457,0.057437,0.049871,0.043154,0.037767,0.03386,0.031755,0.030787,0.030252,0.02989,0.029588,0.029516,0.029766,0.030202,0.030713,0.031263,0.031891,0.032394,0.032726,0.03282,0.032677,0.033013,0.034968
0.20685,0.23405,0.24909,0.25305,0.24899,0.23983,0.22728,0.21218,0.1952,0.17667,0.15734,0.13826,0.11976,0.10241,0.087052,0.07373,0.062427,0.053999,0.047318,0.042489,0.039331,0.038093,0.038216,0.039363,0.041427,0.044323,0.048029,0.052362,0.057477,0.063361,0.069678,0.076635,0.083788,0.091013,0.097788,0.10348,0.10831,0.11273,0.11613,0.11858,0.12029,0.12178,0.12281,0.12289,0.12186,0.11969,0.11583,0.11059,0.10379,0.095209,0.085067,0.074522,0.064294,0.056118,0.051056,0.050566,0.054119,0.061017,0.070427,0.082239,0.096712,0.11387,0.13314,0.15093,0.16603,0.17722,0.18326,0.18391,0.1788,0.1683,0.15363,0.13604,0.11714,0.098609,0.082633,0.071826,0.063009,0.055616,0.049177,0.043625,0.038845,0.035248,0.03338,0.033579,0.034883,0.036571,0.038209,0.039564,0.04066,0.041448,0.041886,0.041905,0.041481,0.040906,0.040176,0.03934,0.038384,0.037113,0.036024,0.0364
0.20452,0.23162,0.24738,0.25265,0.25074,0.24453,0.23589,0.22524,0.21304,0.19899,0.18355,0.16745,0.15083,0.13386,0.11693,0.10028,0.084848,0.072311,0.062214,0.054526,0.048882,0.045513,0.043849,0.043163,0.043093,0.043449,0.04419,0.045341,0.046851,0.048473,0.049951,0.051527,0.053006,0.054491,0.056251,0.058051,0.060055,0.062776,0.065833,0.068949,0.071995,0.075062,0.077892,0.080127,0.081733,0.082468,0.081843,0.079947,0.076735,0.072031,0.065994,0.059708,0.054155,0.05087,0.050266,0.053858,0.061244,0.071902,0.085435,0.10158,0.12172,0.14543,0.17057,0.1929,0.21038,0.22139,0.2249,0.22052,0.20877,0.19078,0.16827,0.14317,0.11817,0.09516,0.076547,0.06405,0.054107,0.04621,0.040067,0.035092,0.031385,0.029258,0.029115,0.030741,0.033396,0.03648,0.039731,0.042676,0.045103,0.0469,0.048088,0.04854,0.048401,0.04801,0.047399,0.046607,0.04543,0.043721,0.041969,0.041033
0.20087,0.23132,0.25013,0.25804,0.25867,0.25549,0.25042,0.24417,0.23708,0.22885,0.21957,0.2087,0.19526,0.17936,0.16133,0.14208,0.12323,0.1068,0.092439,0.080852,0.072189,0.066798,0.063274,0.060271,0.057594,0.054812,0.05198,0.049069,0.046246,0.043411,0.040462,0.03766,0.03501,0.032714,0.031173,0.030255,0.030066,0.031282,0.033684,0.037164,0.040997,0.045164,0.049221,0.052693,0.055266,0.056896,0.057445,0.056991,0.055341,0.052433,0.0486,0.044526,0.041668,0.040954,0.042719,0.048095,0.05656,0.067507,0.08119,0.09716,0.11783,0.14249,0.16791,0.19032,0.20795,0.21905,0.22211,0.21599,0.20166,0.1805,0.15437,0.12581,0.098542,0.074947,0.057135,0.045397,0.036438,0.02965,0.024895,0.021644,0.020303,0.021,0.023816,0.028303,0.033712,0.040083,0.047192,0.053992,0.06006,0.064972,0.068292,0.069999,0.070433,0.07031,0.069782,0.068864,0.0673,0.064648,0.060743,0.056002
0.16685,0.19322,0.21,0.21776,0.21989,0.21925,0.21754,0.21557,0.21353,0.21119,0.20888,0.20599,0.20116,0.19375,0.18307,0.16941,0.1542,0.13974,0.12678,0.11656,0.10935,0.10577,0.10427,0.10301,0.10162,0.099301,0.095748,0.090951,0.085125,0.078211,0.070527,0.062627,0.054906,0.047962,0.042143,0.037315,0.033064,0.029892,0.027973,0.027082,0.027128,0.027975,0.0293,0.030793,0.032108,0.033206,0.033907,0.03417,0.033976,0.033497,0.032731,0.032282,0.033397,0.03667,0.043113,0.051806,0.062356,0.074396,0.087796,0.10252,0.12169,0.14432,0.16654,0.18504,0.1983,0.20471,0.20332,0.19325,0.17589,0.15306,0.12671,0.099922,0.076573,0.057747,0.043647,0.034236,0.027099,0.021717,0.018133,0.016109,0.015523,0.016463,0.019194,0.023312,0.028632,0.035256,0.043646,0.052652,0.061247,0.069076,0.075546,0.080245,0.08343,0.085631,0.08702,0.08755,0.086588,0.083561,0.077841,0.06944
0.11909,0.13845,0.15142,0.15828,0.16142,0.16305,0.1645,0.16625,0.1687,0.17206,0.17729,0.18329,0.18866,0.19205,0.19255,0.1898,0.18474,0.17877,0.17245,0.16727,0.16385,0.16314,0.16405,0.16447,0.1641,0.16175,0.15697,0.14956,0.13952,0.12695,0.11263,0.09752,0.082398,0.068838,0.057824,0.048899,0.041068,0.034485,0.029215,0.024811,0.021543,0.019307,0.01788,0.017219,0.017267,0.01787,0.018926,0.020297,0.021879,0.023753,0.025893,0.02845,0.03283,0.039063,0.047131,0.055972,0.065037,0.074118,0.083582,0.093115,0.10667,0.12282,0.1377,0.14881,0.15508,0.15591,0.15121,0.13984,0.12376,0.10536,0.086307,0.068254,0.053692,0.042532,0.034377,0.028428,0.023736,0.020107,0.017589,0.015975,0.015682,0.016824,0.019428,0.022916,0.027727,0.033929,0.042904,0.053652,0.065,0.076261,0.086327,0.094855,0.10175,0.10727,0.11156,0.11443,0.11468,0.11134,0.10308,0.089373
0.090632,0.10454,0.11394,0.11902,0.12164,0.12357,0.12583,0.12894,0.13335,0.13906,0.14709,0.15651,0.16609,0.17475,0.18177,0.18693,0.1906,0.19393,0.19681,0.19977,0.20326,0.20822,0.21381,0.21773,0.21985,0.21893,0.21456,0.20647,0.19477,0.1796,0.16191,0.14289,0.12363,0.10585,0.090824,0.07805,0.066377,0.05588,0.046849,0.038669,0.031847,0.02668,0.022693,0.019649,0.017309,0.015705,0.01489,0.014966,0.015799,0.017412,0.019734,0.022606,0.027149,0.032758,0.038984,0.044998,0.050379,0.055207,0.060136,0.065209,0.073663,0.083923,0.093086,0.099505,0.10289,0.10296,0.1002,0.093971,0.085952,0.076991,0.067049,0.057158,0.049079,0.043064,0.037776,0.033043,0.02855,0.024275,0.020231,0.016957,0.015192,0.015135,0.016747,0.019523,0.023431,0.029044,0.038009,0.050038,0.064205,0.078997,0.093273,0.10603,0.11695,0.12595,0.13322,0.13838,0.13993,0.13661,0.1266,0.10903
0.057726,0.064225,0.068955,0.071778,0.073643,0.075433,0.077726,0.080885,0.085196,0.090793,0.098433,0.10728,0.11653,0.12555,0.13408,0.14204,0.14987,0.15906,0.16936,0.18096,0.19442,0.21005,0.22714,0.24258,0.25588,0.2653,0.26978,0.26881,0.26213,0.24939,0.23164,0.20977,0.18526,0.16098,0.13938,0.12022,0.10238,0.086037,0.07128,0.057922,0.047351,0.039312,0.032715,0.027614,0.023841,0.021069,0.019317,0.018504,0.018467,0.019074,0.020444,0.022311,0.025147,0.028141,0.030966,0.033147,0.034539,0.035408,0.03623,0.037225,0.040789,0.04647,0.052662,0.05749,0.061094,0.063346,0.065034,0.066196,0.066115,0.065,0.063181,0.061185,0.060409,0.060662,0.059901,0.057384,0.053175,0.047778,0.041329,0.034712,0.029698,0.026591,0.024889,0.02425,0.025028,0.027475,0.033736,0.043767,0.058429,0.075519,0.093015,0.10964,0.12465,0.13742,0.14798,0.15565,0.1588,0.15589,0.14459,0.12354
0.036364,0.037997,0.039772,0.040872,0.041624,0.042359,0.043379,0.044947,0.047256,0.050457,0.05509,0.06073,0.066861,0.073146,0.079496,0.08611,0.093815,0.1038,0.11622,0.13138,0.14994,0.17218,0.19765,0.22247,0.2452,0.26418,0.27821,0.28678,0.28938,0.28566,0.27652,0.26204,0.24324,0.22177,0.19954,0.17702,0.15449,0.13288,0.1124,0.093042,0.077518,0.065348,0.054812,0.046143,0.039404,0.033971,0.029851,0.026684,0.024313,0.022623,0.021962,0.022048,0.022861,0.023583,0.024201,0.024386,0.024001,0.023217,0.022622,0.022271,0.023545,0.026257,0.030175,0.034163,0.03831,0.042879,0.048898,0.05689,0.06496,0.073347,0.082143,0.090137,0.097405,0.10371,0.10662,0.10552,0.10061,0.0926,0.081864,0.069606,0.058052,0.049004,0.042174,0.037452,0.034731,0.034265,0.037231,0.044207,0.056148,0.071826,0.089248,0.10692,0.12373,0.13845,0.1508,0.15993,0.16415,0.16193,0.1507,0.12906
0.025181,0.023317,0.023028,0.023107,0.023285,0.023569,0.02401,0.024647,0.025659,0.02713,0.029281,0.032064,0.035128,0.038359,0.041859,0.045763,0.05054,0.057076,0.066052,0.077517,0.092309,0.11065,0.13277,0.1556,0.1778,0.19811,0.21546,0.22938,0.23963,0.24578,0.2489,0.24802,0.24353,0.23497,0.22276,0.20713,0.18851,0.16863,0.14865,0.12911,0.11332,0.10031,0.088312,0.07768,0.06877,0.060727,0.053534,0.046968,0.04129,0.036033,0.031451,0.027626,0.024174,0.020942,0.01813,0.015655,0.013532,0.011812,0.010831,0.010788,0.011801,0.014247,0.01842,0.023949,0.030982,0.039636,0.051748,0.069664,0.090554,0.11316,0.13594,0.15584,0.17199,0.18457,0.19113,0.19118,0.185,0.17322,0.15647,0.13637,0.11549,0.096423,0.079406,0.06522,0.053926,0.045736,0.041319,0.041836,0.048029,0.058603,0.072022,0.086729,0.10151,0.11494,0.12666,0.13577,0.14095,0.14083,0.13307,0.11618
0.026984,0.023453,0.022082,0.021411,0.02095,0.020648,0.020488,0.020463,0.02071,0.021294,0.022274,0.023567,0.025007,0.026503,0.0282,0.030372,0.033192,0.037083,0.04246,0.04938,0.058858,0.071339,0.087087,0.10378,0.1206,0.13673,0.15131,0.1641,0.17479,0.18323,0.19068,0.19607,0.20029,0.20163,0.19889,0.19198,0.18074,0.16653,0.15052,0.13373,0.11971,0.10786,0.096773,0.08689,0.078688,0.070931,0.063328,0.055775,0.048617,0.04154,0.034866,0.029172,0.024095,0.019723,0.016555,0.014316,0.012907,0.012327,0.012837,0.014556,0.017557,0.022292,0.029472,0.038209,0.049224,0.063005,0.082556,0.11157,0.14371,0.17609,0.20665,0.23237,0.25225,0.26607,0.27175,0.26915,0.25868,0.24151,0.21865,0.19204,0.16367,0.13642,0.11065,0.088634,0.069964,0.055108,0.045118,0.040673,0.041981,0.047708,0.05638,0.066732,0.078077,0.089091,0.099526,0.10836,0.11436,0.11622,0.1118,0.099805
0.0339,0.030817,0.028978,0.027358,0.025778,0.024157,0.022608,0.021124,0.01992,0.019204,0.018823,0.018825,0.018995,0.019315,0.019741,0.020545,0.02177,0.023609,0.026398,0.030228,0.035543,0.042514,0.05169,0.062062,0.07315,0.084252,0.094959,0.10513,0.11455,0.12324,0.13258,0.14108,0.1497,0.15654,0.16053,0.16112,0.15807,0.1518,0.14311,0.13242,0.12224,0.11237,0.10185,0.091595,0.082805,0.074071,0.065237,0.056241,0.047762,0.039679,0.032408,0.026835,0.022219,0.018804,0.016605,0.015554,0.015434,0.016154,0.018215,0.022273,0.028621,0.037901,0.049765,0.062892,0.078032,0.095809,0.11927,0.15262,0.1892,0.22632,0.26204,0.29375,0.31959,0.33777,0.34553,0.3422,0.32797,0.30447,0.27406,0.23954,0.20349,0.16845,0.13534,0.10719,0.082923,0.062757,0.047706,0.038831,0.035469,0.036987,0.041617,0.048088,0.055545,0.063032,0.0704,0.076879,0.081726,0.083936,0.082321,0.075895
0.051657,0.052352,0.052635,0.051743,0.049816,0.047223,0.044231,0.041088,0.038232,0.035873,0.033807,0.032248,0.030946,0.029641,0.028361,0.027578,0.027016,0.026559,0.026427,0.026596,0.027443,0.029203,0.032239,0.035987,0.04041,0.045331,0.050558,0.056273,0.062531,0.069395,0.078003,0.086977,0.097296,0.10713,0.11516,0.1209,0.12362,0.12351,0.12048,0.11499,0.10837,0.10093,0.09218,0.082957,0.074611,0.066011,0.057205,0.048376,0.040405,0.033422,0.027645,0.023976,0.021685,0.020553,0.020716,0.022086,0.02488,0.029162,0.035561,0.044908,0.056876,0.072637,0.090611,0.10871,0.12751,0.14698,0.17073,0.20378,0.24046,0.27874,0.31521,0.3459,0.36854,0.38113,0.38208,0.37175,0.35118,0.32221,0.28777,0.25084,0.21337,0.17623,0.14117,0.11115,0.084761,0.062405,0.045018,0.033317,0.026579,0.024686,0.025504,0.028316,0.032465,0.03708,0.041943,0.046562,0.05043,0.052778,0.053106,0.051328
0.074123,0.079608,0.083074,0.084162,0.083416,0.081648,0.079272,0.076536,0.074063,0.071976,0.069929,0.068098,0.066022,0.063349,0.060347,0.057536,0.054312,0.050533,0.046649,0.042586,0.038665,0.035469,0.033484,0.032952,0.033119,0.033728,0.034794,0.036331,0.038468,0.041458,0.046333,0.052484,0.060529,0.069069,0.076666,0.083193,0.087407,0.089094,0.087896,0.084522,0.07969,0.073866,0.066958,0.059614,0.053019,0.04649,0.040343,0.034845,0.030454,0.027268,0.025256,0.025035,0.026207,0.029055,0.033774,0.040301,0.048851,0.059458,0.072989,0.08997,0.10957,0.13217,0.15522,0.17629,0.19572,0.21379,0.23416,0.26085,0.28909,0.31626,0.33806,0.35222,0.35793,0.35438,0.34189,0.32186,0.29619,0.26659,0.23486,0.20319,0.17258,0.14269,0.11494,0.091576,0.071144,0.053994,0.040278,0.03032,0.023416,0.019822,0.017875,0.017075,0.017373,0.018515,0.020465,0.022718,0.024958,0.026861,0.028378,0.030153
0.093019,0.10364,0.11097,0.11485,0.11634,0.11661,0.11631,0.11582,0.11563,0.1159,0.11623,0.11667,0.11649,0.11496,0.1119,0.10822,0.10305,0.09617,0.088231,0.079075,0.069184,0.059223,0.050158,0.04327,0.037665,0.033419,0.03051,0.028591,0.027683,0.027865,0.029671,0.032772,0.036956,0.041419,0.045702,0.050034,0.053544,0.055843,0.056507,0.056132,0.054271,0.051387,0.047677,0.043729,0.040339,0.037407,0.035258,0.034151,0.034242,0.035778,0.038798,0.043142,0.048728,0.056109,0.065245,0.076236,0.088977,0.10362,0.12114,0.14132,0.16273,0.18628,0.20901,0.22821,0.24372,0.25543,0.26535,0.27578,0.28364,0.28936,0.29069,0.28709,0.2785,0.26491,0.24691,0.22604,0.20344,0.1796,0.15526,0.13209,0.11122,0.091835,0.074717,0.060985,0.049519,0.040293,0.03242,0.025825,0.020311,0.016375,0.013428,0.011572,0.01065,0.01058,0.011421,0.012796,0.014321,0.015856,0.017697,0.020791
0.10075,0.11363,0.1227,0.12777,0.13009,0.13104,0.13136,0.13153,0.13232,0.13371,0.13588,0.13896,0.14158,0.14308,0.14254,0.14065,0.13699,0.13118,0.12352,0.11406,0.10317,0.091479,0.079872,0.0697,0.059999,0.050843,0.042615,0.03563,0.030042,0.026014,0.023704,0.023063,0.023442,0.024525,0.025902,0.027686,0.029536,0.031521,0.03302,0.034161,0.03418,0.033594,0.032613,0.03144,0.030566,0.030071,0.030263,0.031367,0.033416,0.036865,0.041825,0.048077,0.055781,0.065489,0.077207,0.090894,0.10623,0.12289,0.1413,0.16112,0.18115,0.20208,0.22121,0.23594,0.24599,0.251,0.25246,0.25203,0.24969,0.24799,0.24436,0.23789,0.22823,0.21501,0.19834,0.17901,0.15798,0.13621,0.11507,0.096168,0.081159,0.068651,0.058931,0.051928,0.046491,0.042308,0.038828,0.035417,0.0311,0.026561,0.022022,0.017919,0.014522,0.012193,0.010917,0.010423,0.010566,0.011243,0.012939,0.016776
0.10181,0.11577,0.12591,0.13248,0.13687,0.14055,0.14421,0.14836,0.15332,0.15933,0.1665,0.17507,0.18349,0.19084,0.19544,0.1976,0.19651,0.192,0.18452,0.17417,0.1618,0.14836,0.1347,0.1222,0.10944,0.096483,0.08387,0.071655,0.060573,0.051164,0.043742,0.038654,0.03427,0.03112,0.028962,0.027701,0.026695,0.025792,0.024741,0.023993,0.022852,0.021878,0.021274,0.0211,0.0213,0.02215,0.023761,0.026461,0.030141,0.035761,0.043924,0.053896,0.065655,0.079402,0.094858,0.11159,0.12904,0.1465,0.16415,0.18166,0.19791,0.21332,0.22503,0.23091,0.23073,0.22458,0.21434,0.20131,0.18735,0.17678,0.1667,0.15556,0.14289,0.12845,0.1127,0.096436,0.08041,0.065465,0.052554,0.042579,0.036485,0.032917,0.031627,0.032072,0.033544,0.035576,0.037365,0.037989,0.036474,0.032868,0.027806,0.022575,0.017891,0.014136,0.011472,0.0098451,0.0090401,0.0088908,0.0099481,0.01408
0.077611,0.087177,0.094606,0.10007,0.10484,0.11009,0.11632,0.12409,0.1336,0.14472,0.15762,0.17246,0.18789,0.20378,0.21773,0.2291,0.23716,0.24108,0.24065,0.23583,0.22746,0.21732,0.20605,0.19553,0.18421,0.17143,0.15748,0.14236,0.12695,0.11189,0.097737,0.08553,0.073196,0.061633,0.051623,0.04338,0.036456,0.030666,0.02572,0.022101,0.019123,0.016904,0.015485,0.015005,0.015458,0.017064,0.019603,0.023283,0.027868,0.034747,0.044893,0.057098,0.070742,0.086174,0.10256,0.1196,0.13636,0.15201,0.16662,0.17983,0.19063,0.19959,0.20431,0.20299,0.19552,0.1825,0.16561,0.14641,0.12713,0.11253,0.10001,0.088054,0.076064,0.063994,0.052254,0.041257,0.031339,0.023003,0.016775,0.013134,0.012415,0.013289,0.015464,0.018982,0.023392,0.028341,0.032958,0.036004,0.036506,0.034409,0.030287,0.025382,0.020651,0.016685,0.013748,0.011883,0.010972,0.010843,0.011983,0.015875
0.063968,0.071294,0.077178,0.081926,0.086516,0.091863,0.098487,0.107,0.11774,0.13098,0.14677,0.16522,0.18562,0.2075,0.22822,0.247,0.2629,0.27495,0.28249,0.28502,0.2831,0.27821,0.27013,0.26125,0.2505,0.23831,0.22515,0.21093,0.19577,0.17956,0.16255,0.14549,0.12664,0.10694,0.088086,0.070891,0.055745,0.043094,0.033124,0.026176,0.020855,0.01707,0.014709,0.013524,0.013341,0.014433,0.016602,0.019915,0.024141,0.030214,0.03872,0.048363,0.058642,0.070125,0.082084,0.094055,0.10534,0.11532,0.12421,0.13162,0.13693,0.14044,0.14055,0.1362,0.12733,0.11451,0.099395,0.083234,0.067857,0.057141,0.048901,0.041637,0.034912,0.028515,0.022417,0.016865,0.012045,0.0081907,0.0057744,0.0047218,0.0052797,0.0073516,0.010965,0.01587,0.021832,0.028359,0.034693,0.039738,0.042382,0.042251,0.03985,0.036049,0.031762,0.027812,0.024657,0.02257,0.021465,0.021205,0.022149,0.025291
0.046364,0.049665,0.052695,0.055462,0.058416,0.062183,0.067232,0.074158,0.083432,0.095374,0.10978,0.12667,0.14641,0.16878,0.19039,0.21064,0.2292,0.24624,0.2615,0.27405,0.28434,0.29289,0.2978,0.30014,0.29939,0.29549,0.28896,0.2798,0.26845,0.25471,0.23829,0.21984,0.19777,0.17314,0.14831,0.12432,0.10186,0.0816,0.064355,0.051171,0.040759,0.032748,0.026792,0.022607,0.019828,0.018206,0.017783,0.0188,0.020793,0.024217,0.0296,0.036031,0.043002,0.050866,0.058757,0.066596,0.073872,0.079966,0.084908,0.088657,0.090949,0.092073,0.09117,0.08728,0.080523,0.071436,0.06137,0.051216,0.042333,0.03642,0.031986,0.028167,0.024341,0.020442,0.016569,0.013011,0.00995,0.0073735,0.0056184,0.0048163,0.0055566,0.0080066,0.012243,0.018359,0.026054,0.034463,0.042853,0.049952,0.054654,0.056707,0.056474,0.05464,0.052146,0.049789,0.047794,0.046272,0.045041,0.043893,0.042834,0.042121
0.03731,0.038428,0.040423,0.042498,0.044767,0.047699,0.051717,0.057525,0.065825,0.07705,0.090746,0.10722,0.12692,0.14936,0.17103,0.19087,0.20814,0.22305,0.23612,0.24765,0.2596,0.27224,0.28298,0.29151,0.29769,0.30064,0.30026,0.29631,0.28929,0.27851,0.26414,0.24621,0.22403,0.19886,0.17336,0.14853,0.12533,0.10444,0.086749,0.073114,0.062145,0.05318,0.045932,0.040139,0.035485,0.032055,0.030311,0.029924,0.030247,0.031554,0.033952,0.03686,0.039523,0.042189,0.044424,0.046278,0.047636,0.048297,0.048504,0.048388,0.047832,0.047259,0.046498,0.045099,0.043298,0.041255,0.039358,0.037769,0.036622,0.036136,0.035372,0.034168,0.032068,0.029434,0.026252,0.022794,0.019164,0.01551,0.012434,0.010374,0.010075,0.012217,0.016454,0.022868,0.031164,0.040527,0.050421,0.059416,0.066338,0.070801,0.072823,0.073177,0.072641,0.071794,0.070855,0.069882,0.068654,0.066686,0.063511,0.059294
0.030045,0.029051,0.029734,0.030688,0.03174,0.033079,0.035002,0.038065,0.042847,0.049975,0.059022,0.070209,0.084274,0.10096,0.11788,0.13406,0.14871,0.16171,0.17314,0.18279,0.19298,0.20445,0.21701,0.23064,0.24533,0.25806,0.26799,0.27454,0.27741,0.27572,0.26923,0.25802,0.24198,0.2224,0.2013,0.17982,0.15941,0.14042,0.1235,0.10932,0.096857,0.08583,0.076031,0.067453,0.059816,0.053083,0.047978,0.044364,0.041564,0.039382,0.03806,0.037198,0.036216,0.035302,0.034263,0.033249,0.032423,0.031587,0.030839,0.030296,0.030169,0.030715,0.032374,0.034796,0.0384,0.042931,0.048194,0.05353,0.058763,0.063105,0.06603,0.06782,0.067726,0.066171,0.062901,0.057981,0.05167,0.044076,0.036278,0.029142,0.025133,0.025058,0.027746,0.03328,0.041864,0.052169,0.063602,0.074496,0.08376,0.090655,0.094935,0.0971,0.098095,0.098551,0.098562,0.098229,0.097014,0.094011,0.088131,0.07938
0.028669,0.026848,0.026886,0.027329,0.027961,0.028939,0.030247,0.032259,0.035167,0.039491,0.045064,0.051973,0.060865,0.071747,0.083207,0.094495,0.10543,0.11605,0.12667,0.13685,0.14845,0.16075,0.17312,0.18546,0.19911,0.21225,0.22404,0.23352,0.23992,0.24245,0.24095,0.23531,0.22544,0.2126,0.19797,0.18226,0.16662,0.15094,0.13586,0.12227,0.11021,0.099229,0.088981,0.079167,0.070057,0.06171,0.054942,0.049446,0.044748,0.040548,0.037055,0.034114,0.031269,0.028644,0.026179,0.023842,0.021979,0.02048,0.019665,0.019646,0.020667,0.022976,0.02735,0.033976,0.043467,0.055994,0.069986,0.084402,0.097871,0.10879,0.11673,0.12222,0.12446,0.12411,0.12051,0.11371,0.10388,0.090943,0.076233,0.061393,0.04984,0.043561,0.041871,0.044343,0.050256,0.058475,0.068602,0.079149,0.089081,0.097581,0.10411,0.10894,0.11268,0.11573,0.11792,0.11909,0.11858,0.11514,0.10732,0.094903
0.031227,0.028811,0.028023,0.027663,0.027357,0.027202,0.027278,0.027827,0.028896,0.030685,0.033106,0.03632,0.040526,0.045683,0.051302,0.057,0.062807,0.068939,0.075659,0.082866,0.092178,0.10263,0.11353,0.1249,0.13804,0.15047,0.16141,0.1705,0.17756,0.18201,0.18379,0.18289,0.17939,0.17474,0.16923,0.16267,0.15567,0.14792,0.13952,0.13051,0.12119,0.11139,0.1011,0.090598,0.080603,0.071421,0.063474,0.056567,0.050429,0.044752,0.039713,0.035509,0.031531,0.027988,0.024876,0.022194,0.020315,0.019509,0.019745,0.021019,0.023582,0.027475,0.034329,0.045434,0.061607,0.082717,0.10654,0.1308,0.15342,0.17215,0.18627,0.19628,0.20125,0.20196,0.19763,0.18806,0.17345,0.1537,0.13065,0.10628,0.084482,0.068478,0.059747,0.056668,0.058585,0.063907,0.071612,0.080439,0.089597,0.098338,0.10593,0.11234,0.11794,0.12289,0.12668,0.12903,0.12923,0.12594,0.11738,0.10326
0.035616,0.034382,0.034454,0.034532,0.034478,0.034411,0.034215,0.03394,0.033628,0.033338,0.033141,0.03333,0.033915,0.034857,0.036166,0.037899,0.040225,0.043339,0.047431,0.052598,0.059842,0.068713,0.078661,0.08934,0.10167,0.11352,0.1239,0.13228,0.13855,0.14233,0.14365,0.14306,0.14089,0.13896,0.13656,0.13356,0.12966,0.12464,0.11856,0.11152,0.10362,0.094979,0.085631,0.075937,0.066973,0.059032,0.052497,0.047025,0.042751,0.039148,0.03615,0.033767,0.031527,0.029592,0.027851,0.026573,0.025831,0.026057,0.027553,0.030356,0.034692,0.041203,0.05149,0.066882,0.088238,0.11572,0.14608,0.17664,0.20544,0.23014,0.24962,0.26382,0.27167,0.2733,0.26776,0.25515,0.23564,0.20911,0.17795,0.14446,0.11284,0.086187,0.068487,0.057355,0.053347,0.054014,0.058173,0.064525,0.072344,0.080806,0.088883,0.09632,0.10325,0.10955,0.11476,0.11836,0.11971,0.11747,0.11005,0.09705
0.04594,0.047025,0.048551,0.049248,0.049034,0.048166,0.046837,0.044987,0.042663,0.040029,0.037551,0.035403,0.033498,0.031824,0.030765,0.030361,0.030824,0.032294,0.034854,0.038475,0.043711,0.050089,0.057214,0.065032,0.074228,0.083181,0.091397,0.098386,0.10412,0.10838,0.11118,0.11297,0.11387,0.11496,0.11509,0.114,0.11109,0.10668,0.10139,0.095219,0.088135,0.08038,0.072256,0.063998,0.056835,0.050913,0.046116,0.04223,0.03938,0.037235,0.035442,0.034156,0.033174,0.032517,0.032482,0.033315,0.035216,0.038487,0.043282,0.049458,0.057341,0.06727,0.080328,0.098149,0.1209,0.14904,0.17952,0.21029,0.23922,0.2641,0.28399,0.29851,0.30672,0.30828,0.30196,0.28752,0.26512,0.23489,0.19937,0.16165,0.12612,0.094961,0.073392,0.058631,0.051544,0.049644,0.051433,0.055704,0.061599,0.068304,0.075029,0.081519,0.087802,0.093608,0.098297,0.1015,0.10284,0.10109,0.095034,0.08441
0.050844,0.053111,0.055253,0.056328,0.056379,0.05569,0.054674,0.053172,0.051013,0.048357,0.045775,0.043538,0.041393,0.039543,0.038189,0.037525,0.037646,0.038384,0.039867,0.042077,0.045115,0.049042,0.053495,0.058555,0.064402,0.070252,0.075501,0.080261,0.084281,0.087295,0.089374,0.0912,0.093165,0.096235,0.09883,0.10029,0.10002,0.097912,0.094121,0.088911,0.083011,0.076473,0.069569,0.062369,0.056245,0.051419,0.047581,0.044589,0.042698,0.041556,0.040854,0.040794,0.041448,0.042601,0.044744,0.048416,0.053317,0.060523,0.069617,0.079866,0.091426,0.10398,0.11821,0.13538,0.15587,0.17979,0.20508,0.23044,0.25447,0.27545,0.29198,0.30329,0.30849,0.30674,0.2973,0.28032,0.25584,0.22414,0.18802,0.15115,0.11796,0.088818,0.068217,0.05371,0.045919,0.042752,0.042908,0.045466,0.049988,0.05554,0.061476,0.067439,0.073488,0.079268,0.084121,0.087704,0.089532,0.088712,0.084358,0.07655
0.054634,0.057976,0.06129,0.063335,0.064207,0.064236,0.063827,0.062931,0.061351,0.059009,0.056473,0.053816,0.050937,0.048197,0.046185,0.044802,0.044176,0.04451,0.045526,0.047307,0.049653,0.052579,0.055692,0.059063,0.062886,0.066491,0.069623,0.072074,0.074078,0.07543,0.076295,0.077647,0.079961,0.083854,0.087957,0.091638,0.093825,0.094251,0.092721,0.089283,0.084924,0.079965,0.07424,0.068232,0.063066,0.058823,0.055364,0.052845,0.051464,0.051013,0.051124,0.052719,0.055881,0.060387,0.066512,0.074828,0.085196,0.098292,0.11265,0.12692,0.14047,0.15293,0.16465,0.17693,0.19021,0.20431,0.21814,0.23135,0.24315,0.25252,0.25897,0.26209,0.26124,0.25578,0.24488,0.22816,0.2056,0.17769,0.14702,0.11718,0.091996,0.071134,0.056482,0.046312,0.040383,0.038337,0.039255,0.042183,0.046806,0.052267,0.057884,0.063169,0.068198,0.072689,0.076166,0.078326,0.078888,0.077258,0.072982,0.066413
0.058372,0.062544,0.066917,0.069934,0.071717,0.072614,0.073129,0.073095,0.072323,0.070747,0.068789,0.066538,0.063931,0.061246,0.059195,0.057956,0.057533,0.057783,0.058544,0.059945,0.061504,0.063121,0.064459,0.065647,0.066888,0.068195,0.069424,0.070503,0.071453,0.07222,0.072711,0.073722,0.075764,0.078649,0.081689,0.084454,0.0861,0.086151,0.084766,0.08202,0.078759,0.07526,0.071373,0.067453,0.064063,0.061344,0.059082,0.057492,0.057014,0.057609,0.059371,0.062917,0.068687,0.076398,0.086451,0.099541,0.11542,0.13414,0.15319,0.1702,0.18456,0.19563,0.20366,0.20955,0.21381,0.21665,0.21852,0.21992,0.22066,0.22073,0.22011,0.21787,0.21296,0.20462,0.19245,0.17631,0.15648,0.13346,0.10942,0.087252,0.070409,0.057389,0.048614,0.042759,0.039039,0.037706,0.03825,0.040146,0.043135,0.04679,0.050644,0.05433,0.057854,0.061038,0.063356,0.064641,0.064668,0.063165,0.060068,0.056213
0.06239,0.067122,0.072122,0.075943,0.078744,0.080871,0.082747,0.084414,0.085665,0.086264,0.086373,0.086028,0.085276,0.084512,0.084058,0.0843,0.084909,0.085531,0.086336,0.087291,0.087817,0.087931,0.08737,0.086077,0.084253,0.082335,0.080559,0.078823,0.077336,0.076161,0.075267,0.075287,0.076396,0.077644,0.079115,0.080388,0.080727,0.079743,0.077649,0.074675,0.07158,0.06879,0.066332,0.064508,0.063392,0.062792,0.062485,0.062485,0.062958,0.064137,0.066353,0.070606,0.077195,0.0859,0.097219,0.1128,0.13214,0.15312,0.17312,0.18992,0.20243,0.20995,0.21283,0.21198,0.20788,0.20083,0.19237,0.18409,0.17727,0.1717,0.16693,0.1616,0.15487,0.14637,0.13574,0.12278,0.10801,0.092215,0.076988,0.064857,0.058011,0.053955,0.05152,0.050844,0.050567,0.050882,0.051237,0.051932,0.053331,0.055147,0.057203,0.059268,0.061344,0.063205,0.064402,0.064586,0.063537,0.06087,0.056643,0.052274
0.057252,0.059485,0.062911,0.066104,0.068982,0.071688,0.074453,0.077551,0.080653,0.083615,0.08639,0.089187,0.091777,0.094306,0.09717,0.10021,0.10305,0.10541,0.10755,0.10951,0.11081,0.11145,0.1115,0.11086,0.1095,0.10792,0.10628,0.10434,0.10215,0.099709,0.096607,0.093544,0.090791,0.087758,0.085399,0.083816,0.082114,0.079862,0.077297,0.074835,0.072935,0.071544,0.070848,0.070899,0.07137,0.07221,0.073138,0.07385,0.074533,0.07524,0.076474,0.079192,0.084162,0.091399,0.10091,0.11435,0.13186,0.15007,0.16652,0.17959,0.18854,0.19307,0.19351,0.19066,0.18499,0.17723,0.16889,0.16117,0.15374,0.14662,0.13978,0.1328,0.12507,0.11673,0.10756,0.097579,0.087122,0.076575,0.067209,0.060254,0.056918,0.055721,0.055615,0.056254,0.056405,0.056167,0.055637,0.055318,0.055568,0.056453,0.057597,0.05884,0.060019,0.060979,0.061492,0.061436,0.060529,0.058483,0.055441,0.05324
0.05831,0.058932,0.061222,0.063348,0.065369,0.067768,0.070708,0.074683,0.079682,0.085371,0.091465,0.097713,0.10394,0.11006,0.11617,0.12218,0.12767,0.13236,0.1362,0.13911,0.14088,0.14131,0.14088,0.13928,0.13643,0.13267,0.12836,0.12368,0.11898,0.11414,0.10916,0.10447,0.10008,0.095237,0.09112,0.087991,0.085284,0.082859,0.081094,0.080097,0.07978,0.080005,0.080678,0.081512,0.081897,0.081519,0.080167,0.078008,0.07558,0.073137,0.071129,0.070499,0.071919,0.075667,0.08201,0.091881,0.10498,0.11835,0.13046,0.14072,0.14869,0.15401,0.157,0.15778,0.1561,0.15182,0.14603,0.13958,0.13277,0.12588,0.11934,0.1128,0.10603,0.099082,0.092238,0.086079,0.081051,0.077508,0.076321,0.077649,0.081081,0.085448,0.089563,0.092703,0.093997,0.093917,0.092758,0.090836,0.088743,0.086926,0.085761,0.08515,0.084856,0.084537,0.083874,0.082601,0.080359,0.076741,0.071931,0.067657
0.070304,0.077524,0.084959,0.091177,0.096809,0.1023,0.10808,0.11444,0.12129,0.12876,0.13586,0.14232,0.14737,0.15095,0.15212,0.15074,0.14685,0.14065,0.1332,0.12502,0.11691,0.10994,0.10401,0.098051,0.091989,0.08538,0.07829,0.07125,0.064623,0.058569,0.053731,0.050094,0.047316,0.045355,0.043921,0.042771,0.041752,0.041246,0.041237,0.041691,0.0428,0.044879,0.047478,0.050736,0.054406,0.058096,0.061914,0.065943,0.070212,0.074668,0.079329,0.084245,0.089332,0.094557,0.09969,0.10454,0.10852,0.11199,0.1152,0.11855,0.12152,0.12412,0.12612,0.12783,0.12909,0.13008,0.13081,0.13141,0.13203,0.13256,0.13303,0.13335,0.13323,0.13245,0.13084,0.12839,0.12556,0.12302,0.12118,0.12014,0.11943,0.11895,0.11838,0.11733,0.11594,0.11426,0.11207,0.10956,0.10732,0.1052,0.10308,0.10091,0.098673,0.096403,0.094053,0.091375,0.088061,0.083672,0.077897,0.072447
0.061011,0.068895,0.077231,0.084919,0.092651,0.10107,0.11076,0.12222,0.13581,0.1523,0.16999,0.18788,0.20518,0.22097,0.23371,0.24169,0.24407,0.24015,0.23049,0.21608,0.19855,0.18051,0.16403,0.14779,0.13284,0.11887,0.10582,0.093455,0.082309,0.072882,0.065933,0.060714,0.056419,0.053061,0.049887,0.046524,0.042913,0.039247,0.035936,0.033097,0.031891,0.031926,0.03261,0.033837,0.03538,0.036993,0.038676,0.040476,0.042559,0.045085,0.048187,0.051528,0.05498,0.058461,0.062077,0.065933,0.069808,0.074047,0.078505,0.083736,0.088895,0.093924,0.098153,0.10157,0.10426,0.10627,0.10757,0.10839,0.10882,0.10868,0.10832,0.10771,0.10647,0.1045,0.10188,0.098538,0.095142,0.09241,0.090608,0.089455,0.088615,0.087981,0.087159,0.085767,0.084105,0.08215,0.079644,0.076956,0.074624,0.072594,0.070592,0.068561,0.066439,0.064192,0.061941,0.059545,0.056912,0.053936,0.051073,0.049995
0.052951,0.058261,0.064376,0.070477,0.077133,0.084585,0.093278,0.10356,0.11615,0.1326,0.1522,0.17387,0.19662,0.2198,0.24217,0.26157,0.27647,0.28506,0.28708,0.2822,0.27091,0.25512,0.23719,0.21712,0.19665,0.17656,0.15741,0.13992,0.12488,0.11212,0.10207,0.094337,0.087744,0.08191,0.075807,0.0691,0.061514,0.053665,0.046453,0.040439,0.037666,0.036365,0.03602,0.036281,0.036883,0.037747,0.038794,0.04004,0.041482,0.043063,0.044974,0.047138,0.049244,0.051295,0.053543,0.056029,0.0587,0.062069,0.065775,0.070128,0.074461,0.078612,0.082152,0.084976,0.087167,0.088784,0.089788,0.090342,0.090358,0.089871,0.089129,0.088102,0.086669,0.084613,0.082127,0.079042,0.075854,0.072819,0.070257,0.068079,0.066227,0.064566,0.062874,0.060982,0.059179,0.057529,0.055743,0.053995,0.052594,0.051488,0.050411,0.049361,0.048284,0.047163,0.045967,0.044654,0.043221,0.04178,0.040732,0.042282
0.046478,0.050629,0.055352,0.059891,0.064423,0.069417,0.075199,0.08234,0.09186,0.10554,0.12357,0.14509,0.16972,0.19682,0.22506,0.2513,0.27397,0.29077,0.30086,0.30383,0.29972,0.28988,0.27643,0.2596,0.24085,0.22129,0.2017,0.18312,0.16641,0.15273,0.14219,0.13388,0.12627,0.11849,0.10956,0.099119,0.087361,0.07474,0.062503,0.051589,0.04472,0.039921,0.03676,0.034833,0.033822,0.03367,0.033959,0.034493,0.035262,0.036136,0.036953,0.037642,0.038082,0.038429,0.038735,0.039023,0.039868,0.042016,0.045239,0.049522,0.054245,0.059198,0.063679,0.067572,0.070883,0.07373,0.076108,0.077976,0.079305,0.07987,0.079906,0.079463,0.078596,0.077123,0.075159,0.072596,0.069769,0.06703,0.064406,0.061868,0.059486,0.057091,0.054694,0.052131,0.049849,0.047858,0.045987,0.044334,0.043088,0.042296,0.041908,0.041711,0.041557,0.041342,0.041103,0.040772,0.040324,0.039798,0.039568,0.041558
0.057732,0.063449,0.068649,0.07287,0.07641,0.079714,0.083318,0.087337,0.092482,0.1,0.11002,0.12299,0.13919,0.15907,0.18154,0.20348,0.22342,0.23947,0.25087,0.25716,0.25812,0.2547,0.24897,0.24143,0.233,0.22385,0.21449,0.20552,0.19779,0.19164,0.18698,0.1829,0.17787,0.17108,0.16171,0.1492,0.13386,0.11651,0.098647,0.081825,0.069605,0.060254,0.05313,0.047674,0.0436,0.040847,0.038853,0.037296,0.036104,0.035076,0.034046,0.032966,0.031934,0.031143,0.03074,0.030834,0.03178,0.034075,0.037718,0.042576,0.047921,0.05342,0.058576,0.063447,0.068033,0.0721,0.07559,0.078432,0.080476,0.081455,0.081531,0.080656,0.078971,0.076471,0.073608,0.070332,0.067243,0.063872,0.060199,0.056364,0.052451,0.04868,0.045112,0.041851,0.039354,0.03736,0.035761,0.034628,0.034142,0.034351,0.035011,0.035847,0.036697,0.037596,0.038434,0.039103,0.039588,0.039883,0.040473,0.042835
0.068944,0.075916,0.080746,0.083406,0.08448,0.084553,0.084262,0.083793,0.083526,0.084041,0.085602,0.088551,0.093854,0.10281,0.11571,0.13004,0.14482,0.15858,0.17044,0.17934,0.18517,0.18816,0.18965,0.19075,0.19176,0.19303,0.19471,0.19768,0.20174,0.20652,0.21111,0.2148,0.21581,0.21342,0.20666,0.19553,0.18049,0.1623,0.14251,0.12234,0.1058,0.091853,0.080113,0.070204,0.062139,0.056052,0.051201,0.047343,0.044305,0.041853,0.039637,0.037761,0.036157,0.035257,0.035181,0.036304,0.039304,0.043934,0.049804,0.056309,0.062911,0.069687,0.076315,0.082254,0.087408,0.091757,0.095092,0.097319,0.098414,0.098281,0.097031,0.094603,0.091239,0.087029,0.082626,0.078139,0.073801,0.068982,0.063491,0.057534,0.051436,0.045776,0.040745,0.036881,0.034266,0.032467,0.031336,0.030836,0.031024,0.032002,0.033491,0.035056,0.03655,0.037933,0.03906,0.039895,0.040486,0.040948,0.041718,0.043879
0.089267,0.10046,0.10728,0.10995,0.10947,0.10699,0.10342,0.098859,0.093738,0.088397,0.083116,0.078543,0.075909,0.075832,0.079036,0.084511,0.091073,0.097829,0.10398,0.10914,0.11317,0.11613,0.11922,0.12362,0.12934,0.13683,0.14595,0.15692,0.1698,0.18415,0.19805,0.2104,0.21921,0.2237,0.22306,0.21688,0.20584,0.1908,0.17312,0.15415,0.13673,0.12096,0.10667,0.093839,0.082725,0.073838,0.066525,0.060521,0.055506,0.051152,0.047083,0.043405,0.040089,0.038022,0.037364,0.038354,0.041971,0.047544,0.054325,0.061842,0.069581,0.077723,0.085957,0.0935,0.10008,0.10558,0.10982,0.11266,0.11402,0.11408,0.11341,0.11191,0.10966,0.10662,0.10295,0.099161,0.095235,0.090129,0.083248,0.074828,0.065512,0.056502,0.048575,0.042655,0.03886,0.03641,0.034931,0.034232,0.034211,0.03488,0.036184,0.037759,0.039442,0.041171,0.042645,0.043779,0.044532,0.044869,0.045234,0.04671
0.1223,0.14013,0.15077,0.15423,0.1523,0.1467,0.13886,0.1292,0.1184,0.10666,0.094815,0.083593,0.073962,0.066684,0.062465,0.060254,0.059343,0.059762,0.060685,0.061644,0.062308,0.062866,0.064398,0.067755,0.072758,0.079762,0.088988,0.10028,0.11403,0.12953,0.14528,0.16039,0.17312,0.18237,0.18781,0.18892,0.18576,0.17907,0.16948,0.15759,0.14514,0.13291,0.12085,0.10927,0.098696,0.089587,0.081458,0.074301,0.068036,0.06232,0.057007,0.052343,0.048333,0.045897,0.045973,0.048525,0.053862,0.061048,0.069645,0.079491,0.08985,0.10083,0.11228,0.12255,0.1313,0.13802,0.14237,0.14441,0.14402,0.14178,0.13847,0.13403,0.12875,0.12272,0.11653,0.11128,0.10573,0.098958,0.090453,0.080586,0.070007,0.060056,0.05165,0.046256,0.043004,0.041008,0.039876,0.039484,0.039699,0.04048,0.041823,0.043493,0.0451,0.046508,0.047507,0.048027,0.047929,0.047247,0.046336,0.046412
0.14499,0.16718,0.18037,0.18465,0.18213,0.17493,0.16458,0.15175,0.13713,0.12125,0.10505,0.08968,0.076069,0.064763,0.056179,0.05021,0.046499,0.044971,0.044365,0.044097,0.044049,0.044229,0.044898,0.046744,0.049375,0.053007,0.057982,0.064332,0.072131,0.081422,0.091637,0.10227,0.11218,0.12057,0.12692,0.13084,0.13249,0.13208,0.12957,0.12503,0.11946,0.11353,0.10732,0.1008,0.094057,0.087577,0.081228,0.075117,0.069273,0.06362,0.058395,0.054145,0.051406,0.05151,0.054414,0.060598,0.070509,0.082239,0.095113,0.10879,0.12271,0.13697,0.15152,0.1643,0.17472,0.18246,0.1869,0.18807,0.18623,0.18162,0.17499,0.16657,0.15707,0.14688,0.13682,0.12853,0.1199,0.11023,0.098996,0.086489,0.073595,0.062219,0.052861,0.04678,0.043062,0.040565,0.039073,0.038204,0.038035,0.038461,0.039452,0.040593,0.04155,0.042491,0.043187,0.043547,0.04344,0.042828,0.041953,0.04215
0.15673,0.17891,0.19217,0.19663,0.19454,0.18811,0.17874,0.16688,0.15336,0.13853,0.12323,0.10824,0.09386,0.080201,0.067882,0.057478,0.04915,0.04347,0.039559,0.036964,0.035232,0.034184,0.033759,0.033918,0.034486,0.03555,0.037325,0.039763,0.042998,0.047235,0.052019,0.057668,0.063603,0.069734,0.075494,0.080483,0.084421,0.087441,0.08941,0.09033,0.090414,0.090092,0.089153,0.08743,0.084979,0.081999,0.078424,0.074533,0.070294,0.065705,0.061114,0.057574,0.056224,0.057749,0.06256,0.070727,0.082636,0.096805,0.1127,0.1299,0.14837,0.16753,0.18716,0.20447,0.2186,0.22824,0.23271,0.23207,0.22664,0.21715,0.20433,0.18909,0.17228,0.15522,0.13933,0.1269,0.11513,0.10325,0.090944,0.078314,0.066106,0.055844,0.047736,0.04273,0.040035,0.038742,0.03811,0.037913,0.038255,0.038949,0.039712,0.040273,0.040552,0.040689,0.04052,0.04007,0.039371,0.038279,0.037249,0.037674
0.15182,0.17149,0.18238,0.18507,0.18189,0.17523,0.16643,0.15621,0.14496,0.13302,0.12119,0.11006,0.09927,0.088558,0.077951,0.06789,0.058776,0.051832,0.046564,0.042777,0.040178,0.038871,0.038125,0.037532,0.036913,0.036255,0.035858,0.035752,0.036131,0.036875,0.037682,0.038728,0.039849,0.041217,0.042941,0.045117,0.047665,0.050575,0.053677,0.056748,0.059315,0.061604,0.063457,0.06475,0.065474,0.065708,0.065575,0.065202,0.064571,0.063588,0.062546,0.062403,0.064384,0.069927,0.079568,0.092835,0.10954,0.12827,0.14823,0.16927,0.19186,0.21528,0.23804,0.25693,0.27072,0.27807,0.27815,0.27076,0.25691,0.23782,0.21501,0.19001,0.16492,0.14132,0.12103,0.10585,0.092383,0.080025,0.068485,0.057802,0.048365,0.041003,0.035838,0.033472,0.032955,0.033727,0.034979,0.036662,0.038508,0.040275,0.041651,0.042481,0.042791,0.042876,0.042649,0.04221,0.041437,0.040178,0.038818,0.038751
0.14324,0.1637,0.17572,0.17978,0.1785,0.1743,0.16863,0.16192,0.15439,0.14603,0.13763,0.12926,0.12103,0.11254,0.10346,0.093911,0.084944,0.077913,0.072441,0.068567,0.066089,0.065351,0.0653,0.064935,0.064001,0.062326,0.060146,0.057653,0.055035,0.052105,0.04886,0.045522,0.042242,0.039285,0.036953,0.035142,0.033809,0.033401,0.034019,0.035356,0.036832,0.03854,0.040325,0.042034,0.04357,0.044885,0.046081,0.04739,0.048772,0.050115,0.051746,0.054458,0.060147,0.06996,0.083787,0.10051,0.11982,0.1406,0.16234,0.18457,0.20913,0.23481,0.25847,0.27689,0.28859,0.29242,0.28799,0.27464,0.25392,0.22765,0.19792,0.16745,0.13881,0.11351,0.093097,0.078509,0.066323,0.055899,0.046892,0.039092,0.032685,0.028259,0.025794,0.025167,0.025945,0.027637,0.030126,0.033071,0.036186,0.039168,0.04173,0.043587,0.044779,0.045551,0.04591,0.04586,0.045314,0.044091,0.042393,0.041006
0.13093,0.14968,0.16103,0.16556,0.16583,0.16433,0.16234,0.16027,0.15827,0.15614,0.15422,0.15192,0.1486,0.14354,0.13628,0.12725,0.11758,0.10937,0.10322,0.099723,0.098782,0.10106,0.10462,0.10775,0.10951,0.10947,0.10732,0.10306,0.096936,0.089194,0.08009,0.070382,0.060545,0.051613,0.044241,0.038167,0.033148,0.029471,0.027153,0.025893,0.02535,0.025595,0.026409,0.027619,0.028975,0.030565,0.032465,0.034743,0.037273,0.040334,0.044167,0.049541,0.058655,0.071427,0.087257,0.10453,0.12279,0.14157,0.16074,0.17971,0.20127,0.22369,0.24331,0.25715,0.26444,0.26426,0.25654,0.24018,0.21715,0.18965,0.1596,0.13044,0.10469,0.083231,0.066719,0.054653,0.044696,0.036601,0.030078,0.024619,0.020681,0.018429,0.017467,0.017669,0.018866,0.021051,0.024201,0.027978,0.032081,0.03618,0.039827,0.042694,0.044908,0.046635,0.048047,0.049144,0.049585,0.049136,0.047817,0.046248
0.10358,0.1191,0.12877,0.13293,0.13365,0.13283,0.13176,0.13102,0.13114,0.13233,0.13538,0.13909,0.14248,0.14473,0.14535,0.14445,0.14269,0.14203,0.14302,0.14582,0.15077,0.15828,0.16648,0.17349,0.17825,0.17974,0.17726,0.17084,0.16055,0.14657,0.12984,0.1115,0.093063,0.076361,0.062609,0.05149,0.042248,0.034995,0.029588,0.025387,0.022293,0.020303,0.01932,0.019234,0.019744,0.020931,0.022893,0.025752,0.029595,0.034711,0.041314,0.049091,0.06046,0.07436,0.089694,0.10483,0.11939,0.13314,0.14618,0.15825,0.17262,0.18777,0.20024,0.20814,0.21078,0.20781,0.19968,0.18482,0.16509,0.14257,0.11865,0.096754,0.078454,0.063825,0.051968,0.042601,0.034574,0.02788,0.022503,0.018196,0.015297,0.013934,0.013959,0.014783,0.016281,0.018466,0.021721,0.026018,0.031144,0.036952,0.042839,0.048323,0.05311,0.057224,0.060906,0.063994,0.065801,0.065841,0.063581,0.059072
0.082946,0.095006,0.10273,0.10631,0.10732,0.10732,0.10731,0.10775,0.10903,0.11145,0.11592,0.1217,0.12798,0.13402,0.1394,0.14417,0.14879,0.15536,0.16424,0.17536,0.18875,0.20432,0.22023,0.23382,0.24353,0.24842,0.24759,0.24083,0.22836,0.21036,0.18792,0.16293,0.13711,0.11356,0.093659,0.076936,0.062454,0.050683,0.041294,0.033567,0.027635,0.023288,0.019998,0.017759,0.016454,0.015967,0.016537,0.018335,0.021366,0.025816,0.031683,0.038783,0.048914,0.060225,0.072044,0.083247,0.093329,0.10219,0.1103,0.11744,0.1267,0.13623,0.14381,0.14822,0.14929,0.14688,0.14185,0.13283,0.12108,0.10813,0.094505,0.082157,0.072014,0.064096,0.057204,0.050965,0.044863,0.038968,0.033138,0.027599,0.023061,0.020068,0.018227,0.017247,0.016958,0.017445,0.01938,0.023141,0.02854,0.035235,0.042397,0.049394,0.055906,0.061744,0.067057,0.071545,0.074293,0.074796,0.072194,0.066097
0.05361,0.059603,0.063991,0.066405,0.067543,0.06824,0.068985,0.070117,0.071997,0.075116,0.080175,0.086477,0.093394,0.1007,0.10816,0.11579,0.12449,0.13618,0.15141,0.17072,0.19418,0.22114,0.24995,0.27662,0.29929,0.31577,0.32449,0.32467,0.31617,0.29904,0.27447,0.24431,0.21082,0.1781,0.14883,0.12345,0.10108,0.082178,0.066499,0.053396,0.04354,0.036367,0.030926,0.027013,0.024316,0.022461,0.021549,0.021504,0.022412,0.024393,0.027644,0.031671,0.03773,0.043806,0.04959,0.054544,0.058371,0.061404,0.064277,0.067229,0.072309,0.078358,0.083904,0.087924,0.090339,0.091418,0.091931,0.090712,0.088009,0.084361,0.080037,0.076518,0.074383,0.074102,0.073429,0.07147,0.06821,0.063681,0.057635,0.051012,0.04472,0.039613,0.035104,0.030774,0.027087,0.024356,0.023325,0.024934,0.029052,0.03521,0.042633,0.050603,0.058762,0.066406,0.07336,0.079255,0.082957,0.083824,0.080707,0.072864
0.03474,0.035302,0.036334,0.037045,0.037433,0.03768,0.038009,0.038697,0.04013,0.042567,0.046748,0.052284,0.058675,0.065537,0.072782,0.080488,0.089342,0.10088,0.11572,0.13419,0.15756,0.18624,0.21888,0.25104,0.28033,0.30468,0.32235,0.33227,0.33378,0.32651,0.31125,0.28876,0.26061,0.23003,0.19995,0.17119,0.14418,0.12045,0.099418,0.081023,0.06697,0.056332,0.047654,0.041008,0.036049,0.032318,0.029662,0.027741,0.026469,0.025807,0.025904,0.026505,0.02815,0.029666,0.03117,0.032384,0.033074,0.033362,0.033463,0.033596,0.035064,0.037801,0.041636,0.045484,0.049598,0.054252,0.060448,0.068342,0.076822,0.085393,0.093771,0.10161,0.10853,0.11521,0.11912,0.1194,0.11637,0.11039,0.10159,0.090925,0.079811,0.069891,0.060593,0.051722,0.043919,0.037804,0.034138,0.033786,0.036591,0.041963,0.049284,0.057659,0.066535,0.074848,0.082394,0.088558,0.092175,0.092616,0.088649,0.079515
0.028392,0.026378,0.025905,0.025625,0.02532,0.024969,0.024627,0.024439,0.024634,0.025388,0.026981,0.029296,0.032134,0.035248,0.038813,0.042952,0.048185,0.055496,0.065467,0.078177,0.094648,0.11529,0.1399,0.16531,0.18987,0.21215,0.23069,0.24454,0.25313,0.25579,0.25339,0.24565,0.23316,0.21717,0.19877,0.17889,0.15828,0.13872,0.12056,0.10355,0.090081,0.079449,0.070288,0.062565,0.056445,0.051077,0.046163,0.041533,0.03736,0.033321,0.02967,0.026606,0.023977,0.02173,0.019997,0.018596,0.017469,0.016741,0.016768,0.01785,0.020229,0.02393,0.029225,0.035135,0.042082,0.050824,0.063541,0.082362,0.10485,0.12957,0.15462,0.17717,0.19612,0.2122,0.22255,0.22629,0.22387,0.2156,0.20164,0.18337,0.1628,0.14225,0.12209,0.10322,0.085709,0.070379,0.058423,0.051102,0.048396,0.049968,0.05407,0.059899,0.066643,0.07321,0.079292,0.08431,0.087482,0.088249,0.085224,0.077549
0.026148,0.02143,0.019052,0.017557,0.016428,0.015439,0.014617,0.01399,0.013588,0.013529,0.013886,0.014701,0.015925,0.017419,0.019185,0.021392,0.024157,0.027901,0.033295,0.040682,0.051147,0.064738,0.081528,0.098844,0.11572,0.13134,0.14486,0.15575,0.1637,0.16836,0.17073,0.17006,0.16728,0.1628,0.15621,0.14744,0.13669,0.12497,0.1127,0.10044,0.090891,0.083393,0.076808,0.071034,0.066578,0.062115,0.05721,0.051702,0.046147,0.040357,0.034557,0.029713,0.025098,0.02105,0.017946,0.015669,0.014204,0.013669,0.014464,0.016932,0.020956,0.027062,0.035321,0.044537,0.055504,0.069446,0.08959,0.11939,0.15294,0.18746,0.2211,0.25102,0.27621,0.29728,0.31198,0.31938,0.31882,0.31021,0.29397,0.27113,0.2437,0.21452,0.18432,0.15529,0.12738,0.10155,0.079537,0.064592,0.056296,0.053953,0.05479,0.057506,0.061443,0.0657,0.069812,0.073287,0.075592,0.076188,0.07414,0.06877
0.02927,0.025056,0.022743,0.021171,0.019924,0.01882,0.017816,0.016894,0.0162,0.015832,0.015776,0.016165,0.01692,0.01792,0.019127,0.020581,0.022267,0.024334,0.027113,0.030931,0.036444,0.044306,0.055115,0.067029,0.079176,0.090859,0.10123,0.10994,0.11668,0.12119,0.12465,0.12599,0.12615,0.12499,0.12238,0.11797,0.11163,0.10422,0.095753,0.086898,0.079466,0.073094,0.067048,0.061426,0.057009,0.052354,0.047106,0.041225,0.035546,0.03004,0.024945,0.021083,0.017764,0.015598,0.014628,0.014637,0.015512,0.017389,0.020862,0.026299,0.033786,0.04374,0.055646,0.067675,0.080991,0.096518,0.11799,0.14935,0.18454,0.22167,0.25946,0.29515,0.32631,0.35219,0.36998,0.37785,0.37506,0.36192,0.33985,0.31103,0.27719,0.24133,0.20534,0.17211,0.14056,0.11095,0.084856,0.064813,0.051367,0.045037,0.043004,0.043827,0.046507,0.049946,0.053485,0.056575,0.058838,0.059858,0.059004,0.056438
0.037598,0.034698,0.033037,0.031612,0.030038,0.028276,0.02637,0.02444,0.022754,0.02164,0.020894,0.020639,0.020741,0.020962,0.021347,0.022015,0.022812,0.023558,0.024415,0.025529,0.027314,0.029825,0.033304,0.037532,0.042278,0.047159,0.051939,0.05657,0.060886,0.064679,0.069012,0.072863,0.076698,0.079739,0.081437,0.081445,0.079627,0.076267,0.071625,0.066498,0.061968,0.057727,0.053363,0.049007,0.045601,0.04192,0.037705,0.032976,0.028753,0.025086,0.021988,0.020422,0.019698,0.020301,0.022352,0.025855,0.030974,0.037976,0.047515,0.059743,0.073948,0.090389,0.10786,0.12441,0.14118,0.15897,0.18173,0.2145,0.25237,0.29285,0.33131,0.36445,0.39018,0.40716,0.41408,0.41049,0.39652,0.373,0.34167,0.30557,0.26718,0.22841,0.1912,0.15843,0.12838,0.10109,0.077362,0.058383,0.044492,0.036973,0.03334,0.032214,0.032872,0.034508,0.036588,0.038495,0.040049,0.040812,0.040636,0.040307
0.04646,0.045259,0.044565,0.043654,0.042256,0.04061,0.038819,0.037134,0.036011,0.035403,0.035278,0.035687,0.036235,0.036746,0.0372,0.037734,0.037924,0.037459,0.036583,0.035409,0.034217,0.03327,0.033172,0.033578,0.034361,0.03524,0.03609,0.037021,0.038068,0.039146,0.041164,0.043682,0.046757,0.050173,0.053128,0.055159,0.055665,0.05472,0.052329,0.049186,0.045915,0.042459,0.038649,0.034844,0.032003,0.029394,0.026865,0.024529,0.023154,0.02306,0.02406,0.026734,0.031026,0.037134,0.045144,0.055173,0.067534,0.08205,0.099486,0.11964,0.1411,0.16406,0.18645,0.20616,0.22386,0.24003,0.25904,0.28564,0.31341,0.33946,0.36136,0.37696,0.38502,0.38485,0.37638,0.36006,0.33697,0.30871,0.2775,0.24564,0.21407,0.18247,0.15231,0.12591,0.10191,0.080486,0.062076,0.046758,0.034587,0.027186,0.022902,0.020792,0.020351,0.021035,0.022444,0.024131,0.025702,0.02683,0.027566,0.028729
0.054961,0.056001,0.057004,0.057335,0.056993,0.056427,0.055924,0.055814,0.056437,0.057907,0.060121,0.063112,0.065956,0.068456,0.070223,0.071353,0.071279,0.069669,0.066646,0.062377,0.057181,0.051405,0.045929,0.041445,0.037623,0.034532,0.031943,0.029909,0.028325,0.027234,0.027084,0.027666,0.029034,0.030848,0.032611,0.034219,0.035298,0.035701,0.035257,0.034532,0.033252,0.03155,0.029651,0.027913,0.026799,0.026011,0.025795,0.026547,0.028681,0.032613,0.038284,0.046025,0.055777,0.067961,0.082593,0.099335,0.11778,0.13749,0.15929,0.18289,0.20697,0.23186,0.25492,0.27354,0.28774,0.29729,0.30422,0.31035,0.31304,0.314,0.31247,0.30747,0.29862,0.28602,0.27047,0.25236,0.23222,0.21034,0.18733,0.16478,0.14336,0.12238,0.10277,0.085818,0.070687,0.05775,0.046878,0.037416,0.029214,0.023308,0.019532,0.017361,0.016258,0.015995,0.016423,0.01728,0.01832,0.01935,0.020591,0.023097
0.059689,0.061949,0.064117,0.065695,0.066828,0.068173,0.069878,0.072367,0.075888,0.080517,0.08616,0.092786,0.09922,0.10507,0.1094,0.11211,0.11272,0.1111,0.10733,0.10157,0.094037,0.085405,0.075991,0.067085,0.058484,0.050571,0.043493,0.037262,0.031971,0.027808,0.024877,0.023106,0.021983,0.021493,0.0216,0.022084,0.022592,0.023066,0.023366,0.023684,0.023639,0.023489,0.023531,0.023871,0.024778,0.026309,0.028558,0.032154,0.037174,0.044611,0.054635,0.066821,0.081156,0.098178,0.11708,0.13754,0.15862,0.17975,0.20178,0.22442,0.24629,0.26779,0.28588,0.2978,0.30306,0.30127,0.29377,0.28213,0.26767,0.25525,0.24498,0.23549,0.22533,0.21359,0.19964,0.18362,0.16584,0.14678,0.12751,0.10911,0.092733,0.077411,0.064159,0.053713,0.045061,0.038342,0.032971,0.028187,0.02348,0.019436,0.015966,0.013626,0.012475,0.01227,0.012577,0.013286,0.014245,0.015295,0.016771,0.019938
0.059578,0.062948,0.066186,0.069031,0.071705,0.074943,0.079041,0.084348,0.090971,0.098898,0.10829,0.11926,0.1302,0.14071,0.14936,0.15581,0.15935,0.15961,0.15667,0.15093,0.143,0.134,0.12409,0.11451,0.10454,0.094476,0.084575,0.07489,0.065798,0.057892,0.051049,0.045584,0.040075,0.034987,0.03078,0.027574,0.024731,0.022198,0.020117,0.018827,0.01772,0.017081,0.017183,0.017968,0.019413,0.021891,0.025646,0.031139,0.038534,0.048965,0.063061,0.079755,0.098696,0.12011,0.14268,0.16569,0.18798,0.20894,0.22878,0.24717,0.26275,0.27573,0.28347,0.28371,0.27636,0.26199,0.24255,0.22068,0.19973,0.18386,0.17142,0.15969,0.1474,0.13415,0.11984,0.105,0.090109,0.075625,0.062326,0.050911,0.042322,0.035657,0.0309,0.028188,0.026665,0.025978,0.025393,0.02448,0.022693,0.020154,0.017219,0.014724,0.012928,0.012025,0.011765,0.011891,0.012229,0.012776,0.013979,0.01763
0.05399,0.057214,0.060426,0.063399,0.066444,0.070357,0.075342,0.081889,0.090153,0.10007,0.11216,0.12643,0.14151,0.15704,0.17025,0.18053,0.1874,0.19036,0.18966,0.18613,0.1806,0.17508,0.16936,0.16445,0.15891,0.15256,0.14483,0.13539,0.1251,0.11454,0.1037,0.09325,0.081701,0.069935,0.058742,0.048636,0.039863,0.032725,0.027139,0.023458,0.021018,0.019741,0.019963,0.021431,0.02401,0.028058,0.033597,0.041117,0.050784,0.063978,0.081316,0.1008,0.12143,0.14364,0.16575,0.18689,0.20595,0.22214,0.23552,0.24594,0.25279,0.2563,0.2546,0.24635,0.2318,0.21206,0.18887,0.1639,0.13971,0.12047,0.1054,0.092516,0.080899,0.070029,0.05969,0.049903,0.040806,0.032343,0.02509,0.019574,0.016229,0.014317,0.013717,0.01409,0.015055,0.01663,0.018308,0.019519,0.019723,0.018835,0.017174,0.015344,0.0139,0.013129,0.01275,0.012672,0.012704,0.012909,0.013663,0.016935
0.047747,0.049757,0.052098,0.054379,0.056915,0.060425,0.065148,0.071581,0.079948,0.090326,0.10291,0.11797,0.13495,0.15371,0.17103,0.18599,0.19801,0.20696,0.21273,0.21556,0.2164,0.21786,0.21855,0.21924,0.21835,0.21552,0.21073,0.20376,0.19452,0.18347,0.1704,0.15602,0.13913,0.12079,0.10276,0.085864,0.070789,0.058154,0.048287,0.041501,0.036656,0.033452,0.031933,0.032049,0.033462,0.036613,0.041248,0.047971,0.056357,0.067866,0.08268,0.098433,0.11428,0.13069,0.1464,0.16104,0.17378,0.18403,0.19165,0.19667,0.19874,0.19789,0.19285,0.18264,0.16761,0.14853,0.12678,0.10421,0.083248,0.067683,0.056901,0.048629,0.041719,0.03558,0.02984,0.024469,0.019503,0.014946,0.011124,0.008259,0.0068099,0.0067605,0.0078522,0.009686,0.012311,0.015504,0.018672,0.021526,0.023213,0.023444,0.022527,0.020931,0.019192,0.01775,0.016673,0.016018,0.01567,0.015629,0.016509,0.020061
0.036522,0.036722,0.037894,0.039348,0.041132,0.043674,0.047179,0.052189,0.059091,0.068216,0.079493,0.093448,0.11045,0.13033,0.14977,0.16755,0.18315,0.19629,0.20727,0.21669,0.22621,0.23904,0.25223,0.26472,0.27536,0.2828,0.28597,0.2843,0.27802,0.26725,0.2521,0.23326,0.20979,0.18334,0.1567,0.13129,0.10844,0.088783,0.07317,0.061922,0.053796,0.04801,0.044474,0.042926,0.043045,0.044717,0.047737,0.052404,0.058232,0.066118,0.076164,0.086856,0.097204,0.10773,0.11741,0.12606,0.13311,0.13808,0.14091,0.14199,0.14094,0.13812,0.13258,0.12359,0.11132,0.096332,0.08029,0.065321,0.052952,0.044326,0.038476,0.034045,0.030102,0.02633,0.0225,0.018772,0.015156,0.011475,0.0081906,0.00549,0.0038021,0.003725,0.0049961,0.0074278,0.010792,0.014911,0.01927,0.023189,0.026016,0.027491,0.027755,0.027206,0.026321,0.02543,0.024776,0.024398,0.02429,0.024338,0.024983,0.027605
0.027926,0.026579,0.026938,0.027516,0.028167,0.029076,0.030492,0.032688,0.036121,0.041472,0.048906,0.05877,0.071792,0.088121,0.10502,0.12169,0.13737,0.15209,0.16601,0.1794,0.19408,0.21309,0.23475,0.25778,0.28139,0.30206,0.31753,0.32677,0.32946,0.32527,0.31422,0.29674,0.27265,0.24372,0.2134,0.18347,0.15606,0.13228,0.11287,0.098381,0.087359,0.079093,0.073137,0.069118,0.066312,0.064464,0.063282,0.063198,0.063549,0.064605,0.066878,0.069576,0.071755,0.073877,0.075551,0.076818,0.077418,0.077059,0.075954,0.074344,0.072168,0.06994,0.067452,0.064325,0.060685,0.056762,0.053257,0.050771,0.04915,0.048149,0.047285,0.046361,0.044837,0.042751,0.039942,0.036369,0.032057,0.026946,0.021622,0.016441,0.012963,0.011966,0.013077,0.016053,0.02037,0.02559,0.031261,0.036443,0.040531,0.043209,0.044466,0.044708,0.044501,0.044166,0.043808,0.04353,0.043023,0.04215,0.041058,0.040754
0.026098,0.024483,0.024797,0.025416,0.026037,0.026715,0.027513,0.028682,0.030515,0.03352,0.037776,0.043832,0.052434,0.063881,0.076405,0.089269,0.10207,0.11466,0.12704,0.13932,0.15359,0.17114,0.19076,0.21311,0.24017,0.26736,0.29116,0.30956,0.32167,0.3264,0.32344,0.31295,0.29524,0.27178,0.2457,0.21879,0.19312,0.1697,0.14982,0.13439,0.12195,0.11146,0.10249,0.094507,0.087092,0.080127,0.074176,0.069308,0.064842,0.06065,0.057662,0.055448,0.053092,0.050779,0.048265,0.045621,0.042941,0.040246,0.037696,0.035705,0.034306,0.033869,0.034416,0.035741,0.038023,0.041666,0.046457,0.052209,0.05875,0.065306,0.071028,0.075917,0.079157,0.080775,0.080324,0.077432,0.071965,0.063769,0.053837,0.043164,0.034615,0.030049,0.028785,0.030926,0.035176,0.040791,0.046977,0.052662,0.05712,0.059975,0.061334,0.061531,0.06111,0.060475,0.059833,0.059076,0.057956,0.056211,0.053697,0.050766
0.030985,0.028977,0.028621,0.02859,0.028462,0.028321,0.028262,0.028533,0.029435,0.031197,0.033853,0.03753,0.042846,0.050156,0.058408,0.067201,0.076327,0.086037,0.096411,0.10748,0.121,0.13706,0.15395,0.17152,0.19207,0.21244,0.23117,0.24674,0.25853,0.26526,0.26658,0.26221,0.25226,0.23785,0.22096,0.20257,0.18433,0.1671,0.15152,0.13825,0.12669,0.11604,0.10614,0.096733,0.087615,0.078803,0.071051,0.064426,0.058286,0.052362,0.047582,0.043922,0.040388,0.037174,0.034191,0.03139,0.02913,0.027363,0.026185,0.025886,0.02658,0.028618,0.032531,0.038433,0.046794,0.058082,0.071714,0.086944,0.10281,0.11756,0.12991,0.14025,0.14728,0.15118,0.15123,0.14704,0.13863,0.12568,0.10944,0.091044,0.07423,0.061446,0.053456,0.050054,0.050518,0.053039,0.056821,0.060721,0.064241,0.066932,0.068645,0.069525,0.069948,0.070159,0.070205,0.07003,0.069297,0.067612,0.064498,0.060034
0.03379,0.032245,0.032076,0.031871,0.031455,0.031037,0.030666,0.030485,0.030671,0.03126,0.032406,0.034385,0.037237,0.040825,0.044946,0.049409,0.054163,0.059572,0.066076,0.073634,0.083856,0.096425,0.11039,0.12579,0.14443,0.1627,0.17899,0.19216,0.2017,0.20712,0.20835,0.20582,0.19978,0.19147,0.18205,0.17192,0.16121,0.15029,0.13971,0.12949,0.11967,0.10989,0.10008,0.090253,0.080728,0.071737,0.063886,0.057005,0.050801,0.044853,0.039873,0.036033,0.0325,0.029504,0.027043,0.025131,0.023989,0.023623,0.024283,0.025888,0.02879,0.033305,0.040493,0.050968,0.065409,0.085209,0.10798,0.13254,0.15736,0.17947,0.19786,0.21284,0.22313,0.22893,0.22945,0.2241,0.21258,0.19427,0.17071,0.14387,0.11735,0.094338,0.07774,0.066524,0.060912,0.058341,0.058211,0.059548,0.061641,0.063573,0.065064,0.066066,0.067001,0.06801,0.068898,0.069507,0.069488,0.068333,0.065326,0.060628
0.042539,0.042881,0.044085,0.044853,0.045088,0.045022,0.044599,0.043915,0.04296,0.04196,0.041109,0.040573,0.04021,0.040177,0.040524,0.041328,0.042727,0.04477,0.047741,0.051823,0.058213,0.066402,0.07591,0.08637,0.099264,0.11171,0.12271,0.13142,0.13744,0.14067,0.14115,0.13928,0.13523,0.13002,0.12482,0.11984,0.11484,0.10968,0.10414,0.098299,0.092086,0.085066,0.077528,0.069597,0.062169,0.055509,0.049655,0.044462,0.039817,0.035649,0.032364,0.029796,0.027628,0.025982,0.02491,0.024611,0.025146,0.026846,0.029888,0.034253,0.040227,0.04808,0.058646,0.073183,0.092515,0.11823,0.14741,0.17799,0.20854,0.23668,0.26098,0.28133,0.29588,0.30434,0.30543,0.29837,0.28269,0.25786,0.22594,0.18962,0.15323,0.12,0.094314,0.075241,0.063874,0.057505,0.055223,0.055563,0.057181,0.059557,0.062097,0.064457,0.066636,0.068649,0.070257,0.071271,0.071495,0.07035,0.067161,0.061965
0.051821,0.054499,0.057125,0.058705,0.059327,0.059262,0.058541,0.05729,0.055511,0.053287,0.051098,0.049206,0.047504,0.046012,0.045003,0.044421,0.044402,0.044964,0.046221,0.048398,0.05205,0.056809,0.06218,0.068065,0.07537,0.082353,0.088344,0.092806,0.095742,0.096928,0.096474,0.095022,0.092449,0.089652,0.086843,0.083955,0.080651,0.07683,0.07254,0.067799,0.062843,0.057647,0.052268,0.046921,0.042526,0.039102,0.03645,0.034284,0.032583,0.031283,0.030383,0.030145,0.030384,0.031239,0.033148,0.03633,0.040693,0.046465,0.05346,0.061495,0.070641,0.081019,0.093544,0.10976,0.13029,0.15651,0.18531,0.21525,0.24514,0.2731,0.29735,0.31741,0.33156,0.33916,0.33881,0.3296,0.31121,0.28311,0.24774,0.20843,0.1695,0.13321,0.10425,0.080605,0.065053,0.055125,0.049627,0.04735,0.047325,0.048393,0.04987,0.051488,0.053233,0.055047,0.056697,0.057994,0.058908,0.058967,0.057609,0.054868
0.055655,0.059953,0.064165,0.067243,0.069213,0.070418,0.070978,0.070882,0.069922,0.068089,0.066084,0.064077,0.061823,0.059373,0.057498,0.055983,0.055029,0.054736,0.055018,0.055923,0.057916,0.060801,0.064082,0.067752,0.072033,0.07602,0.079237,0.081226,0.082042,0.081671,0.080376,0.078725,0.076487,0.074183,0.072257,0.070527,0.06825,0.065026,0.06078,0.056044,0.05103,0.045936,0.040945,0.036261,0.03275,0.030542,0.029254,0.028648,0.028757,0.02951,0.030826,0.032844,0.035662,0.039432,0.045103,0.053293,0.06344,0.07578,0.089271,0.10281,0.11616,0.12899,0.14193,0.15649,0.17341,0.19383,0.21584,0.23879,0.26158,0.28253,0.3001,0.31358,0.32159,0.32329,0.31773,0.30419,0.28248,0.25283,0.21806,0.18132,0.14678,0.11518,0.090352,0.070046,0.05583,0.046065,0.040201,0.037337,0.036745,0.037553,0.039162,0.041179,0.043462,0.045834,0.047942,0.04962,0.050804,0.051277,0.050746,0.049607
0.05571,0.060827,0.066164,0.070415,0.073586,0.076006,0.077842,0.078956,0.079093,0.078276,0.076971,0.075054,0.072449,0.069409,0.066744,0.064562,0.063103,0.062629,0.06319,0.064792,0.067215,0.070132,0.072999,0.07576,0.078464,0.080626,0.082047,0.082354,0.081888,0.080636,0.079035,0.077749,0.076751,0.076316,0.075906,0.075348,0.073741,0.070671,0.066483,0.061134,0.05566,0.050592,0.045826,0.041664,0.038731,0.03718,0.03661,0.036974,0.038422,0.040916,0.044322,0.048997,0.054999,0.062316,0.072213,0.085567,0.10149,0.11949,0.1372,0.15291,0.16599,0.17637,0.18472,0.1925,0.20051,0.2097,0.21894,0.22797,0.23664,0.24472,0.25113,0.25522,0.25619,0.25302,0.24483,0.23104,0.21147,0.18655,0.15854,0.13055,0.10593,0.083849,0.066418,0.052401,0.042476,0.035737,0.031891,0.030104,0.030101,0.031429,0.0336,0.036094,0.03882,0.041508,0.043796,0.045541,0.046604,0.046882,0.046425,0.046167
0.055075,0.060082,0.065563,0.070063,0.073571,0.076364,0.078578,0.080201,0.08114,0.081295,0.081036,0.080234,0.078693,0.076552,0.074554,0.072935,0.072034,0.071855,0.072324,0.073495,0.075011,0.07654,0.077778,0.078691,0.07935,0.080028,0.080523,0.080557,0.079995,0.078824,0.077072,0.075412,0.073938,0.072486,0.070953,0.069278,0.067273,0.064168,0.060167,0.055715,0.051734,0.048336,0.045526,0.043388,0.042327,0.042249,0.043053,0.044807,0.047699,0.051989,0.057732,0.065985,0.076906,0.090206,0.10682,0.12767,0.15074,0.17457,0.19611,0.21339,0.22582,0.23292,0.23538,0.23455,0.23137,0.22658,0.22078,0.215,0.20985,0.20612,0.20365,0.20138,0.19779,0.19215,0.18328,0.17043,0.15373,0.13368,0.11178,0.090836,0.074173,0.060414,0.049943,0.04198,0.035872,0.031705,0.029088,0.028154,0.028776,0.030497,0.032854,0.035425,0.038126,0.040606,0.042624,0.043975,0.044582,0.044315,0.043413,0.043103
0.047959,0.04981,0.053741,0.057583,0.061017,0.064263,0.067352,0.070374,0.073133,0.075403,0.077342,0.078788,0.079702,0.080202,0.080714,0.081446,0.082266,0.08333,0.084524,0.086095,0.088067,0.08998,0.091423,0.09235,0.092906,0.09335,0.093439,0.092798,0.091474,0.08939,0.086555,0.083791,0.081205,0.078158,0.075007,0.071794,0.06843,0.064462,0.060272,0.055959,0.052246,0.049222,0.047185,0.04664,0.047498,0.049591,0.052643,0.056511,0.061421,0.067467,0.074929,0.085286,0.098323,0.11359,0.13221,0.15495,0.18002,0.20464,0.22578,0.24168,0.25137,0.25445,0.25164,0.24416,0.23302,0.21919,0.20488,0.19206,0.18152,0.17342,0.16677,0.16054,0.15371,0.14572,0.13586,0.12392,0.11015,0.095222,0.080028,0.066611,0.056947,0.049644,0.044159,0.040267,0.037322,0.035359,0.03425,0.03421,0.035166,0.036736,0.038567,0.040384,0.042067,0.043434,0.044273,0.044542,0.044196,0.043285,0.042197,0.042596
0.04536,0.045783,0.048859,0.052361,0.056022,0.059908,0.063877,0.068136,0.072489,0.076799,0.081149,0.08537,0.089107,0.092404,0.095946,0.099658,0.10336,0.10712,0.1108,0.11458,0.11834,0.12146,0.12389,0.12516,0.12519,0.12444,0.12279,0.12005,0.11647,0.11208,0.10681,0.10128,0.095736,0.089329,0.083432,0.078309,0.073891,0.069341,0.064804,0.0608,0.057737,0.055847,0.055252,0.055898,0.057303,0.059309,0.061866,0.064855,0.068488,0.072963,0.078794,0.087364,0.098587,0.11231,0.12881,0.14913,0.17162,0.19272,0.21005,0.22216,0.22834,0.22822,0.22262,0.21276,0.1996,0.18438,0.16958,0.15693,0.14679,0.13864,0.13169,0.12528,0.11878,0.11191,0.10425,0.09562,0.086191,0.076332,0.066733,0.058416,0.053066,0.050023,0.048178,0.047296,0.04632,0.045435,0.044582,0.043931,0.04396,0.044522,0.045366,0.046229,0.046994,0.047414,0.047583,0.047465,0.04683,0.045574,0.04409,0.044357
0.049751,0.048568,0.049657,0.05115,0.052912,0.055184,0.05788,0.061259,0.065463,0.070346,0.075696,0.081553,0.087669,0.093852,0.10034,0.10704,0.11348,0.11961,0.12534,0.13067,0.1352,0.13827,0.14016,0.14064,0.13951,0.13745,0.13452,0.1308,0.12644,0.12162,0.11613,0.11044,0.1045,0.097561,0.091174,0.086055,0.082323,0.079228,0.077037,0.07603,0.076128,0.07693,0.078266,0.080139,0.082132,0.084071,0.085848,0.087519,0.089511,0.09199,0.09534,0.10058,0.10772,0.1167,0.12688,0.13889,0.15197,0.1635,0.17218,0.17771,0.17979,0.17852,0.17431,0.16754,0.1589,0.14872,0.13815,0.12803,0.11874,0.11056,0.10353,0.097591,0.092152,0.087079,0.08203,0.076969,0.072331,0.068625,0.066364,0.066225,0.068581,0.072473,0.076482,0.080616,0.083346,0.084895,0.085262,0.084756,0.08389,0.082962,0.082335,0.081972,0.081673,0.081159,0.080369,0.079134,0.077181,0.074118,0.070094,0.066975
0.078209,0.087734,0.09724,0.10526,0.11242,0.11887,0.12449,0.12914,0.13289,0.13567,0.1372,0.13738,0.13579,0.13239,0.12705,0.12027,0.11202,0.10323,0.094487,0.086683,0.080043,0.074832,0.071198,0.067887,0.064894,0.061956,0.05892,0.055785,0.052815,0.050003,0.047962,0.046797,0.045995,0.045756,0.045698,0.045622,0.045749,0.046124,0.046964,0.04812,0.049709,0.052145,0.054944,0.058301,0.062201,0.066196,0.070347,0.074605,0.07906,0.083907,0.089136,0.094578,0.10012,0.10598,0.11196,0.1182,0.12376,0.12897,0.13373,0.13842,0.14242,0.1457,0.14785,0.14928,0.15002,0.15036,0.15031,0.1499,0.14909,0.14767,0.14589,0.14371,0.14096,0.13766,0.13365,0.12899,0.12421,0.11996,0.11666,0.1142,0.11229,0.11081,0.10967,0.10836,0.10701,0.10571,0.10414,0.10243,0.10091,0.099567,0.098267,0.096979,0.095641,0.09415,0.092367,0.09007,0.087013,0.082881,0.077694,0.072904
0.058322,0.064554,0.071728,0.078891,0.086691,0.09537,0.10539,0.11685,0.1298,0.14441,0.15919,0.17286,0.18455,0.19327,0.19763,0.19716,0.19163,0.18115,0.16696,0.15162,0.13735,0.12566,0.1169,0.10848,0.10047,0.092406,0.084151,0.076244,0.068925,0.062442,0.057727,0.054517,0.052018,0.050242,0.048606,0.047163,0.045985,0.045124,0.044601,0.044438,0.045284,0.046745,0.048529,0.050654,0.053042,0.055514,0.058151,0.060975,0.064142,0.067461,0.070992,0.074708,0.078392,0.082146,0.085854,0.089542,0.092574,0.096005,0.099444,0.10345,0.10725,0.11127,0.11478,0.11785,0.12029,0.12209,0.12338,0.12417,0.12439,0.12375,0.12252,0.12072,0.11833,0.11522,0.11142,0.10696,0.10245,0.098485,0.09557,0.093569,0.092272,0.091248,0.09022,0.088737,0.087136,0.085442,0.083483,0.081366,0.079369,0.077373,0.075396,0.073453,0.071585,0.069629,0.067515,0.065161,0.062457,0.059237,0.05573,0.05373
0.049627,0.05416,0.059866,0.06576,0.072404,0.080065,0.089163,0.1001,0.11351,0.13073,0.15081,0.17204,0.19321,0.21297,0.22955,0.24122,0.24681,0.2449,0.23637,0.22285,0.20604,0.18891,0.17315,0.15719,0.14183,0.12723,0.11308,0.10009,0.088753,0.079205,0.071906,0.066589,0.062316,0.058854,0.055429,0.051638,0.047695,0.043754,0.04036,0.037878,0.03731,0.037983,0.039277,0.040981,0.042944,0.044918,0.046954,0.049008,0.051032,0.053125,0.055528,0.058036,0.060596,0.063256,0.066049,0.06953,0.073424,0.07863,0.084584,0.091371,0.098064,0.1045,0.10992,0.11424,0.11747,0.11961,0.12074,0.12113,0.12068,0.11929,0.11731,0.11486,0.11192,0.10841,0.10447,0.099896,0.095264,0.090912,0.087223,0.084012,0.08125,0.078686,0.076087,0.073213,0.070338,0.067616,0.064787,0.062158,0.059967,0.058011,0.056264,0.054671,0.053289,0.051992,0.050685,0.04933,0.047909,0.046404,0.045137,0.045856
0.051284,0.055227,0.059983,0.064761,0.069707,0.075175,0.081794,0.089881,0.10012,0.11427,0.13208,0.15226,0.17426,0.19694,0.21831,0.2365,0.25,0.25685,0.25721,0.25197,0.24185,0.22882,0.21492,0.19965,0.1839,0.16839,0.15335,0.13967,0.12794,0.11859,0.11159,0.10632,0.10179,0.097548,0.092682,0.086661,0.079846,0.072482,0.065321,0.059134,0.055557,0.053322,0.051772,0.050942,0.050728,0.050895,0.051361,0.051931,0.0528,0.053685,0.054373,0.054916,0.055327,0.055789,0.056306,0.057262,0.059108,0.062688,0.067254,0.072664,0.078596,0.084758,0.09028,0.095089,0.099021,0.10188,0.1038,0.10483,0.10494,0.10399,0.10222,0.099538,0.096218,0.092269,0.088036,0.083333,0.078834,0.074491,0.070357,0.066505,0.063071,0.059849,0.056917,0.054238,0.05195,0.050038,0.048358,0.046952,0.046054,0.045533,0.045214,0.044982,0.044727,0.044393,0.043975,0.04356,0.043031,0.042339,0.041871,0.043435
0.048383,0.05061,0.053705,0.056646,0.059594,0.062773,0.066616,0.071613,0.078515,0.088239,0.10136,0.11773,0.1368,0.15808,0.1804,0.2015,0.21946,0.23242,0.23999,0.24229,0.23971,0.23352,0.22504,0.21499,0.20419,0.19338,0.18295,0.17355,0.16543,0.15859,0.15274,0.14746,0.14194,0.13561,0.12774,0.11786,0.10673,0.094939,0.083209,0.07277,0.065748,0.060581,0.056588,0.053401,0.050929,0.049211,0.048092,0.047394,0.046861,0.04634,0.045727,0.044955,0.043943,0.043095,0.042429,0.042389,0.043749,0.047103,0.051867,0.057793,0.064621,0.07191,0.078935,0.085343,0.090965,0.095694,0.099534,0.10239,0.10423,0.10492,0.10469,0.10349,0.10151,0.098773,0.095606,0.092017,0.088512,0.084596,0.080125,0.075231,0.070205,0.065053,0.060064,0.055819,0.052659,0.050283,0.048576,0.047489,0.046949,0.046817,0.047035,0.047307,0.047623,0.047898,0.048027,0.048,0.047719,0.047171,0.04668,0.047736
0.056911,0.061178,0.065176,0.068278,0.070472,0.072041,0.073411,0.074891,0.077015,0.08036,0.085277,0.091944,0.10111,0.11283,0.12672,0.14095,0.15418,0.16497,0.17299,0.17781,0.17955,0.17856,0.17627,0.17371,0.17074,0.16797,0.16568,0.16415,0.16413,0.16539,0.16653,0.16689,0.16521,0.16093,0.15399,0.14436,0.13257,0.11936,0.10592,0.09307,0.083163,0.075004,0.067867,0.061664,0.056604,0.052892,0.050067,0.047786,0.045872,0.044134,0.04234,0.040576,0.039263,0.038783,0.039459,0.041466,0.045328,0.051001,0.057781,0.065323,0.072765,0.080106,0.087054,0.093165,0.098524,0.10322,0.10716,0.11021,0.11248,0.11377,0.11421,0.1136,0.11223,0.11005,0.10751,0.10492,0.10264,0.099486,0.094912,0.089141,0.082534,0.075595,0.068861,0.06341,0.059496,0.056656,0.054702,0.053608,0.053149,0.053193,0.053704,0.054303,0.054821,0.05528,0.055465,0.055384,0.054975,0.054069,0.052929,0.052539
0.067219,0.073077,0.076809,0.078158,0.077758,0.076197,0.073982,0.071167,0.068107,0.065104,0.062928,0.061924,0.062908,0.066532,0.073045,0.081743,0.091621,0.10122,0.1096,0.11613,0.12062,0.12305,0.12451,0.12654,0.12923,0.13312,0.13863,0.14564,0.15406,0.16339,0.1724,0.17989,0.18464,0.18571,0.18276,0.17564,0.165,0.15163,0.13687,0.12176,0.10807,0.095812,0.084744,0.074952,0.066565,0.059774,0.054099,0.049364,0.045467,0.042054,0.038964,0.036481,0.034988,0.035482,0.03802,0.042744,0.05016,0.059358,0.069062,0.078828,0.088093,0.097069,0.10522,0.11201,0.11753,0.12193,0.1252,0.12728,0.1284,0.12874,0.12871,0.12822,0.12764,0.12678,0.12572,0.12477,0.12384,0.12155,0.11702,0.11025,0.10162,0.092176,0.082917,0.075512,0.070152,0.066079,0.062942,0.06076,0.059358,0.058952,0.059276,0.060008,0.060802,0.06155,0.061983,0.061996,0.061456,0.060045,0.057919,0.055992
0.083343,0.092063,0.096831,0.097538,0.095159,0.090671,0.084914,0.078206,0.071199,0.063915,0.056859,0.05068,0.045965,0.043082,0.042349,0.043174,0.04509,0.047673,0.050158,0.052218,0.053471,0.053992,0.054551,0.056175,0.058673,0.062382,0.068031,0.075451,0.084918,0.096503,0.10909,0.12155,0.13256,0.14115,0.14675,0.14905,0.14807,0.144,0.1373,0.12874,0.11944,0.1098,0.09993,0.089927,0.080157,0.07149,0.06383,0.05739,0.051974,0.047158,0.043246,0.041113,0.040664,0.042967,0.04817,0.056336,0.067736,0.080478,0.09369,0.10692,0.11916,0.13018,0.13993,0.14733,0.15265,0.15614,0.15796,0.1586,0.15854,0.15859,0.1589,0.15932,0.15953,0.15933,0.15862,0.15799,0.15666,0.15287,0.14586,0.13575,0.12327,0.1102,0.097751,0.088423,0.082092,0.077599,0.074581,0.072677,0.071751,0.071832,0.072664,0.073664,0.074481,0.075017,0.074906,0.074037,0.072239,0.069107,0.064579,0.0598
0.10533,0.11871,0.12601,0.12742,0.12427,0.11803,0.10976,0.10004,0.089365,0.078051,0.06688,0.056789,0.048263,0.041736,0.03755,0.035029,0.033799,0.033948,0.034745,0.035508,0.036094,0.036423,0.036791,0.037803,0.039356,0.041722,0.04517,0.049711,0.05552,0.062777,0.071113,0.080329,0.089309,0.097269,0.1038,0.10838,0.11086,0.11125,0.10984,0.10683,0.10279,0.09817,0.092972,0.087203,0.081079,0.07509,0.069166,0.063746,0.058709,0.054138,0.050396,0.048385,0.049085,0.052946,0.060221,0.070812,0.084951,0.10062,0.11659,0.13223,0.14635,0.15852,0.16913,0.1771,0.18291,0.18707,0.18941,0.19051,0.19074,0.1905,0.18992,0.18858,0.18611,0.18233,0.17762,0.17338,0.16797,0.16001,0.14892,0.13476,0.1187,0.10269,0.088653,0.078885,0.072972,0.069426,0.067437,0.066455,0.066401,0.067004,0.068144,0.069302,0.070175,0.07076,0.070723,0.070006,0.068404,0.065639,0.061783,0.057863
0.12164,0.1385,0.14825,0.15113,0.14889,0.14322,0.13505,0.12492,0.11334,0.10051,0.087319,0.074458,0.062431,0.051789,0.043096,0.036876,0.032777,0.030638,0.029809,0.029476,0.029442,0.029559,0.029758,0.030171,0.030537,0.03104,0.031929,0.033144,0.03494,0.037462,0.040689,0.044457,0.048793,0.053424,0.058187,0.062481,0.066089,0.068719,0.07017,0.070471,0.069818,0.068435,0.066298,0.063454,0.060198,0.056957,0.053929,0.051478,0.049667,0.048322,0.048109,0.049871,0.054703,0.063464,0.076109,0.091965,0.11096,0.13081,0.15054,0.16966,0.18734,0.20306,0.21712,0.22781,0.23527,0.23941,0.2399,0.23701,0.23131,0.22367,0.21487,0.20521,0.19476,0.18383,0.17325,0.1646,0.15529,0.14436,0.13157,0.11715,0.10197,0.08786,0.076219,0.069065,0.065499,0.064208,0.064334,0.065063,0.065924,0.066958,0.067881,0.068215,0.067909,0.067122,0.065758,0.063893,0.061507,0.058397,0.054734,0.051779
0.11324,0.12749,0.13551,0.13775,0.13577,0.13118,0.12503,0.11784,0.10962,0.10046,0.091008,0.081553,0.071958,0.062578,0.053775,0.046102,0.039912,0.036121,0.034116,0.033262,0.033126,0.033482,0.033843,0.033995,0.033686,0.033048,0.032354,0.031799,0.031496,0.03147,0.031643,0.032111,0.032756,0.033734,0.035275,0.037048,0.039033,0.040998,0.042861,0.044483,0.045888,0.047145,0.048294,0.049393,0.050145,0.050839,0.051526,0.052451,0.053749,0.055783,0.059106,0.064535,0.073814,0.087753,0.10567,0.12663,0.15035,0.17491,0.19908,0.22218,0.24391,0.2636,0.2803,0.2916,0.29706,0.29646,0.28985,0.27764,0.26145,0.24272,0.22288,0.20308,0.18403,0.16612,0.15039,0.13814,0.12642,0.1142,0.10156,0.088198,0.074818,0.062972,0.053926,0.048589,0.045757,0.044935,0.045096,0.04568,0.046484,0.047401,0.048145,0.048726,0.049015,0.049067,0.048849,0.04838,0.047519,0.046147,0.044452,0.043702
0.11064,0.12354,0.13049,0.13236,0.13081,0.12746,0.12323,0.11834,0.1127,0.10635,0.099707,0.092687,0.085038,0.076766,0.068275,0.060261,0.053345,0.048524,0.045895,0.044688,0.044759,0.045867,0.047198,0.048314,0.048957,0.048842,0.048,0.046595,0.044844,0.042668,0.04025,0.037797,0.0356,0.033906,0.032723,0.03188,0.031599,0.032132,0.033248,0.03479,0.036468,0.038337,0.040329,0.042378,0.044613,0.047098,0.04989,0.053287,0.057527,0.062921,0.070072,0.079497,0.093126,0.11129,0.13279,0.15621,0.1812,0.20626,0.23029,0.25269,0.27417,0.29326,0.30799,0.31626,0.31753,0.3115,0.29852,0.27855,0.25388,0.2265,0.19837,0.1714,0.14648,0.1249,0.10754,0.094633,0.083307,0.072909,0.063616,0.054703,0.046683,0.040408,0.036041,0.033947,0.033518,0.034316,0.035771,0.037519,0.039208,0.040648,0.041743,0.042423,0.042709,0.042613,0.042282,0.041779,0.040997,0.039729,0.038209,0.037681
0.094388,0.10558,0.11199,0.11423,0.11397,0.11269,0.11122,0.10966,0.1081,0.10665,0.10554,0.10426,0.10227,0.099231,0.094832,0.0893,0.083473,0.07893,0.076854,0.077579,0.080666,0.085787,0.091162,0.095407,0.097607,0.097531,0.095195,0.090772,0.08446,0.076526,0.067724,0.058628,0.049942,0.042463,0.036552,0.031684,0.027713,0.024884,0.023351,0.022873,0.022955,0.023685,0.025038,0.027012,0.029495,0.032632,0.036657,0.041841,0.048208,0.056258,0.066465,0.079114,0.096931,0.11895,0.14402,0.16994,0.19577,0.22015,0.24247,0.26188,0.27997,0.29518,0.30487,0.30762,0.30342,0.29233,0.27559,0.25229,0.22473,0.19524,0.16542,0.13846,0.11536,0.096405,0.081336,0.069867,0.059979,0.051405,0.044206,0.037833,0.032539,0.028526,0.025588,0.02396,0.023491,0.024079,0.025449,0.027482,0.029809,0.032266,0.034688,0.036652,0.03822,0.039398,0.04022,0.040706,0.040616,0.039881,0.038686,0.038299
0.085621,0.096745,0.10386,0.10725,0.10821,0.10812,0.10787,0.10767,0.10755,0.10782,0.10944,0.11145,0.11324,0.11417,0.11406,0.11313,0.11195,0.11246,0.11554,0.12184,0.13062,0.14162,0.15297,0.16259,0.16936,0.17227,0.17095,0.16525,0.15547,0.14186,0.12549,0.10764,0.089747,0.073835,0.060484,0.049417,0.040539,0.033877,0.029239,0.026157,0.024208,0.023182,0.02313,0.024028,0.025759,0.028402,0.032026,0.036929,0.043599,0.052794,0.064858,0.079489,0.099503,0.12232,0.1464,0.16964,0.1907,0.20886,0.22394,0.23508,0.24443,0.2505,0.2516,0.24798,0.2395,0.22677,0.21095,0.19004,0.16629,0.14167,0.1179,0.098171,0.082342,0.070119,0.060498,0.052936,0.046379,0.040536,0.035455,0.030777,0.02686,0.024273,0.022511,0.021025,0.019802,0.019063,0.018747,0.019043,0.019961,0.021656,0.023785,0.025925,0.028014,0.029929,0.031817,0.033701,0.035241,0.036316,0.03713,0.038575
0.075526,0.086487,0.094011,0.098101,0.099804,0.1004,0.10064,0.10084,0.1014,0.10277,0.10576,0.1095,0.11336,0.11678,0.11976,0.12258,0.12621,0.1327,0.14238,0.15568,0.17293,0.19324,0.21394,0.23204,0.24544,0.25282,0.25341,0.24705,0.23403,0.21488,0.19107,0.16469,0.13807,0.11422,0.09383,0.076377,0.061768,0.050407,0.041675,0.034698,0.02951,0.025972,0.023788,0.02292,0.02322,0.024696,0.027383,0.031495,0.037514,0.04595,0.056596,0.068688,0.084799,0.10185,0.11863,0.1339,0.14696,0.1575,0.16556,0.17087,0.17547,0.17805,0.17766,0.17437,0.16827,0.1596,0.14957,0.1358,0.12069,0.10553,0.090933,0.079097,0.069769,0.063155,0.057559,0.052655,0.047933,0.04319,0.038255,0.03333,0.028965,0.025388,0.022345,0.019593,0.017421,0.0159,0.014925,0.015032,0.015952,0.017611,0.019692,0.021947,0.024262,0.026563,0.028943,0.031396,0.033473,0.035166,0.036522,0.038238
0.051793,0.057051,0.061093,0.063437,0.064556,0.065022,0.065347,0.065797,0.066788,0.068852,0.072772,0.077701,0.083419,0.089336,0.095384,0.10196,0.10968,0.12072,0.13551,0.15508,0.18091,0.2117,0.24466,0.27535,0.30063,0.31865,0.32777,0.32718,0.31696,0.29748,0.27019,0.23758,0.20201,0.16838,0.1387,0.11318,0.091622,0.074545,0.061084,0.050187,0.042206,0.036645,0.032862,0.030674,0.029647,0.029509,0.030316,0.032194,0.035298,0.040001,0.046408,0.053729,0.064211,0.074829,0.084781,0.09331,0.099966,0.10486,0.10843,0.11069,0.11319,0.11517,0.11563,0.11446,0.11159,0.10747,0.1033,0.09747,0.091103,0.085108,0.079639,0.0761,0.073847,0.073419,0.073022,0.071846,0.069705,0.06663,0.062529,0.05769,0.05257,0.047587,0.04214,0.036212,0.030574,0.025439,0.021249,0.019303,0.018852,0.019624,0.021394,0.023604,0.026128,0.028633,0.031134,0.033477,0.035253,0.036626,0.037526,0.038172
0.035036,0.035883,0.037449,0.03863,0.039257,0.039516,0.039585,0.039582,0.039868,0.040814,0.042841,0.045694,0.049354,0.053577,0.05853,0.064609,0.072647,0.084121,0.099088,0.11798,0.14248,0.17291,0.20821,0.2437,0.27611,0.30312,0.32285,0.33368,0.33499,0.32647,0.30898,0.28407,0.25379,0.22198,0.19091,0.16181,0.13536,0.11298,0.094452,0.079189,0.067856,0.059613,0.053547,0.049355,0.046728,0.045034,0.043895,0.0432,0.042951,0.04335,0.044534,0.046103,0.049409,0.052435,0.054981,0.056832,0.05777,0.058002,0.057752,0.057146,0.056979,0.057066,0.057185,0.057382,0.057834,0.058988,0.062044,0.066621,0.072477,0.079443,0.087045,0.095464,0.10375,0.11295,0.12041,0.12505,0.12685,0.12607,0.12244,0.1168,0.10953,0.10126,0.091389,0.080013,0.067844,0.055983,0.045266,0.038201,0.034176,0.033056,0.033969,0.03599,0.038646,0.041249,0.043593,0.045677,0.047054,0.047702,0.047242,0.046028
0.028253,0.024971,0.023711,0.023033,0.022531,0.021995,0.021486,0.021131,0.021113,0.021653,0.02301,0.025081,0.027748,0.030825,0.034445,0.038908,0.044646,0.052559,0.063316,0.077367,0.095747,0.11861,0.14544,0.17295,0.19929,0.22279,0.24186,0.25525,0.26206,0.26164,0.25461,0.24136,0.22299,0.20246,0.18086,0.15893,0.13768,0.11937,0.10387,0.0907,0.080856,0.073556,0.067812,0.06343,0.060347,0.057509,0.05446,0.050944,0.047345,0.043594,0.040099,0.037264,0.035201,0.033298,0.031639,0.030429,0.029706,0.029499,0.029813,0.030817,0.032649,0.035199,0.038506,0.042207,0.046817,0.053302,0.063504,0.079137,0.098174,0.11872,0.13959,0.15951,0.1771,0.1934,0.20608,0.21403,0.21727,0.21603,0.21036,0.20137,0.18898,0.17444,0.15768,0.13896,0.11885,0.098824,0.080285,0.066646,0.057711,0.053275,0.051555,0.05162,0.052774,0.054338,0.05605,0.057578,0.058465,0.058519,0.057302,0.054696
0.02846,0.023574,0.020903,0.019205,0.017958,0.016895,0.015954,0.015091,0.014378,0.013992,0.014027,0.014412,0.015189,0.016295,0.01784,0.020027,0.023152,0.027665,0.034065,0.043067,0.055659,0.071884,0.091416,0.11128,0.13002,0.14662,0.16003,0.16967,0.1753,0.17643,0.17396,0.16784,0.15863,0.14844,0.13719,0.12513,0.11313,0.10211,0.092312,0.08365,0.077482,0.07313,0.06999,0.067603,0.066184,0.064344,0.061473,0.057354,0.052764,0.047572,0.042119,0.037736,0.03395,0.030721,0.028161,0.02641,0.025444,0.025337,0.026145,0.028012,0.030664,0.034269,0.038952,0.043727,0.049758,0.058536,0.073005,0.0954,0.12161,0.14944,0.17725,0.20331,0.22669,0.24894,0.2691,0.28577,0.29824,0.30547,0.30616,0.3001,0.2867,0.26748,0.24305,0.21509,0.18438,0.15281,0.12218,0.09647,0.077173,0.065868,0.059608,0.056466,0.055062,0.054552,0.054416,0.054325,0.054007,0.053279,0.051728,0.049811
0.029076,0.024033,0.02126,0.019453,0.01807,0.016861,0.015778,0.014766,0.013815,0.013162,0.012854,0.01295,0.01347,0.014298,0.015401,0.016879,0.018867,0.02137,0.024617,0.028989,0.035052,0.043036,0.053403,0.064556,0.07542,0.085367,0.093668,0.099907,0.10384,0.10514,0.10456,0.10186,0.097841,0.093295,0.088708,0.084135,0.079269,0.074195,0.068964,0.063996,0.060356,0.057577,0.055243,0.053317,0.052334,0.050666,0.047783,0.04357,0.039093,0.034371,0.029748,0.026674,0.024162,0.02295,0.022875,0.023919,0.026005,0.029145,0.033723,0.040029,0.047551,0.056202,0.065693,0.074671,0.084507,0.096283,0.11301,0.13738,0.16524,0.19522,0.22663,0.25793,0.28733,0.31503,0.33926,0.35767,0.36873,0.37129,0.36495,0.35039,0.3278,0.29935,0.26698,0.2336,0.19926,0.16496,0.13206,0.10308,0.079152,0.064834,0.056596,0.051884,0.049637,0.048696,0.048385,0.048227,0.047884,0.046998,0.045476,0.044178
0.032147,0.028346,0.026361,0.024995,0.023635,0.022182,0.020671,0.019084,0.017644,0.01654,0.015712,0.015256,0.015124,0.015366,0.016034,0.016958,0.018071,0.019144,0.020283,0.021899,0.02417,0.027344,0.03181,0.036803,0.042096,0.047472,0.052268,0.056346,0.059596,0.061717,0.063494,0.064276,0.06444,0.064112,0.063287,0.061633,0.059229,0.056298,0.052985,0.049757,0.047364,0.045421,0.043851,0.042402,0.041669,0.040274,0.037894,0.03453,0.031457,0.028717,0.026518,0.026182,0.026786,0.028797,0.032193,0.037179,0.043529,0.051314,0.061056,0.072547,0.085013,0.098213,0.11119,0.1225,0.13324,0.14442,0.15967,0.1839,0.21408,0.24782,0.28188,0.31353,0.34099,0.36393,0.38183,0.39282,0.39604,0.39059,0.37663,0.35499,0.32617,0.2923,0.25578,0.22026,0.18543,0.15191,0.12076,0.093407,0.070881,0.056953,0.048788,0.044157,0.041886,0.041232,0.041218,0.04127,0.041179,0.040582,0.039469,0.038792
0.035231,0.031849,0.029997,0.02877,0.027588,0.026373,0.025136,0.023944,0.023026,0.022482,0.022238,0.02259,0.023244,0.024357,0.025507,0.026561,0.027344,0.027598,0.027323,0.026833,0.026393,0.026285,0.026704,0.027084,0.027551,0.028151,0.028632,0.028998,0.029338,0.029458,0.029836,0.030211,0.030919,0.032078,0.033296,0.034152,0.034389,0.033903,0.032792,0.031446,0.030248,0.029063,0.02798,0.027007,0.02672,0.026315,0.025921,0.025833,0.026775,0.028656,0.031696,0.037126,0.044235,0.053951,0.065795,0.079543,0.094807,0.11099,0.12909,0.1487,0.16855,0.18819,0.20605,0.22008,0.23123,0.24099,0.25345,0.27223,0.29179,0.3103,0.327,0.34061,0.34995,0.35462,0.35474,0.34951,0.33861,0.32206,0.30079,0.27621,0.24902,0.21984,0.19062,0.16352,0.1375,0.11272,0.089884,0.069877,0.053244,0.042151,0.035032,0.030828,0.028928,0.028723,0.029344,0.03016,0.030924,0.031275,0.031477,0.032555
0.040239,0.038519,0.038163,0.037916,0.037454,0.037106,0.036868,0.036893,0.037465,0.038544,0.039982,0.041971,0.043969,0.046233,0.048302,0.049942,0.050995,0.050981,0.049777,0.047708,0.045037,0.041853,0.038715,0.035779,0.033229,0.030987,0.028871,0.02683,0.025022,0.023505,0.022521,0.021964,0.021634,0.021566,0.021722,0.021942,0.022112,0.022084,0.021784,0.021452,0.021034,0.020473,0.020062,0.020044,0.020752,0.021725,0.023194,0.025621,0.029774,0.036305,0.044978,0.056673,0.071324,0.089472,0.11005,0.13254,0.15585,0.17956,0.20465,0.23058,0.2561,0.28011,0.30037,0.31407,0.32157,0.32292,0.32034,0.31629,0.30957,0.30179,0.29418,0.28641,0.27786,0.26818,0.25741,0.24518,0.23118,0.21518,0.1977,0.17922,0.16018,0.14057,0.12137,0.10402,0.087855,0.07301,0.059774,0.048176,0.038694,0.032375,0.028197,0.025918,0.025284,0.025681,0.026678,0.02777,0.028757,0.029328,0.029745,0.03114
0.041558,0.040628,0.041362,0.042576,0.043911,0.045608,0.04768,0.05036,0.053786,0.05793,0.062793,0.068357,0.073803,0.079135,0.083492,0.086521,0.087891,0.087241,0.08454,0.080534,0.075216,0.069023,0.062039,0.055122,0.048463,0.042504,0.037057,0.032115,0.028021,0.024967,0.022739,0.021234,0.019989,0.019184,0.018764,0.018829,0.018989,0.019099,0.019066,0.019186,0.019246,0.019194,0.019371,0.020058,0.021495,0.02396,0.027729,0.033387,0.041151,0.052012,0.066385,0.084043,0.10456,0.12835,0.15385,0.18026,0.20633,0.23153,0.25664,0.28132,0.30411,0.32366,0.33725,0.34222,0.33846,0.32617,0.30694,0.28368,0.25973,0.23857,0.22219,0.20907,0.19723,0.18562,0.17366,0.16129,0.14818,0.13425,0.12002,0.10605,0.092829,0.080112,0.06855,0.058903,0.05055,0.043692,0.037836,0.032802,0.028569,0.025484,0.023369,0.022413,0.022327,0.022834,0.023631,0.024445,0.025073,0.025535,0.026177,0.02851
0.041434,0.041365,0.042829,0.044769,0.046757,0.049377,0.052631,0.056887,0.062324,0.068638,0.076028,0.084433,0.092957,0.1016,0.10892,0.11431,0.1174,0.11773,0.11533,0.11084,0.10477,0.098032,0.090372,0.082683,0.075342,0.068403,0.06174,0.055438,0.049766,0.045312,0.041564,0.0384,0.035218,0.032306,0.029728,0.027375,0.025321,0.023665,0.022582,0.022245,0.02227,0.022673,0.023741,0.02551,0.028312,0.032864,0.039584,0.049042,0.061169,0.077411,0.097727,0.12054,0.14519,0.17221,0.19968,0.22652,0.25158,0.274,0.2941,0.31154,0.32464,0.33261,0.33306,0.32451,0.30752,0.28321,0.25387,0.2236,0.19648,0.17548,0.16047,0.14809,0.13656,0.12533,0.11407,0.10292,0.092052,0.081413,0.071533,0.062418,0.053968,0.04584,0.03847,0.032515,0.027761,0.024367,0.021844,0.020011,0.018709,0.017932,0.01732,0.017007,0.01731,0.018178,0.019257,0.020328,0.021265,0.022024,0.023081,0.02589
0.03754,0.037067,0.038316,0.040346,0.042887,0.046406,0.050993,0.057104,0.064806,0.073937,0.084745,0.097157,0.11013,0.12406,0.13692,0.14762,0.15565,0.16048,0.16218,0.16134,0.15854,0.15552,0.15135,0.14689,0.14212,0.13691,0.13112,0.12414,0.11628,0.10832,0.099698,0.090731,0.080425,0.069515,0.059121,0.049721,0.04196,0.035974,0.031726,0.029279,0.028038,0.028019,0.029401,0.032234,0.036587,0.043065,0.051611,0.063185,0.077269,0.095474,0.11742,0.14053,0.16414,0.18847,0.21147,0.23219,0.24927,0.26214,0.27096,0.27576,0.27601,0.27198,0.26274,0.24779,0.22818,0.20478,0.17894,0.15316,0.12954,0.1107,0.096816,0.085334,0.075197,0.065799,0.056942,0.048846,0.041532,0.035187,0.030065,0.025772,0.022079,0.019034,0.016637,0.014919,0.01356,0.013064,0.013275,0.013915,0.014644,0.015307,0.01587,0.016454,0.017165,0.018047,0.01893,0.019607,0.019987,0.020173,0.020552,0.022967
0.035756,0.034893,0.035649,0.036975,0.038624,0.041138,0.044711,0.049757,0.056463,0.064692,0.074732,0.086493,0.099641,0.11449,0.12864,0.14101,0.15123,0.15883,0.16405,0.16748,0.16986,0.17373,0.17707,0.18055,0.18402,0.1869,0.18794,0.18649,0.18249,0.17623,0.16721,0.15564,0.14089,0.12415,0.10725,0.091083,0.076683,0.064924,0.056258,0.050958,0.048207,0.047634,0.049276,0.052904,0.058156,0.065235,0.073949,0.084881,0.097277,0.11212,0.12937,0.14666,0.16326,0.17979,0.19443,0.20679,0.21594,0.22174,0.22447,0.22467,0.22237,0.21739,0.2086,0.19546,0.17825,0.15764,0.13491,0.11187,0.090817,0.074121,0.062377,0.053643,0.046769,0.040964,0.035794,0.031183,0.027093,0.023254,0.019821,0.016789,0.014232,0.012269,0.010995,0.010508,0.010594,0.011478,0.012775,0.014085,0.015284,0.015964,0.016297,0.016247,0.016235,0.016407,0.016713,0.017074,0.017444,0.017925,0.019107,0.022912
0.030253,0.0278,0.027664,0.028199,0.028992,0.030236,0.032096,0.034968,0.039064,0.044762,0.052403,0.062166,0.074274,0.089382,0.10483,0.11955,0.13299,0.14507,0.15558,0.16491,0.1738,0.18528,0.19723,0.21009,0.22371,0.23652,0.24654,0.25222,0.25301,0.24892,0.2395,0.22526,0.20597,0.18331,0.15995,0.13747,0.11745,0.10098,0.088534,0.080319,0.075371,0.073158,0.073404,0.075758,0.079629,0.084933,0.090894,0.097974,0.10555,0.11434,0.1245,0.13437,0.14312,0.1517,0.15897,0.16469,0.16845,0.16996,0.1694,0.16698,0.1626,0.15665,0.14818,0.13657,0.12197,0.10508,0.087308,0.070756,0.057572,0.048118,0.04227,0.03847,0.035497,0.032809,0.030106,0.027293,0.024312,0.021148,0.018038,0.014903,0.012133,0.010433,0.0099008,0.010607,0.012154,0.01457,0.017402,0.020248,0.022587,0.024146,0.025021,0.025383,0.025579,0.025653,0.025755,0.025942,0.025999,0.026069,0.026623,0.029274
0.028483,0.026249,0.025921,0.025989,0.026101,0.026333,0.026793,0.027722,0.029306,0.032135,0.036523,0.042923,0.052032,0.064363,0.077853,0.091559,0.10499,0.11813,0.13105,0.14391,0.15804,0.17643,0.19632,0.21837,0.2436,0.26842,0.28949,0.30485,0.31331,0.31437,0.30766,0.29344,0.27217,0.24582,0.21784,0.19036,0.16594,0.14549,0.12952,0.11848,0.11112,0.10639,0.10383,0.10298,0.10291,0.10295,0.1028,0.10287,0.10261,0.10248,0.1034,0.10446,0.10483,0.10499,0.10458,0.10339,0.10133,0.098055,0.093735,0.088814,0.083432,0.078355,0.07298,0.066784,0.060072,0.053507,0.048075,0.044735,0.043153,0.042704,0.042928,0.043498,0.043808,0.043698,0.04285,0.04116,0.038576,0.03492,0.030519,0.025757,0.021384,0.018531,0.017449,0.018482,0.020705,0.023663,0.026848,0.029683,0.031745,0.032927,0.033358,0.033292,0.033089,0.032871,0.032758,0.032645,0.032357,0.031797,0.031275,0.032476
0.028612,0.026762,0.026889,0.027186,0.027235,0.027135,0.026971,0.026976,0.027325,0.02822,0.029986,0.033205,0.038332,0.046036,0.055017,0.06484,0.07529,0.086261,0.097845,0.11018,0.12441,0.14237,0.16244,0.18479,0.21208,0.24024,0.26651,0.28832,0.30391,0.31208,0.31223,0.30433,0.28905,0.26807,0.24475,0.22098,0.19915,0.18038,0.16499,0.1535,0.14485,0.13793,0.13219,0.12696,0.12136,0.11514,0.10873,0.10239,0.095745,0.089047,0.083898,0.079925,0.076125,0.072916,0.069885,0.066616,0.063237,0.059475,0.055547,0.052009,0.048963,0.047001,0.04575,0.044809,0.044521,0.045693,0.048376,0.052795,0.058945,0.065497,0.072092,0.078566,0.0838,0.087508,0.089236,0.088637,0.085507,0.079316,0.070573,0.060404,0.050394,0.042434,0.037059,0.034763,0.034972,0.036471,0.038737,0.040834,0.042396,0.043274,0.043555,0.043471,0.043153,0.04278,0.042476,0.042108,0.041463,0.040395,0.039089,0.038828
0.035067,0.0337,0.033793,0.033762,0.03337,0.032724,0.031884,0.031178,0.030695,0.030775,0.031465,0.033108,0.035716,0.039692,0.044526,0.049957,0.055956,0.062638,0.070227,0.078982,0.090137,0.10474,0.12174,0.14109,0.16573,0.19167,0.21638,0.23817,0.25576,0.26803,0.27408,0.27366,0.26706,0.25515,0.24043,0.22406,0.20751,0.19178,0.17771,0.16568,0.15513,0.14534,0.13599,0.12672,0.11721,0.1073,0.097509,0.088171,0.078961,0.069883,0.062776,0.057509,0.052942,0.049398,0.046202,0.043296,0.040849,0.038732,0.037134,0.03614,0.03576,0.036582,0.038796,0.042399,0.04741,0.054786,0.063959,0.075245,0.088472,0.10168,0.11403,0.12546,0.13444,0.14079,0.14395,0.14336,0.13846,0.12876,0.11517,0.099125,0.083072,0.069344,0.059128,0.053181,0.051017,0.05066,0.051381,0.052412,0.053081,0.053239,0.052946,0.052354,0.051493,0.050596,0.049772,0.048878,0.047687,0.046028,0.043953,0.042482
0.046891,0.048368,0.049958,0.050745,0.050696,0.050098,0.049041,0.047781,0.04654,0.045603,0.045276,0.045808,0.046891,0.048779,0.051175,0.053764,0.056656,0.060253,0.064749,0.070525,0.078723,0.089723,0.10283,0.11765,0.13662,0.15586,0.17357,0.18831,0.19933,0.20623,0.20875,0.20713,0.20205,0.19468,0.18697,0.17888,0.17067,0.16246,0.15435,0.14661,0.13899,0.13085,0.12229,0.11294,0.10295,0.092703,0.082754,0.073291,0.064274,0.055614,0.04873,0.043463,0.038963,0.035448,0.032521,0.030087,0.028346,0.027277,0.026945,0.02747,0.029007,0.03192,0.036775,0.043947,0.053588,0.06725,0.083818,0.10307,0.12433,0.14499,0.16384,0.18115,0.19523,0.20598,0.21238,0.21365,0.20902,0.19787,0.18132,0.16074,0.13844,0.11714,0.098991,0.084335,0.074472,0.067659,0.063183,0.05972,0.056849,0.054152,0.051701,0.049656,0.047961,0.04659,0.045425,0.044345,0.043245,0.042042,0.040749,0.040248
0.058993,0.063935,0.067993,0.070241,0.071065,0.070918,0.06983,0.068033,0.065633,0.0628,0.060086,0.057887,0.055957,0.054574,0.053738,0.053228,0.053078,0.053359,0.054336,0.056307,0.060417,0.066659,0.074486,0.083484,0.095352,0.10721,0.11794,0.12669,0.13311,0.1368,0.13776,0.1364,0.13297,0.12784,0.12257,0.11777,0.11323,0.10918,0.10497,0.10028,0.094835,0.088476,0.081268,0.073409,0.065688,0.058589,0.052456,0.046889,0.041766,0.037128,0.033448,0.030685,0.028263,0.026561,0.025654,0.025434,0.02593,0.027196,0.029134,0.031847,0.035507,0.040442,0.047393,0.057316,0.071269,0.091286,0.11524,0.14194,0.17023,0.19783,0.22354,0.24713,0.26675,0.28183,0.29114,0.29328,0.28713,0.2715,0.24767,0.21783,0.18542,0.15384,0.1268,0.10403,0.087947,0.076032,0.068297,0.06315,0.059957,0.05768,0.056239,0.055287,0.054477,0.053767,0.053043,0.05214,0.051048,0.049569,0.047606,0.046194
0.065029,0.071785,0.077711,0.081818,0.08436,0.085822,0.086162,0.085593,0.084095,0.081728,0.078918,0.076058,0.072963,0.069728,0.066838,0.064309,0.062304,0.060952,0.060175,0.060011,0.061335,0.063945,0.067385,0.07149,0.077266,0.08303,0.088053,0.091804,0.094155,0.094809,0.093948,0.09189,0.088449,0.083934,0.079597,0.075613,0.07156,0.067445,0.063197,0.05908,0.055112,0.051231,0.047299,0.043451,0.040243,0.037728,0.035585,0.033878,0.032643,0.031814,0.031538,0.031572,0.031826,0.032903,0.035409,0.039563,0.044904,0.051505,0.058742,0.066368,0.074322,0.082501,0.091857,0.10373,0.11868,0.13896,0.162,0.18699,0.21312,0.23886,0.26258,0.28387,0.30116,0.31361,0.31996,0.31846,0.30815,0.28803,0.25978,0.22585,0.19001,0.15472,0.12417,0.097602,0.078195,0.063418,0.053328,0.046929,0.043727,0.042143,0.041382,0.041048,0.041,0.041019,0.041061,0.040963,0.040807,0.040535,0.040066,0.040402
0.067665,0.075283,0.082353,0.087792,0.091802,0.094795,0.096743,0.097631,0.097296,0.095745,0.093354,0.090182,0.085959,0.080977,0.076239,0.071895,0.06841,0.065613,0.063699,0.062782,0.063243,0.065048,0.067574,0.070385,0.073895,0.077041,0.0794,0.080636,0.080782,0.079703,0.077648,0.075151,0.071797,0.067696,0.063702,0.059954,0.056214,0.052199,0.047939,0.043519,0.039655,0.036187,0.033126,0.030502,0.028821,0.028274,0.028526,0.029369,0.030705,0.032506,0.035058,0.038378,0.042437,0.047289,0.054302,0.063956,0.074972,0.08716,0.099247,0.1104,0.12053,0.1294,0.13782,0.14712,0.15806,0.17265,0.18887,0.20627,0.22451,0.24268,0.25915,0.27351,0.28454,0.29128,0.29261,0.28706,0.27387,0.2524,0.22459,0.19333,0.16222,0.13232,0.1065,0.083841,0.066446,0.052458,0.042645,0.03672,0.033841,0.032603,0.032539,0.032997,0.03386,0.034739,0.035358,0.035625,0.035651,0.035509,0.035554,0.036993
0.073355,0.083344,0.092552,0.099867,0.10559,0.11011,0.11345,0.11564,0.11652,0.11612,0.11482,0.11235,0.10845,0.10328,0.097798,0.092426,0.087757,0.083845,0.080634,0.078102,0.076681,0.075979,0.075539,0.075085,0.074811,0.074672,0.074251,0.073082,0.071317,0.069104,0.066606,0.06438,0.062023,0.059432,0.05701,0.054491,0.051805,0.048467,0.044512,0.040253,0.036141,0.032545,0.029615,0.027613,0.026709,0.027133,0.028624,0.030956,0.034292,0.038699,0.044003,0.050621,0.058481,0.067706,0.079952,0.095983,0.1136,0.13203,0.14887,0.16275,0.17328,0.18032,0.18476,0.18797,0.19062,0.19415,0.19788,0.20204,0.20681,0.2124,0.21773,0.22241,0.22546,0.22592,0.22272,0.2147,0.20178,0.18395,0.16258,0.13975,0.11841,0.098185,0.080288,0.064561,0.05228,0.042648,0.035646,0.031196,0.029003,0.028329,0.02865,0.029538,0.030684,0.03177,0.032577,0.03299,0.033091,0.032945,0.032945,0.034895
0.063909,0.07107,0.07882,0.085806,0.092011,0.097641,0.10256,0.10688,0.11039,0.11283,0.11459,0.11529,0.11441,0.1119,0.10861,0.10484,0.10118,0.0979,0.09511,0.092952,0.09158,0.090863,0.090152,0.089229,0.088326,0.087644,0.086671,0.085076,0.082863,0.08008,0.076604,0.073193,0.0696,0.065384,0.061286,0.057546,0.054174,0.050611,0.047022,0.043562,0.040645,0.038408,0.036894,0.03615,0.036508,0.03817,0.041316,0.046041,0.05233,0.060005,0.068858,0.079886,0.09291,0.10756,0.12545,0.14699,0.16908,0.18982,0.20684,0.21879,0.22533,0.22648,0.22318,0.21667,0.20793,0.19822,0.18865,0.18043,0.17479,0.17226,0.17146,0.17097,0.16972,0.1668,0.16119,0.15222,0.13978,0.12426,0.10698,0.08982,0.075517,0.063646,0.053749,0.045855,0.039555,0.034459,0.030554,0.028281,0.027587,0.02771,0.028411,0.029307,0.03036,0.031287,0.031869,0.032097,0.032008,0.031752,0.031712,0.03413
0.054071,0.05795,0.063309,0.06852,0.073406,0.078119,0.082578,0.086952,0.091142,0.094911,0.098271,0.10086,0.10236,0.10271,0.10256,0.10218,0.10161,0.10105,0.10074,0.10105,0.10218,0.10358,0.10492,0.10587,0.10611,0.10623,0.10566,0.10407,0.10146,0.098117,0.093869,0.089449,0.084649,0.07891,0.07292,0.067332,0.062549,0.057564,0.052889,0.048927,0.04602,0.0443,0.043937,0.044727,0.046516,0.049404,0.053284,0.058179,0.064285,0.071702,0.080738,0.092664,0.10716,0.12393,0.14335,0.16536,0.18735,0.20708,0.22222,0.23191,0.23555,0.23303,0.22542,0.21396,0.1996,0.18349,0.16806,0.15563,0.14649,0.14036,0.13567,0.13186,0.12796,0.12337,0.11712,0.10898,0.09926,0.088381,0.077078,0.067041,0.059673,0.054183,0.04978,0.046416,0.043448,0.040856,0.038668,0.03721,0.036779,0.03695,0.03747,0.038227,0.039078,0.039649,0.039899,0.03979,0.039264,0.03832,0.037441,0.038844
0.047042,0.047916,0.051308,0.054894,0.058375,0.062009,0.065685,0.069674,0.073938,0.078101,0.082069,0.085512,0.088403,0.090662,0.092633,0.094584,0.096404,0.098365,0.10075,0.10412,0.10872,0.11348,0.11783,0.12106,0.12297,0.12429,0.12487,0.12437,0.12271,0.11998,0.11582,0.11067,0.10474,0.097171,0.089391,0.082201,0.076241,0.070515,0.065406,0.061135,0.058124,0.056381,0.056115,0.057312,0.059762,0.063102,0.067428,0.07296,0.079597,0.087625,0.097045,0.10941,0.12431,0.14039,0.15747,0.17575,0.19355,0.20799,0.21713,0.22086,0.21897,0.21192,0.20101,0.18726,0.17183,0.15576,0.14148,0.13039,0.12199,0.11601,0.1115,0.10776,0.10412,0.09991,0.094576,0.088176,0.081158,0.073745,0.066293,0.059842,0.055726,0.053821,0.052913,0.052728,0.052303,0.051884,0.051366,0.051115,0.05122,0.051608,0.052264,0.052878,0.053306,0.053286,0.052793,0.051884,0.050511,0.048563,0.04634,0.045837
0.04804,0.046343,0.04756,0.049099,0.050616,0.052329,0.054216,0.056615,0.059813,0.063633,0.068048,0.073027,0.078249,0.083516,0.089171,0.095002,0.10114,0.10744,0.11383,0.1202,0.12603,0.13061,0.13409,0.13598,0.13619,0.13541,0.13393,0.13183,0.12915,0.12599,0.12189,0.11709,0.11182,0.1053,0.098947,0.093683,0.090018,0.087369,0.08595,0.085659,0.086497,0.088224,0.090995,0.094706,0.098714,0.10285,0.10701,0.1111,0.1154,0.12013,0.12559,0.13267,0.14079,0.1492,0.15717,0.1647,0.17137,0.17576,0.17702,0.17549,0.17143,0.16504,0.157,0.14782,0.13777,0.12717,0.11736,0.10859,0.10086,0.094329,0.088819,0.083898,0.079487,0.075456,0.071545,0.06782,0.064593,0.062152,0.060774,0.060967,0.063162,0.066755,0.070718,0.074873,0.078063,0.08048,0.082049,0.082995,0.083397,0.083358,0.083182,0.082804,0.082249,0.081449,0.08036,0.079008,0.077157,0.074479,0.070883,0.06815
0.090371,0.10244,0.113,0.12069,0.12641,0.13041,0.13272,0.13347,0.1323,0.12946,0.1251,0.1193,0.11247,0.10473,0.096222,0.087863,0.080242,0.073016,0.066604,0.060933,0.056098,0.052799,0.051247,0.050373,0.05014,0.050257,0.050496,0.050793,0.051125,0.051372,0.052001,0.052913,0.053879,0.055046,0.056259,0.057656,0.059324,0.06135,0.064026,0.067005,0.06969,0.072321,0.07474,0.077542,0.080896,0.084562,0.0885,0.092681,0.097225,0.10215,0.10739,0.11289,0.11844,0.12395,0.12925,0.1342,0.13814,0.14174,0.14525,0.14875,0.15208,0.15525,0.15765,0.15939,0.1602,0.16002,0.15886,0.15704,0.1544,0.15082,0.14665,0.14191,0.13672,0.13117,0.12529,0.119,0.1128,0.10727,0.1029,0.099515,0.097047,0.095276,0.093973,0.092783,0.091877,0.09141,0.090987,0.090764,0.090735,0.090649,0.090561,0.090374,0.090074,0.089489,0.088508,0.087087,0.084998,0.081777,0.077412,0.073499
0.067492,0.074738,0.08274,0.090367,0.098259,0.10639,0.11486,0.12372,0.13283,0.14211,0.15064,0.15727,0.16172,0.16352,0.16182,0.15783,0.15129,0.1419,0.13073,0.11862,0.10644,0.096308,0.088857,0.082411,0.077047,0.07233,0.067888,0.063781,0.06011,0.056712,0.054073,0.052288,0.050952,0.050275,0.049669,0.049009,0.048597,0.048708,0.049428,0.051187,0.054096,0.057615,0.061144,0.064996,0.068945,0.072655,0.076076,0.07919,0.082248,0.085024,0.087721,0.090208,0.092416,0.094305,0.096112,0.098263,0.10042,0.10389,0.10819,0.11341,0.11917,0.12537,0.13098,0.13585,0.13946,0.14163,0.14273,0.1432,0.14259,0.14077,0.13805,0.13444,0.13017,0.12536,0.12015,0.11457,0.10887,0.10361,0.099192,0.095592,0.092649,0.089952,0.087408,0.08464,0.081999,0.079675,0.077129,0.074588,0.072393,0.070434,0.068679,0.067222,0.066107,0.065037,0.063896,0.062627,0.061021,0.058834,0.056298,0.055088
0.054003,0.059153,0.065512,0.071869,0.078658,0.086272,0.095199,0.10546,0.11723,0.13113,0.14601,0.16047,0.17372,0.18512,0.19316,0.19781,0.1987,0.19486,0.18735,0.17689,0.16453,0.15232,0.1413,0.13027,0.11973,0.10956,0.10016,0.091543,0.084061,0.077781,0.07287,0.069287,0.066644,0.064755,0.063169,0.061404,0.059738,0.058048,0.056795,0.056333,0.05705,0.058459,0.060356,0.062702,0.065602,0.068765,0.07177,0.07483,0.077579,0.079864,0.081776,0.083191,0.084085,0.084509,0.084755,0.085064,0.085651,0.088072,0.091577,0.096251,0.10154,0.10723,0.11233,0.11655,0.11944,0.12087,0.12117,0.12083,0.11963,0.11758,0.11493,0.11184,0.10835,0.10443,0.10032,0.095928,0.091777,0.087637,0.084003,0.080976,0.078393,0.075976,0.073458,0.070784,0.068177,0.065874,0.063552,0.061553,0.060139,0.059153,0.058456,0.057979,0.057647,0.057179,0.05646,0.05544,0.054029,0.0521,0.050039,0.04969
0.049334,0.053014,0.05781,0.062479,0.067298,0.072639,0.078717,0.086234,0.09579,0.10843,0.12375,0.14029,0.15732,0.1742,0.18889,0.20079,0.20911,0.21229,0.2111,0.20604,0.19779,0.18771,0.17705,0.16515,0.15281,0.14015,0.12743,0.11534,0.10449,0.09514,0.087653,0.081776,0.077162,0.07348,0.070179,0.067002,0.063906,0.060935,0.058653,0.05751,0.058037,0.059443,0.061076,0.06294,0.064769,0.066603,0.068322,0.070046,0.071734,0.073154,0.074184,0.07489,0.075081,0.074937,0.074432,0.073749,0.073379,0.07492,0.077575,0.081251,0.085409,0.090173,0.094888,0.099056,0.10254,0.10534,0.10752,0.109,0.10966,0.10941,0.10839,0.10661,0.10442,0.10176,0.098909,0.095637,0.092487,0.089209,0.085965,0.08283,0.079826,0.076778,0.073879,0.071193,0.068966,0.067123,0.065442,0.064115,0.06324,0.062703,0.062349,0.062055,0.061929,0.061675,0.061198,0.060416,0.05925,0.057466,0.05517,0.053831
0.044603,0.046738,0.050152,0.05331,0.056225,0.059178,0.062499,0.066444,0.071631,0.079286,0.089685,0.10274,0.1179,0.13411,0.1504,0.1656,0.17843,0.18726,0.19214,0.19309,0.19024,0.18426,0.17633,0.16725,0.15753,0.14753,0.1379,0.12927,0.12211,0.11635,0.11157,0.10751,0.10364,0.099721,0.095288,0.090256,0.085059,0.079922,0.075399,0.072327,0.071021,0.070564,0.070108,0.069628,0.069035,0.068521,0.068167,0.068188,0.068307,0.068291,0.068013,0.06732,0.066189,0.065092,0.064402,0.064279,0.06518,0.068002,0.071754,0.076386,0.081344,0.086496,0.091234,0.095369,0.09887,0.10174,0.10399,0.10552,0.10619,0.10607,0.10544,0.10448,0.10368,0.10267,0.10175,0.10077,0.10024,0.099129,0.097195,0.094724,0.091902,0.088752,0.085384,0.082285,0.079773,0.077633,0.075711,0.074017,0.072618,0.071633,0.071123,0.070776,0.070487,0.070086,0.069414,0.068303,0.066656,0.064194,0.060872,0.058289
0.048385,0.051628,0.055168,0.058075,0.060314,0.062227,0.063938,0.065723,0.06803,0.071566,0.076733,0.083639,0.093155,0.10478,0.11752,0.13035,0.14228,0.15174,0.15849,0.16208,0.1623,0.15964,0.15501,0.14976,0.1442,0.13876,0.13387,0.12981,0.12683,0.12471,0.12281,0.12072,0.11782,0.11386,0.10876,0.10264,0.095975,0.089292,0.083046,0.077747,0.074193,0.07162,0.069131,0.066707,0.064454,0.06261,0.061211,0.060203,0.059393,0.05849,0.057286,0.055933,0.054521,0.053786,0.053739,0.054593,0.056671,0.060306,0.064501,0.068795,0.072801,0.076617,0.080069,0.082965,0.08567,0.088387,0.091231,0.094051,0.096738,0.099341,0.10186,0.10424,0.10656,0.10871,0.11089,0.11325,0.11636,0.11884,0.11972,0.11906,0.11682,0.11332,0.10874,0.10408,0.10032,0.097134,0.094542,0.09264,0.091397,0.090803,0.090815,0.090949,0.091052,0.090849,0.090043,0.08847,0.08593,0.081959,0.076186,0.069856
0.052178,0.055956,0.059032,0.060683,0.061003,0.06042,0.059292,0.057833,0.056454,0.055482,0.055335,0.056408,0.059319,0.064233,0.071091,0.079434,0.088464,0.096558,0.1032,0.10795,0.11053,0.11071,0.10954,0.10862,0.108,0.10823,0.10962,0.11204,0.11578,0.12024,0.12455,0.12799,0.12964,0.129,0.12628,0.12154,0.1152,0.10782,0.10032,0.093096,0.086948,0.08154,0.076475,0.071593,0.066964,0.062889,0.05947,0.056584,0.05399,0.051568,0.049343,0.047467,0.046493,0.047461,0.050011,0.054014,0.059314,0.065272,0.071025,0.07637,0.080837,0.084521,0.087667,0.090101,0.092094,0.093875,0.095713,0.097629,0.099848,0.10265,0.10657,0.11146,0.11714,0.12322,0.12976,0.13684,0.14433,0.15018,0.15291,0.15224,0.14844,0.14218,0.13449,0.1274,0.12162,0.11668,0.11279,0.11017,0.1085,0.10785,0.10809,0.10866,0.10902,0.10876,0.10762,0.10545,0.10185,0.096205,0.088041,0.07826
0.061461,0.066559,0.069626,0.070328,0.069219,0.066839,0.063585,0.059688,0.055401,0.050893,0.046699,0.04358,0.041706,0.041387,0.042853,0.045686,0.04947,0.053321,0.056764,0.059058,0.059811,0.058984,0.057371,0.056172,0.055629,0.056089,0.057907,0.06122,0.066089,0.072474,0.079539,0.086588,0.092641,0.097001,0.099613,0.10023,0.099213,0.096975,0.093807,0.089987,0.086372,0.082366,0.077569,0.072343,0.067038,0.062236,0.058135,0.054808,0.051951,0.049352,0.047265,0.046222,0.046719,0.049639,0.054927,0.062667,0.07256,0.082974,0.092986,0.10217,0.10959,0.11527,0.11953,0.12218,0.12394,0.1252,0.12627,0.12752,0.12972,0.13344,0.13906,0.14691,0.1564,0.16623,0.17564,0.18467,0.19303,0.19808,0.1981,0.19298,0.1836,0.17146,0.15797,0.14627,0.13713,0.12987,0.12456,0.12104,0.11904,0.11838,0.11861,0.11917,0.11944,0.11909,0.11778,0.11527,0.11131,0.10522,0.096298,0.085076
0.072027,0.078437,0.082305,0.083104,0.081443,0.078001,0.073314,0.067709,0.061547,0.054868,0.048197,0.042442,0.037923,0.034714,0.033066,0.032848,0.033518,0.034605,0.035876,0.036919,0.03751,0.037504,0.037234,0.037243,0.037619,0.038377,0.039793,0.04197,0.044992,0.048814,0.053476,0.058864,0.064446,0.069493,0.073625,0.076722,0.078707,0.079473,0.079412,0.07834,0.076536,0.074179,0.071164,0.067409,0.063343,0.059379,0.055839,0.052761,0.050202,0.04803,0.046735,0.047322,0.050315,0.056441,0.06583,0.078075,0.093135,0.10871,0.12357,0.13689,0.14737,0.1548,0.15948,0.16149,0.16132,0.16009,0.15862,0.15775,0.15826,0.16106,0.16689,0.17433,0.18246,0.19021,0.1971,0.20341,0.20759,0.20768,0.20272,0.19266,0.17859,0.16263,0.14656,0.1335,0.12342,0.11599,0.111,0.10787,0.10632,0.10624,0.1071,0.10809,0.10845,0.10814,0.10691,0.10472,0.1013,0.096118,0.088649,0.079696
0.078921,0.086735,0.091367,0.09265,0.091281,0.08789,0.083078,0.077091,0.07011,0.062473,0.054903,0.048067,0.041842,0.036562,0.032383,0.029687,0.027973,0.027126,0.026867,0.027073,0.027265,0.027346,0.027197,0.027161,0.027305,0.02774,0.028702,0.030052,0.032008,0.034437,0.037433,0.04106,0.04489,0.048739,0.052372,0.055675,0.058389,0.06031,0.061546,0.062201,0.062213,0.061627,0.060453,0.058714,0.056616,0.054592,0.052744,0.0513,0.050388,0.050514,0.052649,0.057404,0.065307,0.077053,0.092179,0.1099,0.13006,0.15017,0.16881,0.18546,0.19838,0.20721,0.21275,0.2149,0.21453,0.21247,0.20909,0.20515,0.20165,0.19923,0.19839,0.19834,0.19827,0.19787,0.19678,0.19531,0.19199,0.18549,0.17548,0.16206,0.14632,0.13027,0.11542,0.10473,0.097559,0.092974,0.090291,0.08881,0.088163,0.087944,0.088005,0.087869,0.087444,0.086724,0.085529,0.083757,0.081182,0.077366,0.07206,0.066601
0.079143,0.087313,0.092261,0.094061,0.093635,0.091745,0.08882,0.085001,0.080228,0.074484,0.068164,0.061582,0.054781,0.047937,0.041612,0.03625,0.032196,0.029482,0.028116,0.027835,0.02835,0.029168,0.02978,0.030301,0.030444,0.030288,0.030076,0.030047,0.030152,0.030361,0.030745,0.031497,0.032639,0.034256,0.036437,0.039107,0.041737,0.044143,0.046516,0.048529,0.049886,0.050718,0.051116,0.051167,0.051086,0.051087,0.051293,0.052139,0.053768,0.056592,0.061815,0.070201,0.082758,0.099631,0.1199,0.14251,0.16714,0.19143,0.2141,0.23394,0.24955,0.25997,0.26545,0.26573,0.2615,0.25372,0.24311,0.23045,0.2175,0.20521,0.1946,0.18563,0.17755,0.17029,0.1636,0.15793,0.15132,0.14281,0.13271,0.12073,0.10773,0.095414,0.084803,0.077752,0.073663,0.071859,0.07155,0.071924,0.072686,0.073465,0.074021,0.074191,0.073901,0.073171,0.07197,0.070333,0.068128,0.06507,0.061111,0.057634
0.076624,0.084204,0.089172,0.091658,0.092446,0.092117,0.091189,0.089748,0.087549,0.084622,0.081248,0.077394,0.072906,0.067759,0.062065,0.056252,0.050879,0.047215,0.045479,0.045368,0.046326,0.048024,0.049455,0.050301,0.050318,0.049515,0.048014,0.046236,0.044164,0.041644,0.039169,0.037082,0.035306,0.033961,0.033205,0.033096,0.033758,0.034935,0.036658,0.038545,0.040333,0.041993,0.043571,0.045134,0.046776,0.048413,0.050369,0.053313,0.05783,0.064517,0.074328,0.087699,0.10603,0.1286,0.15426,0.18139,0.20928,0.23609,0.26028,0.28036,0.29525,0.30361,0.30534,0.30075,0.29046,0.2754,0.25691,0.23535,0.21313,0.19182,0.17292,0.15709,0.14359,0.13233,0.12327,0.11607,0.10915,0.10162,0.093824,0.085163,0.076264,0.067987,0.060793,0.055621,0.052449,0.050932,0.050379,0.050394,0.050807,0.051287,0.051824,0.052164,0.052208,0.052097,0.051724,0.050992,0.049801,0.048049,0.045928,0.044938
0.066381,0.073162,0.078276,0.081455,0.083375,0.084681,0.085751,0.086648,0.087122,0.087144,0.08705,0.086543,0.085292,0.082996,0.079601,0.07551,0.071565,0.069015,0.068909,0.071134,0.075557,0.0815,0.087755,0.092908,0.096354,0.097461,0.096022,0.092347,0.086457,0.07877,0.069967,0.060909,0.052329,0.045164,0.039471,0.035203,0.032453,0.031311,0.031451,0.032475,0.033771,0.035335,0.037215,0.039633,0.042444,0.045924,0.050503,0.056591,0.064834,0.076291,0.091515,0.11001,0.13381,0.16073,0.18923,0.21699,0.24264,0.26455,0.28135,0.29231,0.29779,0.29682,0.28923,0.27674,0.25995,0.23964,0.21797,0.19418,0.1702,0.14722,0.12647,0.10975,0.096429,0.086312,0.078465,0.072409,0.067234,0.062489,0.058347,0.054227,0.05032,0.047031,0.044032,0.041648,0.040193,0.03959,0.039451,0.03962,0.040106,0.040853,0.041596,0.042298,0.042684,0.042931,0.042937,0.042561,0.041701,0.040316,0.038707,0.038283
0.071154,0.080817,0.088201,0.093053,0.096112,0.098185,0.099835,0.10129,0.10252,0.10396,0.10592,0.10779,0.10911,0.10942,0.1088,0.1076,0.10623,0.10632,0.10837,0.11258,0.11935,0.12801,0.13686,0.14458,0.14983,0.15189,0.15039,0.14533,0.13679,0.12498,0.11078,0.095488,0.080092,0.066505,0.055431,0.046653,0.040002,0.035932,0.03374,0.032698,0.032361,0.032728,0.033794,0.035736,0.038498,0.042189,0.047184,0.054051,0.063258,0.075887,0.092059,0.11072,0.13445,0.15973,0.18506,0.20815,0.22742,0.24177,0.25069,0.25377,0.25222,0.24552,0.23413,0.22046,0.20479,0.18774,0.16999,0.14969,0.12867,0.10833,0.090102,0.076461,0.066004,0.058226,0.052141,0.04737,0.043553,0.040084,0.037202,0.03469,0.032574,0.030869,0.029378,0.028031,0.02704,0.026445,0.026088,0.02631,0.027001,0.028008,0.029278,0.030494,0.031603,0.032572,0.033371,0.034013,0.034353,0.034396,0.034524,0.035889
0.059228,0.065761,0.071044,0.074468,0.07656,0.078031,0.079385,0.080912,0.08289,0.085776,0.090024,0.094744,0.099836,0.10475,0.10955,0.11453,0.12018,0.12813,0.13838,0.15089,0.16628,0.184,0.20177,0.21719,0.22841,0.23443,0.23439,0.22828,0.21632,0.19903,0.17764,0.15419,0.13006,0.10788,0.08863,0.07235,0.059236,0.049868,0.043309,0.038676,0.035524,0.033661,0.033417,0.034808,0.03735,0.041141,0.046257,0.052732,0.060994,0.072398,0.086675,0.10263,0.12285,0.14334,0.16269,0.17933,0.19185,0.19986,0.2033,0.20226,0.19797,0.19054,0.18032,0.16897,0.15645,0.14288,0.12919,0.11328,0.097096,0.082088,0.068817,0.059202,0.052115,0.047496,0.044039,0.041493,0.039514,0.03803,0.036847,0.036014,0.03528,0.034442,0.032982,0.030885,0.028435,0.025979,0.023519,0.022012,0.021402,0.021612,0.02233,0.023281,0.024316,0.025356,0.026387,0.02742,0.028275,0.029128,0.030384,0.033078
0.048774,0.054004,0.058883,0.062341,0.064626,0.066176,0.067352,0.068393,0.069779,0.071985,0.075522,0.079832,0.084873,0.090145,0.095765,0.10208,0.10971,0.1202,0.1336,0.15073,0.17234,0.19773,0.22508,0.25104,0.27284,0.28865,0.29693,0.29694,0.28863,0.27241,0.24944,0.22189,0.19175,0.16319,0.13746,0.11483,0.095732,0.081314,0.07019,0.061494,0.055341,0.051321,0.049148,0.048891,0.04989,0.051798,0.054661,0.058328,0.062941,0.069457,0.077473,0.086111,0.09788,0.109,0.11866,0.12602,0.13073,0.1324,0.13134,0.1276,0.12195,0.11432,0.10554,0.097199,0.089295,0.082004,0.076138,0.070009,0.064927,0.061145,0.058343,0.057948,0.058839,0.061701,0.064847,0.067461,0.069559,0.070961,0.071319,0.071232,0.069976,0.067425,0.063074,0.056604,0.048855,0.040524,0.031778,0.024919,0.020168,0.017356,0.016283,0.016228,0.01679,0.017562,0.01841,0.019299,0.020209,0.021314,0.023073,0.026925
0.041634,0.043728,0.046559,0.04872,0.050189,0.05108,0.051678,0.052081,0.052615,0.053644,0.055537,0.058038,0.06139,0.065284,0.070065,0.075982,0.083532,0.094008,0.1076,0.12472,0.14656,0.17295,0.20197,0.23057,0.25596,0.27643,0.29032,0.29627,0.294,0.28355,0.2658,0.24216,0.21438,0.1866,0.16053,0.13672,0.1159,0.099567,0.086792,0.076662,0.069393,0.064478,0.06179,0.061008,0.061218,0.061931,0.063025,0.064293,0.065897,0.06808,0.070586,0.073239,0.077716,0.081288,0.083754,0.084844,0.084656,0.083205,0.080669,0.077279,0.073599,0.069586,0.065503,0.061689,0.058224,0.055638,0.054917,0.055849,0.05842,0.062145,0.066784,0.072966,0.079633,0.087793,0.09558,0.10217,0.10761,0.1119,0.11485,0.11736,0.11797,0.1163,0.11121,0.10236,0.090621,0.077242,0.062878,0.050893,0.041944,0.035811,0.032743,0.031673,0.031468,0.031398,0.031344,0.031298,0.031092,0.030916,0.031145,0.032845
0.033975,0.031792,0.03168,0.031929,0.032026,0.031837,0.031487,0.031048,0.030647,0.030555,0.031045,0.032001,0.033615,0.035711,0.038558,0.042398,0.047757,0.055561,0.066416,0.080496,0.098606,0.12062,0.1456,0.17096,0.1945,0.21482,0.2307,0.24121,0.24562,0.24378,0.23594,0.2228,0.20549,0.18692,0.16822,0.14981,0.13253,0.1176,0.1053,0.095488,0.088434,0.083644,0.08062,0.078933,0.078026,0.076822,0.074755,0.071501,0.067395,0.062697,0.057469,0.05291,0.049565,0.046487,0.043581,0.041071,0.039053,0.037451,0.036438,0.035882,0.035552,0.035398,0.035544,0.035912,0.037088,0.04001,0.046254,0.056263,0.069366,0.084652,0.10096,0.11758,0.13307,0.1489,0.16364,0.17606,0.18615,0.19393,0.19897,0.20197,0.2014,0.19703,0.18826,0.17477,0.15712,0.13642,0.11395,0.093433,0.07629,0.06479,0.058115,0.054276,0.051886,0.05018,0.048833,0.047653,0.046411,0.045009,0.043407,0.042587
0.031906,0.027081,0.024774,0.023368,0.022353,0.021441,0.020608,0.019802,0.019094,0.018582,0.018386,0.018632,0.01951,0.020783,0.022622,0.025035,0.028305,0.03264,0.038757,0.047144,0.05856,0.073095,0.089961,0.10694,0.12265,0.13634,0.14713,0.1545,0.15825,0.15811,0.15458,0.14806,0.13924,0.1299,0.12064,0.11139,0.10251,0.09483,0.088163,0.082572,0.07881,0.076439,0.075388,0.075226,0.075578,0.07513,0.073084,0.069081,0.063944,0.057698,0.050852,0.045196,0.040591,0.036851,0.033957,0.032074,0.03114,0.031137,0.03196,0.03339,0.035083,0.037102,0.039686,0.042366,0.046095,0.052399,0.063512,0.080829,0.10158,0.12373,0.14612,0.16754,0.18708,0.20621,0.22511,0.24265,0.25894,0.2726,0.28267,0.28879,0.28827,0.28117,0.26714,0.24662,0.22063,0.19116,0.15971,0.13039,0.10428,0.085456,0.07294,0.06467,0.059619,0.056238,0.053549,0.051305,0.049264,0.047158,0.044945,0.043832
0.032925,0.028842,0.026785,0.02564,0.024829,0.024003,0.023063,0.021946,0.020793,0.019655,0.018545,0.017753,0.017433,0.017585,0.018027,0.018882,0.020266,0.022263,0.025073,0.028962,0.034455,0.041765,0.051003,0.060745,0.07016,0.078792,0.08605,0.091449,0.094793,0.095712,0.094656,0.091687,0.087279,0.082419,0.077654,0.073031,0.06875,0.065111,0.062215,0.060202,0.059379,0.059473,0.060329,0.061307,0.062449,0.062187,0.059835,0.05532,0.050019,0.044062,0.037971,0.034202,0.031317,0.029691,0.029107,0.029728,0.031576,0.034523,0.03881,0.044367,0.050703,0.057389,0.06417,0.07008,0.076444,0.08418,0.095609,0.11259,0.13244,0.15388,0.17687,0.20052,0.22414,0.24861,0.27466,0.29988,0.32273,0.34085,0.35253,0.35661,0.35099,0.33654,0.31433,0.28632,0.25371,0.21809,0.18152,0.14734,0.11706,0.094706,0.079354,0.069333,0.06259,0.057961,0.054499,0.051719,0.049356,0.046912,0.044219,0.042635
0.032207,0.028272,0.0266,0.02553,0.024524,0.023419,0.022253,0.021006,0.019739,0.018594,0.017606,0.017007,0.016675,0.016692,0.016859,0.017323,0.018092,0.018989,0.02017,0.022029,0.024816,0.028644,0.033619,0.038888,0.044083,0.049,0.053202,0.056521,0.058794,0.059857,0.060227,0.059689,0.058569,0.05748,0.056371,0.055129,0.053532,0.051909,0.050419,0.049214,0.048536,0.048115,0.047831,0.047422,0.047419,0.046629,0.04459,0.041225,0.0378,0.034537,0.031692,0.031109,0.031903,0.034775,0.039399,0.045475,0.052672,0.060883,0.070421,0.080845,0.091509,0.10196,0.11168,0.11924,0.12576,0.13236,0.14176,0.15656,0.17478,0.19618,0.21949,0.24333,0.26617,0.28818,0.31039,0.33012,0.34557,0.35516,0.35791,0.35294,0.33935,0.31853,0.29231,0.26339,0.23223,0.19983,0.16744,0.13701,0.11001,0.090219,0.075817,0.06625,0.059825,0.05567,0.052779,0.050769,0.049052,0.047066,0.044741,0.043437
0.03479,0.031591,0.030374,0.02979,0.029143,0.028436,0.027646,0.026763,0.025878,0.025098,0.024376,0.023999,0.02394,0.024448,0.025281,0.026294,0.027139,0.027542,0.027484,0.027275,0.027067,0.026916,0.027127,0.027424,0.027776,0.028218,0.028626,0.028806,0.02884,0.028602,0.028291,0.027619,0.026779,0.026264,0.026161,0.026364,0.026877,0.027407,0.027808,0.028077,0.02849,0.028884,0.029278,0.02956,0.030196,0.030489,0.030309,0.02994,0.030418,0.032183,0.035329,0.041477,0.0498,0.061025,0.074215,0.089007,0.10457,0.12064,0.13765,0.15513,0.17221,0.18752,0.19971,0.20741,0.21178,0.21391,0.21696,0.22367,0.23207,0.2414,0.25207,0.26335,0.27394,0.283,0.29125,0.29716,0.29954,0.29759,0.2913,0.28043,0.26469,0.24531,0.22362,0.20148,0.17853,0.1552,0.13205,0.11003,0.090691,0.076584,0.066269,0.059598,0.05544,0.053123,0.051759,0.050754,0.049773,0.0483,0.046312,0.045033
0.037581,0.035392,0.035134,0.035484,0.035803,0.036157,0.036596,0.037131,0.037938,0.038941,0.040051,0.04164,0.043281,0.045469,0.047667,0.049525,0.050829,0.051254,0.05048,0.048964,0.046742,0.043848,0.040708,0.037295,0.033993,0.031077,0.028332,0.025846,0.023638,0.021793,0.020163,0.01862,0.017206,0.016259,0.015853,0.015753,0.015987,0.01645,0.016958,0.017702,0.018547,0.01937,0.020274,0.021326,0.022812,0.02468,0.027151,0.030646,0.035765,0.0431,0.052611,0.065516,0.081362,0.10048,0.12139,0.14327,0.16521,0.18677,0.20869,0.23064,0.25172,0.27032,0.28444,0.2921,0.29355,0.28922,0.28108,0.2715,0.26118,0.25198,0.24621,0.24253,0.2392,0.23507,0.23019,0.22412,0.21651,0.20742,0.19707,0.18519,0.17155,0.15677,0.14151,0.12676,0.11223,0.097927,0.084322,0.072164,0.062363,0.055685,0.051099,0.048558,0.047567,0.047699,0.04813,0.048522,0.048499,0.047795,0.04641,0.045488
0.036711,0.035672,0.036558,0.038089,0.039726,0.041662,0.043771,0.046206,0.048989,0.051914,0.054957,0.058254,0.061296,0.064643,0.067689,0.069963,0.071262,0.071209,0.06955,0.066663,0.062617,0.057733,0.052095,0.046156,0.040878,0.036459,0.032443,0.028678,0.025578,0.023215,0.021202,0.019333,0.01752,0.016026,0.014968,0.014307,0.014048,0.014161,0.014551,0.015449,0.016611,0.017862,0.019388,0.021315,0.023987,0.027775,0.033289,0.041171,0.051379,0.064765,0.081086,0.10064,0.12281,0.14843,0.17554,0.20322,0.23048,0.25685,0.28258,0.30676,0.32774,0.34305,0.35036,0.34804,0.33644,0.31641,0.28975,0.26026,0.23227,0.20967,0.19456,0.18317,0.17337,0.16404,0.1548,0.14563,0.13642,0.12692,0.11739,0.10767,0.097534,0.087522,0.077978,0.069367,0.061469,0.05441,0.048363,0.043428,0.039856,0.037957,0.037312,0.037777,0.039055,0.040664,0.042036,0.043003,0.043497,0.043354,0.042774,0.043114
0.035693,0.035356,0.036981,0.03931,0.041969,0.045274,0.049217,0.053961,0.059546,0.065723,0.072384,0.079465,0.086174,0.093017,0.099101,0.10356,0.10612,0.10624,0.10361,0.099134,0.09305,0.086329,0.078711,0.070875,0.063942,0.058338,0.053523,0.049248,0.045714,0.043246,0.040784,0.038188,0.035025,0.031721,0.028592,0.025674,0.02336,0.021673,0.020742,0.020608,0.021011,0.021857,0.023508,0.026271,0.030538,0.037255,0.046715,0.059405,0.074848,0.094417,0.1175,0.14295,0.17038,0.20068,0.23123,0.26062,0.28722,0.30997,0.32883,0.34316,0.35172,0.35278,0.34475,0.32703,0.30104,0.2687,0.23284,0.19878,0.17092,0.14924,0.13375,0.12109,0.10997,0.099716,0.09021,0.081745,0.074324,0.067773,0.06193,0.05641,0.050779,0.045096,0.039541,0.034654,0.030322,0.026899,0.024433,0.02313,0.023026,0.023969,0.025684,0.02806,0.031013,0.034191,0.03691,0.038855,0.03987,0.039937,0.039433,0.039945
0.033104,0.0326,0.034077,0.036516,0.039535,0.043528,0.048516,0.054763,0.062312,0.070768,0.08004,0.089816,0.099375,0.10932,0.11846,0.12576,0.13084,0.13344,0.13341,0.13165,0.12841,0.12536,0.12145,0.11723,0.11319,0.10922,0.10515,0.10068,0.095842,0.091226,0.085825,0.079603,0.072095,0.063915,0.05603,0.048829,0.043009,0.038824,0.036362,0.03562,0.036462,0.038462,0.041939,0.047032,0.053955,0.063413,0.075255,0.090065,0.10693,0.12703,0.14995,0.17348,0.19709,0.22206,0.24527,0.26532,0.28065,0.29038,0.29461,0.2937,0.28759,0.27633,0.25984,0.2386,0.2142,0.18837,0.16238,0.13744,0.11503,0.095748,0.081581,0.070422,0.061299,0.0537,0.047311,0.042137,0.037981,0.034668,0.032162,0.029746,0.027092,0.024313,0.021422,0.018703,0.01636,0.014805,0.014192,0.014508,0.015442,0.016878,0.018883,0.021396,0.024396,0.02758,0.03036,0.032462,0.033705,0.03399,0.033755,0.034966
0.032144,0.030879,0.031447,0.032849,0.0347,0.037391,0.041026,0.045798,0.051703,0.058682,0.066725,0.075784,0.085665,0.09691,0.10795,0.11782,0.12606,0.13253,0.13704,0.14023,0.14237,0.14584,0.1491,0.15259,0.15653,0.16015,0.16255,0.16289,0.1609,0.1571,0.15076,0.14207,0.13094,0.11835,0.10555,0.093466,0.082978,0.07508,0.070216,0.068241,0.068686,0.071078,0.075455,0.081563,0.089199,0.098761,0.1097,0.12256,0.13639,0.1517,0.16826,0.18362,0.1974,0.21049,0.22105,0.2285,0.23216,0.23159,0.22736,0.22066,0.21195,0.20177,0.18928,0.17367,0.1552,0.13453,0.11279,0.091613,0.073122,0.058355,0.048685,0.041899,0.036912,0.033217,0.030381,0.028319,0.026771,0.025449,0.024181,0.022982,0.021265,0.019227,0.017146,0.015366,0.013995,0.013764,0.014195,0.015262,0.016586,0.018264,0.02031,0.022505,0.025014,0.027674,0.030118,0.032049,0.033289,0.033834,0.034085,0.035792
0.03501,0.032918,0.032776,0.033072,0.033556,0.034385,0.035521,0.037137,0.039408,0.042595,0.046954,0.052393,0.059233,0.067985,0.077143,0.085992,0.094208,0.10174,0.10873,0.1156,0.12301,0.13375,0.14559,0.15836,0.17207,0.18538,0.19697,0.20571,0.21057,0.21157,0.20801,0.19985,0.18724,0.17144,0.1545,0.13799,0.12341,0.11166,0.10337,0.098693,0.097495,0.099031,0.10331,0.10961,0.11717,0.12553,0.13387,0.14263,0.15099,0.15914,0.1674,0.17446,0.18028,0.18597,0.19015,0.19258,0.19291,0.19084,0.18641,0.18017,0.17216,0.1631,0.15193,0.13806,0.12157,0.10305,0.083806,0.066028,0.051707,0.041243,0.034919,0.030829,0.028244,0.026673,0.025784,0.025351,0.025302,0.025238,0.025026,0.024598,0.023495,0.022183,0.020711,0.019636,0.019071,0.019317,0.020075,0.021257,0.022514,0.023807,0.025121,0.026282,0.027547,0.028873,0.030137,0.031153,0.031711,0.031838,0.031947,0.033576
0.035769,0.034291,0.034374,0.034481,0.034397,0.034254,0.034084,0.034039,0.034408,0.035417,0.03722,0.039983,0.044279,0.050754,0.058184,0.066076,0.074316,0.082906,0.091986,0.102,0.11351,0.12914,0.14625,0.1647,0.18551,0.2065,0.22576,0.2414,0.25211,0.2572,0.25582,0.24808,0.23468,0.21714,0.19803,0.17926,0.16246,0.14917,0.13981,0.13424,0.13179,0.13172,0.13358,0.13664,0.13987,0.14248,0.14387,0.14463,0.14434,0.14319,0.14247,0.14173,0.1404,0.1389,0.13663,0.13321,0.12868,0.1228,0.11568,0.10786,0.099724,0.092294,0.084809,0.076665,0.067934,0.059235,0.051297,0.045572,0.042663,0.041226,0.041086,0.041748,0.042795,0.043927,0.044842,0.045341,0.045208,0.044077,0.04205,0.039342,0.035897,0.032588,0.029837,0.028272,0.027702,0.028648,0.030443,0.032526,0.034297,0.035565,0.036494,0.037075,0.037557,0.037877,0.038049,0.037928,0.037341,0.036244,0.034847,0.034991
0.039441,0.039587,0.040732,0.041335,0.041134,0.040267,0.038864,0.037106,0.035267,0.033737,0.03286,0.03278,0.033868,0.036668,0.040417,0.04509,0.050632,0.057079,0.064697,0.073829,0.085093,0.10055,0.11839,0.13832,0.16226,0.18661,0.20973,0.22974,0.24528,0.2553,0.25921,0.25683,0.24894,0.23689,0.22282,0.20831,0.19496,0.18401,0.17597,0.17079,0.16732,0.1649,0.16283,0.16058,0.15719,0.15205,0.14526,0.13784,0.12972,0.12099,0.11366,0.10745,0.10158,0.096178,0.090945,0.085644,0.080037,0.073989,0.067646,0.061389,0.055444,0.05085,0.047054,0.043652,0.040941,0.039543,0.040001,0.042769,0.047864,0.053929,0.060737,0.068248,0.075244,0.081343,0.086201,0.089171,0.089939,0.087956,0.083567,0.077473,0.069984,0.062598,0.056303,0.05191,0.04912,0.047769,0.047583,0.04791,0.048119,0.047937,0.04742,0.04681,0.046056,0.0453,0.044719,0.043986,0.042881,0.041255,0.039263,0.03853
0.050388,0.053605,0.056696,0.058461,0.058785,0.057811,0.055627,0.052546,0.04897,0.045585,0.042879,0.040937,0.039917,0.040069,0.0412,0.043356,0.046595,0.050757,0.055858,0.062217,0.070883,0.082739,0.096911,0.11362,0.13598,0.15956,0.18236,0.2024,0.21879,0.23041,0.23686,0.23796,0.23438,0.22713,0.21807,0.20813,0.19824,0.18905,0.1811,0.17451,0.16855,0.16247,0.15627,0.14941,0.14122,0.13153,0.12081,0.10949,0.097625,0.085819,0.076297,0.068876,0.062605,0.057778,0.053816,0.050289,0.047096,0.043976,0.040989,0.038432,0.036479,0.035676,0.035798,0.036725,0.038533,0.042219,0.04806,0.05683,0.068614,0.081144,0.093558,0.10582,0.11663,0.12558,0.13211,0.13547,0.13536,0.13145,0.1241,0.11452,0.10356,0.092997,0.083935,0.077204,0.07266,0.06934,0.067011,0.064897,0.062544,0.059554,0.056229,0.053008,0.049875,0.047028,0.0447,0.042763,0.04102,0.03922,0.03758,0.037108
0.062635,0.068551,0.073274,0.075787,0.076322,0.075378,0.073131,0.069852,0.065863,0.061715,0.05791,0.054747,0.05223,0.050438,0.049203,0.048395,0.048014,0.048214,0.049289,0.05161,0.05621,0.063519,0.072928,0.084568,0.10079,0.1179,0.13439,0.1488,0.16051,0.16896,0.17387,0.17521,0.17326,0.16923,0.16481,0.16049,0.15649,0.15314,0.14988,0.14639,0.14245,0.13783,0.13237,0.12575,0.11783,0.1089,0.099307,0.089249,0.079004,0.068812,0.060447,0.053918,0.048224,0.04395,0.040727,0.038015,0.036001,0.034443,0.033182,0.032374,0.032126,0.032858,0.034974,0.038862,0.04517,0.055524,0.069024,0.085906,0.10539,0.1255,0.14501,0.16382,0.18049,0.19448,0.20526,0.21187,0.21335,0.20852,0.1979,0.18267,0.16443,0.14557,0.12749,0.1112,0.098199,0.087179,0.078698,0.072376,0.067378,0.063321,0.0598,0.056754,0.053924,0.051245,0.048926,0.046801,0.044771,0.042668,0.040539,0.039708
0.081931,0.093691,0.10256,0.10801,0.11067,0.11128,0.11018,0.10751,0.1033,0.097872,0.091827,0.085878,0.080023,0.074429,0.069316,0.06485,0.061135,0.058006,0.055632,0.054056,0.054217,0.056346,0.060101,0.065404,0.073609,0.082363,0.090531,0.097359,0.10265,0.10594,0.10732,0.10704,0.10524,0.10234,0.099973,0.097973,0.096268,0.09499,0.093888,0.092551,0.090577,0.087834,0.084249,0.079859,0.074978,0.07007,0.065002,0.059793,0.054485,0.049449,0.045811,0.043367,0.04146,0.040336,0.039962,0.040143,0.04083,0.041867,0.043104,0.044468,0.046145,0.048378,0.051824,0.057638,0.066239,0.080013,0.097174,0.11709,0.13905,0.16127,0.18267,0.2036,0.22235,0.23858,0.25184,0.26011,0.26248,0.25739,0.2453,0.22756,0.20509,0.18014,0.15541,0.13176,0.11197,0.094261,0.079922,0.069609,0.062302,0.056951,0.053031,0.050258,0.048025,0.046004,0.04425,0.042648,0.041118,0.039459,0.037801,0.037405
0.092657,0.10803,0.12023,0.12851,0.13371,0.13674,0.13776,0.13697,0.13422,0.12961,0.12381,0.11726,0.10983,0.10209,0.095164,0.088926,0.083343,0.078143,0.07316,0.06877,0.06611,0.065176,0.065369,0.06671,0.070108,0.07411,0.078022,0.081248,0.083488,0.084496,0.084292,0.083082,0.080783,0.077813,0.07497,0.072173,0.06927,0.066194,0.0631,0.060158,0.05736,0.054633,0.052026,0.049521,0.047396,0.045797,0.044416,0.043188,0.042133,0.041345,0.041157,0.041515,0.042145,0.043398,0.045958,0.049933,0.054593,0.0595,0.064123,0.068241,0.071758,0.074722,0.077861,0.082405,0.088927,0.099501,0.11234,0.12732,0.1443,0.16216,0.17983,0.19734,0.21347,0.22785,0.24024,0.24874,0.25188,0.24783,0.23677,0.2195,0.19741,0.17268,0.1482,0.12438,0.10455,0.086756,0.072411,0.061791,0.054554,0.05005,0.047081,0.044897,0.043156,0.041622,0.040234,0.038928,0.037728,0.0366,0.035659,0.036422
0.094575,0.11081,0.12402,0.13365,0.14045,0.1452,0.14806,0.14919,0.14838,0.14577,0.1417,0.13643,0.12969,0.1217,0.11338,0.10509,0.097125,0.089599,0.082483,0.076011,0.071411,0.06859,0.066853,0.065802,0.065883,0.066366,0.066767,0.066691,0.066041,0.064687,0.062818,0.060805,0.058416,0.055812,0.053607,0.051661,0.049888,0.048001,0.045774,0.043322,0.040904,0.038783,0.03708,0.035932,0.035518,0.036151,0.03728,0.038885,0.040913,0.043453,0.046607,0.050312,0.054427,0.05932,0.066224,0.075518,0.085587,0.095727,0.10499,0.1128,0.1188,0.12286,0.12542,0.1274,0.12959,0.13454,0.14115,0.14955,0.15955,0.1709,0.18238,0.19367,0.20357,0.21172,0.21768,0.22022,0.21839,0.21099,0.19866,0.1823,0.16356,0.14329,0.12293,0.10295,0.086048,0.070784,0.058075,0.048844,0.042968,0.039351,0.037292,0.035919,0.034909,0.033972,0.032966,0.031837,0.030767,0.029737,0.029177,0.030972
0.094062,0.11008,0.12363,0.13401,0.14181,0.14771,0.15181,0.15427,0.15499,0.15413,0.15209,0.14856,0.14334,0.13644,0.12872,0.12064,0.11266,0.10494,0.097646,0.091202,0.086476,0.0834,0.081146,0.079335,0.077734,0.076319,0.074784,0.072972,0.070883,0.068544,0.065942,0.063296,0.060123,0.056332,0.052444,0.048698,0.045267,0.04179,0.038253,0.034883,0.031944,0.029591,0.027692,0.02656,0.026513,0.027772,0.030299,0.034037,0.038786,0.044427,0.050717,0.058024,0.066294,0.0755,0.08721,0.10177,0.1169,0.13174,0.14449,0.15438,0.16089,0.16383,0.16399,0.1623,0.15936,0.15677,0.15491,0.15468,0.15638,0.15991,0.16394,0.16804,0.1713,0.17283,0.17235,0.16874,0.16235,0.15285,0.14095,0.12802,0.11566,0.10332,0.091035,0.079078,0.068279,0.058351,0.049679,0.042871,0.038207,0.035341,0.033681,0.032849,0.032272,0.031743,0.031139,0.030401,0.029698,0.0291,0.029026,0.031504
0.078171,0.089257,0.099532,0.10816,0.11546,0.12199,0.12769,0.13268,0.13691,0.14022,0.14284,0.1444,0.14447,0.14309,0.14057,0.13716,0.13334,0.12917,0.12482,0.12044,0.11687,0.11383,0.11096,0.10769,0.10406,0.10041,0.096455,0.092171,0.087479,0.082642,0.077755,0.073001,0.067877,0.062229,0.056715,0.052088,0.048378,0.044699,0.041128,0.037922,0.035339,0.033536,0.032811,0.033282,0.034824,0.037529,0.041507,0.047004,0.054041,0.062367,0.071936,0.083411,0.096153,0.10965,0.12545,0.14292,0.15914,0.17266,0.18209,0.18726,0.18785,0.1839,0.17655,0.16688,0.15586,0.14484,0.13525,0.12869,0.1252,0.12459,0.12512,0.12625,0.12718,0.12751,0.12616,0.12256,0.11682,0.1089,0.099243,0.089161,0.080592,0.07354,0.066874,0.060826,0.055192,0.049716,0.04465,0.040552,0.037946,0.036478,0.035935,0.035989,0.036193,0.036203,0.036014,0.035638,0.035052,0.034255,0.033748,0.035452
0.066646,0.073476,0.080886,0.087315,0.092836,0.097898,0.10253,0.1069,0.11103,0.11471,0.11801,0.12052,0.12197,0.12218,0.12153,0.12034,0.11899,0.11765,0.11651,0.11608,0.11652,0.11696,0.11716,0.11647,0.11471,0.11274,0.1103,0.1072,0.10325,0.098554,0.09315,0.087573,0.081618,0.074763,0.067847,0.061405,0.056126,0.051255,0.047086,0.043819,0.041884,0.041301,0.04236,0.04512,0.049138,0.054314,0.060996,0.069187,0.07877,0.089739,0.10164,0.11538,0.13024,0.14497,0.16018,0.17561,0.18892,0.19881,0.20389,0.20459,0.2008,0.19258,0.18112,0.16737,0.15247,0.13764,0.1249,0.11525,0.10865,0.1048,0.10221,0.10038,0.098691,0.0965,0.093324,0.089012,0.083857,0.078052,0.071947,0.066165,0.061687,0.058602,0.056191,0.054134,0.051676,0.048994,0.046089,0.043529,0.041793,0.041035,0.040921,0.041127,0.041654,0.042051,0.042205,0.042026,0.041505,0.040594,0.039781,0.041132
0.051876,0.053283,0.056734,0.060211,0.063337,0.066378,0.06931,0.072351,0.075561,0.078884,0.082413,0.086051,0.089669,0.092892,0.095875,0.09872,0.1016,0.10446,0.10716,0.11015,0.11355,0.11668,0.11975,0.12229,0.12397,0.12539,0.12612,0.12607,0.12511,0.12313,0.11978,0.11517,0.10922,0.10136,0.092808,0.084409,0.077093,0.070069,0.064215,0.059877,0.057207,0.056239,0.057167,0.059836,0.064047,0.069716,0.0773,0.086663,0.097636,0.11013,0.12362,0.13862,0.15392,0.16807,0.18076,0.1914,0.1991,0.20247,0.20116,0.19599,0.1874,0.17586,0.16273,0.14874,0.13465,0.12148,0.11019,0.10144,0.094585,0.089705,0.086039,0.083045,0.080715,0.078537,0.076137,0.073391,0.07064,0.068225,0.066066,0.064389,0.063555,0.063789,0.064202,0.064962,0.064851,0.064146,0.06301,0.061673,0.060684,0.059836,0.059426,0.059396,0.059477,0.059324,0.058925,0.05811,0.056758,0.054777,0.052345,0.051666
0.053242,0.053204,0.055311,0.057245,0.058704,0.059963,0.061143,0.06264,0.064683,0.067199,0.070053,0.073174,0.076586,0.080057,0.083798,0.087693,0.09181,0.096191,0.1009,0.10621,0.11192,0.11716,0.1218,0.12557,0.12815,0.13004,0.13137,0.13202,0.13201,0.13148,0.13013,0.12779,0.12446,0.11944,0.1139,0.10875,0.10447,0.1003,0.096789,0.094265,0.092952,0.092734,0.094001,0.09667,0.10034,0.10468,0.10991,0.11607,0.1229,0.13024,0.13773,0.14607,0.15425,0.16118,0.16612,0.16864,0.16857,0.16579,0.16058,0.1538,0.14598,0.13714,0.12796,0.11921,0.11082,0.10259,0.095274,0.088697,0.08306,0.078452,0.074533,0.071131,0.068086,0.065329,0.062836,0.060861,0.05993,0.060485,0.062645,0.066122,0.071154,0.077571,0.08371,0.08909,0.092637,0.094839,0.095656,0.095331,0.094314,0.092859,0.091303,0.089971,0.088742,0.087528,0.086198,0.08466,0.082532,0.079375,0.075185,0.071928
0.097715,0.11061,0.121,0.12734,0.13057,0.13136,0.13002,0.12665,0.12132,0.11418,0.10592,0.096992,0.087641,0.078572,0.069846,0.062173,0.05519,0.048874,0.043386,0.038919,0.035874,0.034453,0.03481,0.036205,0.038523,0.041711,0.04549,0.049583,0.053865,0.057986,0.062033,0.065928,0.069522,0.072997,0.076267,0.079585,0.083466,0.087833,0.092728,0.097673,0.10179,0.10546,0.10852,0.11128,0.11382,0.11624,0.11877,0.12157,0.12475,0.1281,0.13164,0.13519,0.1385,0.14154,0.14417,0.14625,0.14745,0.14845,0.14938,0.15038,0.15123,0.15198,0.15209,0.15162,0.15025,0.14771,0.14436,0.14077,0.13658,0.13194,0.12697,0.1218,0.11656,0.11126,0.10598,0.10049,0.095247,0.090967,0.08791,0.085852,0.084693,0.084167,0.084103,0.084183,0.084412,0.085177,0.086076,0.087082,0.088093,0.08912,0.090107,0.090993,0.091719,0.09218,0.092286,0.091783,0.090309,0.087332,0.082762,0.078155
0.080593,0.0904,0.099694,0.10705,0.11308,0.118,0.12175,0.12449,0.12627,0.12713,0.12691,0.12531,0.1223,0.11818,0.11259,0.10637,0.099328,0.091387,0.083526,0.076276,0.069969,0.065514,0.063204,0.061773,0.061099,0.060735,0.060641,0.060541,0.060414,0.06039,0.060648,0.06117,0.062054,0.063515,0.0652,0.067272,0.070257,0.073773,0.078286,0.083705,0.089639,0.095587,0.10112,0.10652,0.11154,0.11567,0.11903,0.12172,0.12386,0.12546,0.12668,0.12743,0.12731,0.12613,0.1242,0.12198,0.11928,0.11745,0.11658,0.11711,0.11857,0.1207,0.12265,0.12417,0.12486,0.12459,0.12341,0.12168,0.11918,0.11584,0.11188,0.10738,0.10265,0.097831,0.093134,0.088424,0.084199,0.080692,0.078341,0.076811,0.075831,0.075188,0.074745,0.074365,0.074118,0.07436,0.074714,0.075301,0.076152,0.077035,0.077915,0.078694,0.079359,0.079601,0.079199,0.0781,0.076184,0.073141,0.068992,0.065312
0.064368,0.070458,0.077145,0.08311,0.088702,0.094211,0.09985,0.10564,0.11174,0.11861,0.12571,0.1322,0.13777,0.14176,0.14306,0.14248,0.13981,0.13453,0.12762,0.11989,0.11209,0.10516,0.099376,0.093816,0.088577,0.083238,0.077868,0.072886,0.068621,0.06525,0.063068,0.062038,0.062128,0.063173,0.064801,0.066924,0.069739,0.072888,0.076478,0.080996,0.086346,0.091919,0.097188,0.10238,0.10746,0.11185,0.11568,0.11869,0.12078,0.12183,0.12191,0.12083,0.11842,0.11498,0.11076,0.10624,0.10178,0.099198,0.097937,0.098193,0.099496,0.10197,0.10475,0.10729,0.10918,0.10999,0.11009,0.10993,0.10903,0.10723,0.10474,0.10168,0.098461,0.095233,0.092075,0.089062,0.086373,0.084097,0.082323,0.080977,0.080077,0.079277,0.078452,0.077561,0.076723,0.075948,0.075249,0.07467,0.074234,0.073873,0.073553,0.07331,0.073182,0.072834,0.072149,0.071009,0.06916,0.06625,0.062292,0.058868
0.056677,0.061181,0.066119,0.070347,0.074253,0.078344,0.082961,0.088497,0.0953,0.10418,0.11469,0.12601,0.13738,0.14818,0.15725,0.16447,0.16909,0.17001,0.16795,0.16348,0.15719,0.14988,0.14209,0.13338,0.12441,0.11508,0.10598,0.09801,0.091288,0.086096,0.082287,0.079664,0.078024,0.077148,0.076614,0.076382,0.076789,0.077826,0.079626,0.082861,0.086951,0.091334,0.095282,0.098778,0.10174,0.10415,0.10594,0.10725,0.10799,0.10816,0.1076,0.10596,0.10302,0.09881,0.093429,0.087539,0.081808,0.078207,0.076024,0.075338,0.075939,0.07772,0.080157,0.082956,0.085674,0.087972,0.089888,0.091355,0.092126,0.092046,0.091259,0.089932,0.088406,0.086738,0.085044,0.083382,0.082106,0.080909,0.079752,0.078645,0.077715,0.076699,0.075723,0.074927,0.074296,0.073926,0.073682,0.073599,0.073791,0.074176,0.0747,0.075186,0.075745,0.076145,0.076028,0.075249,0.07352,0.070455,0.065945,0.061561
0.046246,0.047797,0.050527,0.053125,0.055546,0.058087,0.061191,0.065145,0.070618,0.079161,0.090395,0.1036,0.11842,0.13388,0.14864,0.16203,0.17305,0.1802,0.18366,0.18346,0.17975,0.17337,0.16518,0.15592,0.14633,0.13665,0.12769,0.11963,0.11242,0.10635,0.10099,0.096253,0.091843,0.087683,0.083725,0.080044,0.076973,0.074629,0.073253,0.073608,0.075519,0.078068,0.080762,0.083416,0.085875,0.08783,0.089401,0.090443,0.090927,0.090438,0.088838,0.085996,0.081881,0.077353,0.072369,0.067257,0.062955,0.06081,0.059762,0.059927,0.060805,0.062422,0.064604,0.067033,0.06942,0.071841,0.074122,0.076203,0.078114,0.07975,0.081135,0.082283,0.083611,0.08495,0.08653,0.088442,0.090998,0.093349,0.095136,0.096272,0.096843,0.096732,0.096257,0.095828,0.095517,0.095146,0.094936,0.094722,0.094683,0.09485,0.095246,0.095479,0.09565,0.095319,0.094324,0.092544,0.089696,0.085193,0.078768,0.071886
0.045587,0.047225,0.049553,0.051433,0.052766,0.053838,0.054961,0.056359,0.058653,0.062438,0.06795,0.075528,0.084808,0.095408,0.10663,0.11796,0.1283,0.13614,0.14138,0.14394,0.1437,0.14093,0.13631,0.13114,0.12561,0.12022,0.11534,0.11119,0.10777,0.10532,0.10341,0.10195,0.10072,0.099109,0.097162,0.094781,0.092428,0.090337,0.088793,0.088553,0.089306,0.089966,0.089975,0.089526,0.088462,0.087035,0.085451,0.083506,0.081074,0.077969,0.074113,0.06958,0.064446,0.059832,0.055729,0.05273,0.050958,0.050754,0.051135,0.051911,0.052855,0.054111,0.055569,0.057197,0.059115,0.061404,0.064062,0.067035,0.070271,0.073762,0.077355,0.081179,0.085497,0.09037,0.095835,0.10218,0.10941,0.11614,0.12148,0.12538,0.12803,0.12939,0.12964,0.12943,0.12901,0.12829,0.12732,0.12625,0.12525,0.12458,0.12431,0.12404,0.12346,0.12213,0.11988,0.11667,0.11214,0.10558,0.096379,0.08547
0.045809,0.046556,0.048163,0.049345,0.049825,0.049875,0.049774,0.049523,0.049384,0.049689,0.050493,0.052453,0.055768,0.060389,0.066162,0.072748,0.079493,0.08523,0.089641,0.092557,0.093854,0.093287,0.091337,0.089275,0.087413,0.086036,0.085435,0.085694,0.086962,0.089242,0.09184,0.094483,0.096612,0.097767,0.097947,0.097099,0.095437,0.093377,0.091169,0.089439,0.088127,0.08659,0.08465,0.082375,0.079894,0.077259,0.07466,0.072049,0.06927,0.066311,0.063191,0.060149,0.057424,0.055732,0.054965,0.055386,0.057112,0.059644,0.062037,0.064067,0.065583,0.066596,0.067303,0.067898,0.068676,0.069825,0.071243,0.073138,0.075797,0.079487,0.084466,0.090635,0.0987,0.10853,0.11964,0.13191,0.14521,0.15757,0.16734,0.17375,0.17662,0.17615,0.17302,0.16888,0.1646,0.16025,0.15632,0.15314,0.1507,0.1491,0.14822,0.14749,0.14641,0.14467,0.14192,0.1379,0.13218,0.12384,0.11203,0.097281
0.046494,0.04845,0.050483,0.051614,0.051712,0.050992,0.049547,0.047522,0.045352,0.043012,0.040861,0.039127,0.038155,0.038248,0.039726,0.042337,0.045638,0.048788,0.051527,0.053477,0.054339,0.053869,0.052448,0.051148,0.050165,0.049751,0.050123,0.051326,0.053806,0.057308,0.061219,0.06543,0.069359,0.072516,0.074881,0.076278,0.076737,0.076416,0.075732,0.074929,0.074606,0.074071,0.072803,0.070812,0.068256,0.06535,0.062522,0.059863,0.057305,0.054978,0.053111,0.052138,0.052241,0.054342,0.058498,0.064397,0.071614,0.078788,0.085101,0.090116,0.093478,0.095181,0.09566,0.095298,0.094762,0.094738,0.095197,0.096524,0.099483,0.10451,0.11234,0.12327,0.13708,0.15278,0.16912,0.18587,0.20207,0.2145,0.22147,0.22246,0.21801,0.20953,0.19854,0.18781,0.17839,0.17035,0.16408,0.15967,0.15678,0.15535,0.15492,0.15461,0.1539,0.1525,0.15002,0.14628,0.14081,0.13257,0.12052,0.10496
0.056712,0.059417,0.061474,0.062205,0.061809,0.060504,0.05845,0.055709,0.052328,0.04839,0.044276,0.040324,0.03699,0.03428,0.03275,0.032286,0.032662,0.03353,0.034522,0.035302,0.03571,0.035608,0.035196,0.03506,0.035123,0.035552,0.036345,0.037558,0.039382,0.041925,0.045033,0.048801,0.052834,0.056828,0.060541,0.063749,0.066257,0.067991,0.069159,0.069696,0.070094,0.070112,0.069284,0.067775,0.065753,0.063314,0.060717,0.058199,0.05586,0.053968,0.052907,0.0535,0.055721,0.060495,0.067541,0.076722,0.087612,0.098181,0.10731,0.11472,0.11951,0.12163,0.12187,0.12074,0.11921,0.11839,0.11864,0.12027,0.12407,0.13066,0.14095,0.15419,0.16901,0.1839,0.19815,0.21159,0.223,0.22998,0.2315,0.22757,0.21906,0.20762,0.19483,0.18341,0.17357,0.16525,0.15848,0.15308,0.1486,0.14513,0.14251,0.14029,0.13798,0.13545,0.13243,0.12865,0.12385,0.11721,0.10785,0.096177
0.056962,0.059207,0.061014,0.06163,0.061187,0.059902,0.057923,0.055343,0.0522,0.048385,0.044208,0.040183,0.036305,0.032881,0.030284,0.028442,0.027256,0.026727,0.026721,0.027052,0.027338,0.027358,0.027251,0.027302,0.027425,0.027826,0.028555,0.029546,0.030799,0.032278,0.034027,0.036404,0.039487,0.043074,0.046997,0.050669,0.054051,0.056761,0.058781,0.06031,0.061539,0.062206,0.062382,0.06191,0.060826,0.059438,0.057934,0.056681,0.055974,0.055987,0.057721,0.061498,0.067297,0.075776,0.087005,0.10042,0.11534,0.1297,0.1424,0.15284,0.15986,0.16335,0.16429,0.16328,0.16141,0.15948,0.15764,0.15633,0.15702,0.16054,0.16732,0.17655,0.18666,0.19623,0.20447,0.2112,0.2153,0.21505,0.21017,0.20083,0.18826,0.17452,0.16126,0.15107,0.14377,0.13902,0.13624,0.135,0.13459,0.13459,0.13489,0.13477,0.13398,0.13251,0.12999,0.12644,0.12148,0.11451,0.10499,0.093576
0.057098,0.061796,0.06552,0.067785,0.068758,0.06868,0.06779,0.066332,0.06412,0.061073,0.057407,0.053325,0.048796,0.044077,0.03965,0.035994,0.033097,0.031219,0.030384,0.030266,0.030509,0.030627,0.030205,0.029505,0.028592,0.02769,0.026918,0.026611,0.026564,0.026847,0.027677,0.028881,0.030479,0.032485,0.034906,0.037951,0.04135,0.044457,0.047269,0.049647,0.051468,0.052796,0.053571,0.054046,0.054402,0.05499,0.056048,0.057792,0.06064,0.06524,0.072724,0.082791,0.095719,0.11129,0.12908,0.14835,0.1684,0.18721,0.20315,0.21525,0.22199,0.22271,0.21866,0.21108,0.20158,0.19147,0.18104,0.17079,0.16237,0.15656,0.15429,0.15523,0.15816,0.16196,0.16564,0.16845,0.1692,0.16671,0.16094,0.15198,0.14103,0.1297,0.11936,0.11202,0.10741,0.10526,0.10486,0.10542,0.1066,0.10796,0.10923,0.11007,0.11039,0.10995,0.10861,0.10624,0.10252,0.096944,0.089065,0.079845
0.058857,0.063776,0.068252,0.071553,0.073699,0.075098,0.076065,0.076819,0.076884,0.07624,0.074963,0.072855,0.069786,0.065788,0.061168,0.056375,0.052056,0.048983,0.047782,0.047869,0.048933,0.050215,0.051058,0.051451,0.050987,0.049875,0.048379,0.047076,0.045631,0.044069,0.042571,0.041256,0.040244,0.039789,0.040043,0.040843,0.042346,0.044306,0.046751,0.049229,0.051313,0.053123,0.054891,0.056526,0.058137,0.060006,0.062563,0.066621,0.072572,0.081423,0.094072,0.1098,0.1294,0.15202,0.17675,0.20222,0.22665,0.24804,0.2646,0.27506,0.27801,0.27327,0.26227,0.24707,0.22922,0.21002,0.19057,0.17096,0.15271,0.13712,0.12499,0.11644,0.11059,0.10709,0.10497,0.10371,0.10218,0.09953,0.09594,0.091058,0.085479,0.080011,0.074918,0.07122,0.069293,0.069367,0.070871,0.073094,0.075408,0.077586,0.07928,0.080291,0.080534,0.080149,0.07896,0.07703,0.074224,0.070281,0.065258,0.060306
0.057521,0.062992,0.067878,0.071645,0.074482,0.076972,0.079441,0.082087,0.084561,0.086662,0.088157,0.088654,0.088145,0.086447,0.083679,0.080366,0.077212,0.075404,0.075552,0.077222,0.080151,0.083543,0.08654,0.088501,0.088902,0.087605,0.084392,0.079881,0.073939,0.066905,0.059602,0.052768,0.046796,0.042249,0.039242,0.037372,0.036775,0.037418,0.039293,0.041773,0.044312,0.047026,0.050012,0.053573,0.057582,0.062413,0.068567,0.076576,0.087007,0.10107,0.11897,0.13953,0.16353,0.18897,0.21496,0.2396,0.26037,0.27568,0.28449,0.28589,0.27997,0.26693,0.24876,0.229,0.20847,0.18777,0.16751,0.1469,0.12708,0.10901,0.094001,0.083058,0.075261,0.069937,0.066257,0.063804,0.061883,0.06018,0.058912,0.057539,0.056137,0.054792,0.053466,0.05211,0.051225,0.051029,0.051525,0.052586,0.054374,0.056555,0.059135,0.061399,0.063113,0.064216,0.064582,0.064106,0.062619,0.05981,0.055828,0.052573
0.059321,0.066613,0.073103,0.07817,0.08208,0.085411,0.088702,0.092096,0.095528,0.09905,0.10258,0.10543,0.10725,0.10783,0.10754,0.10674,0.10631,0.10727,0.11019,0.11478,0.12092,0.12763,0.13362,0.13801,0.14012,0.1397,0.13655,0.13113,0.12313,0.11298,0.10149,0.089583,0.078025,0.068007,0.059788,0.053339,0.048979,0.047019,0.046754,0.047526,0.048822,0.050485,0.052837,0.056254,0.060514,0.065963,0.072914,0.081817,0.093206,0.1084,0.12687,0.14695,0.17001,0.19279,0.21382,0.23167,0.24424,0.25056,0.25022,0.24326,0.23037,0.21296,0.19293,0.17398,0.15608,0.13863,0.12159,0.1038,0.086878,0.071863,0.059567,0.0513,0.045727,0.042555,0.040891,0.040365,0.040357,0.040644,0.041094,0.04178,0.042566,0.043393,0.043667,0.043259,0.042323,0.041376,0.040074,0.039073,0.038319,0.038178,0.038879,0.039932,0.040983,0.04187,0.042491,0.042797,0.042605,0.041783,0.040826,0.041308
0.056576,0.062801,0.06859,0.073143,0.076776,0.079943,0.08306,0.086457,0.090255,0.094687,0.099832,0.10506,0.11021,0.11505,0.11939,0.12362,0.12832,0.13471,0.14259,0.15214,0.16333,0.17516,0.18632,0.19564,0.2017,0.20394,0.20204,0.19598,0.18597,0.17244,0.15642,0.13904,0.1215,0.10574,0.092471,0.081256,0.072639,0.067106,0.064212,0.063054,0.063049,0.063985,0.06614,0.069676,0.073904,0.078884,0.084784,0.091719,0.10002,0.11106,0.1244,0.13846,0.1551,0.17038,0.18316,0.19196,0.19595,0.19501,0.18937,0.17952,0.16656,0.15147,0.1354,0.12126,0.10806,0.095313,0.083288,0.070394,0.058203,0.047464,0.038629,0.033041,0.029471,0.027836,0.027548,0.028396,0.030106,0.032306,0.03473,0.037535,0.040246,0.042685,0.044204,0.044323,0.043099,0.04097,0.038203,0.035722,0.033757,0.032463,0.032283,0.032684,0.033223,0.033812,0.034208,0.034415,0.034386,0.034098,0.034113,0.036261
0.055071,0.061091,0.066864,0.071303,0.074532,0.076856,0.07858,0.07993,0.081409,0.083468,0.086212,0.089181,0.092965,0.097104,0.10189,0.10757,0.11467,0.12417,0.13563,0.14919,0.16531,0.18337,0.20173,0.21849,0.23196,0.24134,0.24604,0.24568,0.24023,0.23003,0.21569,0.19833,0.17883,0.15973,0.14181,0.12533,0.11116,0.10056,0.092679,0.08689,0.082896,0.080297,0.07951,0.080648,0.082621,0.085184,0.088285,0.091957,0.096126,0.10201,0.10928,0.11688,0.12654,0.13434,0.13973,0.14201,0.14095,0.13694,0.13019,0.12126,0.11048,0.098723,0.086907,0.076869,0.067998,0.060148,0.053523,0.047315,0.042502,0.0388,0.036549,0.03649,0.037501,0.040249,0.043812,0.047392,0.051262,0.055388,0.059458,0.064247,0.068555,0.071538,0.072272,0.069973,0.065143,0.058492,0.05009,0.04178,0.03441,0.028994,0.025787,0.02417,0.023326,0.022863,0.022752,0.022832,0.022982,0.023396,0.024681,0.028965
0.050708,0.054489,0.058794,0.062079,0.064316,0.065665,0.066366,0.066562,0.066663,0.067023,0.067763,0.068765,0.07059,0.072998,0.076272,0.080711,0.086888,0.095505,0.10653,0.12014,0.13685,0.15622,0.17699,0.19726,0.21527,0.22989,0.24025,0.24568,0.24595,0.24105,0.23155,0.21829,0.20226,0.18563,0.16919,0.15329,0.13892,0.12749,0.11869,0.11175,0.10654,0.10283,0.10096,0.10076,0.10133,0.10194,0.10234,0.10237,0.10204,0.102,0.10185,0.10129,0.10176,0.10057,0.09769,0.093088,0.087154,0.080472,0.073203,0.065497,0.057664,0.050373,0.044101,0.039529,0.036373,0.034425,0.033679,0.033918,0.035472,0.038012,0.041824,0.047504,0.053904,0.06149,0.069554,0.077342,0.084959,0.092609,0.099838,0.10728,0.11332,0.11676,0.11652,0.112,0.10377,0.092958,0.079977,0.067698,0.057127,0.04927,0.044546,0.042087,0.040657,0.039802,0.038936,0.037919,0.036667,0.035343,0.034405,0.036002
0.04805,0.04963,0.052139,0.054149,0.055473,0.055962,0.055764,0.054929,0.053705,0.05249,0.051427,0.050669,0.050737,0.051434,0.052925,0.055361,0.059195,0.06506,0.073359,0.084237,0.098096,0.11449,0.13267,0.15108,0.16821,0.18326,0.19541,0.20377,0.20779,0.20748,0.20301,0.19494,0.18369,0.17164,0.15927,0.14736,0.13664,0.12785,0.12071,0.1149,0.11079,0.10825,0.10746,0.10777,0.10844,0.10852,0.1074,0.10447,0.09998,0.094299,0.087685,0.081453,0.076286,0.070837,0.065658,0.060982,0.05673,0.052814,0.049119,0.045575,0.041898,0.038257,0.034941,0.032126,0.030256,0.029813,0.031856,0.036723,0.044076,0.053274,0.063868,0.075125,0.085969,0.097792,0.11043,0.12278,0.13454,0.14555,0.15558,0.16546,0.17289,0.17713,0.17747,0.17257,0.16258,0.14844,0.13075,0.11236,0.094477,0.079195,0.068083,0.060715,0.055403,0.051496,0.048516,0.046068,0.043825,0.041577,0.03962,0.039848
0.04481,0.04332,0.043159,0.043252,0.043214,0.042751,0.041934,0.040783,0.03941,0.038028,0.036715,0.035591,0.034916,0.034742,0.035085,0.03618,0.038257,0.041624,0.046622,0.053586,0.063062,0.07479,0.088453,0.10251,0.11552,0.12696,0.13624,0.14281,0.14639,0.14672,0.14396,0.13855,0.13107,0.12314,0.11529,0.10812,0.10223,0.098045,0.095321,0.093809,0.093522,0.094376,0.096555,0.099029,0.10145,0.10237,0.10088,0.09635,0.089439,0.080355,0.07008,0.061296,0.053643,0.047393,0.042721,0.039523,0.037487,0.03636,0.035771,0.035325,0.034599,0.033788,0.033168,0.032655,0.033221,0.036006,0.042321,0.052896,0.066777,0.082645,0.099359,0.11605,0.1321,0.14864,0.16644,0.18354,0.19986,0.21564,0.23097,0.24672,0.25951,0.26682,0.267,0.25923,0.24394,0.22248,0.19606,0.16814,0.14076,0.11708,0.097835,0.083942,0.074277,0.067457,0.061957,0.057305,0.053267,0.049589,0.046223,0.044477
0.04172,0.039336,0.038481,0.037882,0.037206,0.036162,0.034817,0.033105,0.031103,0.028969,0.026922,0.025216,0.024157,0.023817,0.023976,0.024778,0.026059,0.027698,0.030114,0.033419,0.038177,0.04445,0.052283,0.060408,0.068034,0.074924,0.080559,0.084675,0.086998,0.087273,0.085952,0.083252,0.079586,0.076034,0.072905,0.070433,0.068687,0.068037,0.068519,0.070165,0.073051,0.077083,0.082132,0.087214,0.091679,0.09393,0.09315,0.088914,0.08227,0.07348,0.063643,0.056284,0.050107,0.045818,0.042884,0.041073,0.040252,0.040371,0.041239,0.043001,0.045229,0.047647,0.050185,0.052211,0.054822,0.058859,0.065986,0.077097,0.091094,0.10724,0.1243,0.14161,0.15885,0.1765,0.1967,0.2176,0.23873,0.26047,0.28104,0.29914,0.31109,0.31527,0.31135,0.29939,0.28022,0.25521,0.2257,0.19465,0.16475,0.13959,0.11894,0.10313,0.091112,0.082277,0.075174,0.069206,0.064,0.059043,0.054192,0.050694
0.043145,0.041287,0.041113,0.041187,0.04104,0.040506,0.039564,0.03818,0.036409,0.034358,0.032057,0.029917,0.028081,0.026908,0.026097,0.025581,0.02543,0.025387,0.02551,0.026121,0.027375,0.029321,0.032491,0.03605,0.039619,0.043274,0.046741,0.049762,0.052069,0.053519,0.054276,0.054326,0.053965,0.053806,0.054031,0.054553,0.055296,0.056298,0.057794,0.059646,0.061974,0.064905,0.068666,0.072118,0.075131,0.076281,0.074965,0.070887,0.065258,0.058556,0.051626,0.047396,0.044683,0.044097,0.045004,0.047268,0.0505,0.054803,0.06037,0.066945,0.074132,0.081125,0.08753,0.092493,0.096506,0.099925,0.10428,0.11112,0.1202,0.13188,0.14553,0.16085,0.17699,0.19406,0.21412,0.235,0.25568,0.27494,0.29174,0.30453,0.31054,0.30952,0.30183,0.28843,0.26993,0.24722,0.22145,0.19441,0.16865,0.14738,0.12979,0.11602,0.10554,0.097803,0.091573,0.086151,0.081077,0.075511,0.069035,0.06236
0.045331,0.044816,0.045652,0.046687,0.047356,0.047628,0.047419,0.046706,0.045487,0.043806,0.041749,0.039752,0.037771,0.036642,0.036027,0.035531,0.035096,0.034586,0.034016,0.033576,0.033143,0.032586,0.032262,0.032084,0.032086,0.032317,0.032495,0.032613,0.032595,0.032233,0.031675,0.030942,0.030213,0.029882,0.030204,0.031045,0.032288,0.033639,0.034931,0.036122,0.037311,0.038733,0.040581,0.042744,0.045143,0.047146,0.048552,0.049428,0.050586,0.052153,0.054744,0.060262,0.067277,0.076336,0.086571,0.097607,0.10893,0.12042,0.13232,0.14424,0.15566,0.16499,0.17125,0.17332,0.17195,0.16792,0.16343,0.16124,0.1623,0.16661,0.17391,0.18232,0.19065,0.19836,0.2072,0.21575,0.22307,0.22869,0.23257,0.23403,0.2327,0.22888,0.22267,0.2145,0.20406,0.19117,0.17623,0.1599,0.14378,0.13016,0.11854,0.10917,0.10181,0.096145,0.091251,0.086731,0.082226,0.077003,0.070761,0.064478
0.043476,0.042925,0.043752,0.045077,0.046251,0.04743,0.048601,0.049764,0.050914,0.051913,0.052933,0.054042,0.054854,0.056304,0.05772,0.058598,0.058751,0.057871,0.055714,0.052509,0.048323,0.043347,0.038263,0.033453,0.029633,0.02707,0.025414,0.024333,0.023628,0.023181,0.022723,0.022185,0.021548,0.021086,0.020934,0.021106,0.021415,0.021746,0.021988,0.022243,0.022707,0.023446,0.024809,0.026792,0.029451,0.032898,0.037293,0.04259,0.049144,0.057238,0.066957,0.07958,0.09396,0.11059,0.12822,0.14611,0.16324,0.17933,0.19468,0.20891,0.22177,0.23118,0.23605,0.23531,0.22991,0.22058,0.20895,0.19789,0.18973,0.18408,0.18066,0.17856,0.17661,0.17457,0.17304,0.17173,0.17029,0.1687,0.16672,0.16329,0.15799,0.15159,0.14435,0.13678,0.12907,0.12108,0.11299,0.10521,0.098675,0.094369,0.091652,0.090236,0.089704,0.089735,0.089365,0.088382,0.086306,0.082592,0.076931,0.070208
0.041036,0.041221,0.043092,0.045445,0.047725,0.05019,0.052854,0.055752,0.058766,0.061573,0.064102,0.066472,0.068174,0.070305,0.072451,0.074189,0.075051,0.074556,0.072302,0.068756,0.063854,0.05788,0.05119,0.04431,0.038629,0.034356,0.030951,0.02844,0.02656,0.025229,0.023941,0.022635,0.021345,0.020154,0.019388,0.019018,0.019193,0.019713,0.020679,0.021955,0.023647,0.025515,0.027729,0.030421,0.033791,0.038443,0.044739,0.053241,0.063827,0.07667,0.091552,0.10908,0.12848,0.15046,0.17315,0.19553,0.21651,0.23562,0.25294,0.26782,0.27974,0.28615,0.28565,0.27748,0.26286,0.24339,0.22105,0.19957,0.18208,0.16749,0.15635,0.14731,0.13973,0.13324,0.12819,0.12445,0.12121,0.11803,0.11485,0.111,0.10577,0.09981,0.093397,0.087192,0.081221,0.075628,0.070731,0.067096,0.065807,0.066872,0.0698,0.073892,0.078491,0.082674,0.085722,0.087292,0.086983,0.084366,0.079176,0.07236
0.035503,0.035222,0.037146,0.039909,0.04292,0.046434,0.050436,0.054932,0.059764,0.064526,0.069157,0.073915,0.07831,0.082926,0.08729,0.090491,0.092168,0.092026,0.089724,0.085887,0.080476,0.074281,0.067312,0.060243,0.054435,0.050048,0.046856,0.044465,0.042747,0.041599,0.040256,0.038566,0.036562,0.03435,0.032275,0.030479,0.029225,0.028525,0.028554,0.029368,0.031003,0.033402,0.036772,0.041351,0.047572,0.056011,0.06691,0.080506,0.095827,0.11366,0.13364,0.15493,0.17729,0.20194,0.22586,0.24803,0.26708,0.28185,0.29226,0.29804,0.29904,0.29377,0.28223,0.26486,0.24316,0.21867,0.19279,0.16799,0.14689,0.12839,0.11406,0.10232,0.092441,0.08425,0.077657,0.072544,0.068553,0.065576,0.063375,0.061202,0.058418,0.055542,0.052378,0.049211,0.046339,0.044384,0.04369,0.044606,0.047251,0.051449,0.057029,0.063203,0.069608,0.0754,0.079858,0.082432,0.082763,0.080464,0.075423,0.068863
0.037704,0.037965,0.040239,0.043358,0.046735,0.050649,0.055121,0.060471,0.06639,0.072572,0.07902,0.085601,0.092044,0.098723,0.10517,0.11012,0.11329,0.1143,0.11286,0.10976,0.10514,0.10048,0.095494,0.090657,0.086661,0.0838,0.08169,0.079982,0.078275,0.076843,0.074675,0.071587,0.067281,0.062019,0.056624,0.051581,0.047573,0.044996,0.043987,0.044401,0.04635,0.049487,0.054077,0.060309,0.068369,0.078831,0.091546,0.1069,0.12379,0.14266,0.16287,0.18312,0.2033,0.22473,0.24434,0.26074,0.27262,0.27924,0.28074,0.2777,0.27073,0.25982,0.24519,0.22671,0.20513,0.18103,0.1552,0.12991,0.10744,0.087625,0.072649,0.060981,0.051912,0.044922,0.039488,0.035629,0.033231,0.032046,0.032001,0.03232,0.032415,0.032259,0.031488,0.030254,0.028671,0.027626,0.027517,0.02894,0.031764,0.035899,0.041341,0.047436,0.054057,0.060181,0.065137,0.068426,0.069574,0.068206,0.064467,0.059803
0.040697,0.040605,0.042558,0.044969,0.047405,0.050166,0.053282,0.05696,0.061104,0.065722,0.070937,0.076836,0.08329,0.090543,0.097929,0.10426,0.10928,0.11276,0.11448,0.11519,0.115,0.11576,0.11636,0.11717,0.11884,0.12107,0.12333,0.12526,0.12601,0.12571,0.12353,0.11958,0.11383,0.10686,0.099716,0.092954,0.087611,0.084192,0.082806,0.08329,0.085591,0.089176,0.094237,0.10096,0.10907,0.11876,0.12958,0.14195,0.15464,0.16787,0.18099,0.19243,0.20236,0.2119,0.21925,0.2239,0.2255,0.22367,0.21907,0.21222,0.20355,0.19347,0.18103,0.1656,0.14736,0.12681,0.10492,0.083715,0.06566,0.050648,0.040431,0.033827,0.029934,0.027858,0.027174,0.027523,0.028349,0.029427,0.030599,0.031653,0.031774,0.031288,0.030174,0.028621,0.02688,0.025623,0.025149,0.025781,0.027234,0.029718,0.033392,0.037579,0.042263,0.046912,0.051028,0.054091,0.055647,0.055521,0.053925,0.052398
0.041909,0.040529,0.041172,0.042205,0.043103,0.044038,0.045077,0.046245,0.04763,0.049394,0.051921,0.055489,0.060453,0.066911,0.073972,0.080943,0.087487,0.093408,0.098842,0.10429,0.10976,0.11762,0.12642,0.13608,0.14678,0.15734,0.16719,0.17546,0.18101,0.18352,0.18215,0.17692,0.16828,0.15716,0.14533,0.13391,0.12436,0.11768,0.11428,0.11375,0.11586,0.11967,0.12504,0.13139,0.13829,0.14552,0.15223,0.15899,0.16501,0.17036,0.17523,0.1785,0.18053,0.18239,0.18296,0.1824,0.18049,0.17663,0.17085,0.16357,0.15455,0.1448,0.13352,0.1202,0.10482,0.08791,0.070765,0.05534,0.043387,0.034263,0.02851,0.025265,0.023881,0.023927,0.024889,0.026584,0.028871,0.031321,0.033707,0.035716,0.03689,0.037643,0.037767,0.037274,0.036248,0.035438,0.034897,0.034932,0.035352,0.036084,0.037642,0.039586,0.041941,0.04442,0.046565,0.04808,0.048687,0.048272,0.047108,0.046707
0.047405,0.048002,0.049235,0.049759,0.049515,0.048729,0.047622,0.046357,0.045007,0.043876,0.043253,0.043093,0.043793,0.04576,0.048626,0.05224,0.056477,0.061294,0.066788,0.073536,0.081693,0.093459,0.10703,0.12236,0.13965,0.15706,0.17374,0.18876,0.20038,0.20801,0.21111,0.20964,0.20424,0.1958,0.18611,0.17637,0.16775,0.16135,0.15742,0.15606,0.15731,0.16015,0.16411,0.1683,0.17181,0.17401,0.1743,0.17333,0.17089,0.16701,0.16287,0.15821,0.1536,0.1495,0.14522,0.14041,0.13481,0.12807,0.12017,0.11178,0.10293,0.094692,0.086184,0.0768,0.066686,0.056318,0.046577,0.038668,0.033071,0.029308,0.027681,0.027453,0.028381,0.030538,0.033418,0.036753,0.040297,0.043712,0.046629,0.049155,0.050502,0.051171,0.051136,0.050688,0.04962,0.048794,0.04813,0.047894,0.047848,0.048043,0.048688,0.049575,0.050639,0.051658,0.052469,0.052751,0.052266,0.050756,0.048515,0.047267
0.054806,0.05849,0.061559,0.062917,0.062643,0.061139,0.058568,0.055051,0.051148,0.047177,0.043429,0.040271,0.038018,0.036991,0.036937,0.037735,0.039335,0.041919,0.045478,0.050148,0.056289,0.065691,0.077604,0.092415,0.11092,0.13037,0.1494,0.16677,0.18127,0.19204,0.19877,0.20127,0.20079,0.19792,0.19385,0.18944,0.18566,0.18336,0.18282,0.18385,0.18594,0.18804,0.18975,0.19032,0.18888,0.18498,0.17842,0.17026,0.16058,0.14987,0.14004,0.13109,0.12269,0.11517,0.10831,0.10139,0.094597,0.08727,0.079658,0.071815,0.064079,0.057463,0.05142,0.045637,0.040006,0.035077,0.031658,0.030498,0.032102,0.035222,0.039788,0.04564,0.052057,0.058547,0.064708,0.070279,0.074889,0.078386,0.080537,0.081827,0.081499,0.080213,0.078187,0.075936,0.073228,0.070798,0.068733,0.066969,0.065543,0.06413,0.06307,0.062372,0.061519,0.060494,0.059407,0.058038,0.056041,0.053201,0.049676,0.046653
0.06768,0.07565,0.081896,0.085335,0.086292,0.085242,0.082493,0.078193,0.07275,0.066894,0.061533,0.056865,0.053165,0.050527,0.048996,0.048482,0.04887,0.050048,0.051963,0.054539,0.058264,0.063966,0.071225,0.080322,0.093082,0.10667,0.12022,0.13289,0.14391,0.15255,0.15881,0.16245,0.16411,0.16447,0.16428,0.16407,0.1644,0.166,0.16876,0.17196,0.17491,0.17681,0.17759,0.17674,0.1734,0.16723,0.15836,0.14786,0.13584,0.12278,0.11133,0.10137,0.092306,0.084607,0.078234,0.072404,0.066822,0.061137,0.055481,0.050136,0.045328,0.04159,0.038353,0.035514,0.033517,0.033464,0.036112,0.041772,0.04994,0.059482,0.069877,0.080977,0.091618,0.10142,0.11029,0.11748,0.12253,0.12482,0.12459,0.12293,0.11943,0.11468,0.10928,0.10395,0.098402,0.092706,0.087498,0.083188,0.079168,0.075611,0.072501,0.069637,0.066648,0.063655,0.060798,0.057903,0.05486,0.051445,0.047691,0.04476
0.081156,0.092803,0.10164,0.10711,0.10962,0.10982,0.10805,0.10453,0.09945,0.093198,0.086659,0.080211,0.074337,0.069345,0.064894,0.06101,0.05766,0.055003,0.053085,0.05216,0.053265,0.056361,0.061056,0.067392,0.076713,0.086778,0.096604,0.10543,0.11311,0.11911,0.12337,0.12571,0.12664,0.12683,0.12699,0.1274,0.12836,0.13003,0.13197,0.13402,0.13575,0.13669,0.13663,0.13526,0.13193,0.12675,0.11961,0.11101,0.10114,0.090716,0.081792,0.074341,0.067983,0.063071,0.059488,0.056273,0.053344,0.050523,0.047827,0.045235,0.042893,0.041258,0.040379,0.040503,0.042041,0.046358,0.053609,0.064003,0.077022,0.09116,0.10548,0.11993,0.13332,0.14534,0.1561,0.16486,0.17087,0.17348,0.17281,0.16966,0.16337,0.15513,0.14555,0.13503,0.12444,0.1136,0.10367,0.09501,0.088143,0.082443,0.077534,0.073442,0.069555,0.065819,0.062456,0.059171,0.055848,0.052281,0.048511,0.045783
0.099917,0.11672,0.12956,0.13774,0.14232,0.14425,0.14379,0.14118,0.13656,0.13018,0.12262,0.11449,0.1058,0.09707,0.088839,0.081214,0.074249,0.067826,0.062096,0.057242,0.054395,0.053062,0.052718,0.053494,0.05642,0.060056,0.063968,0.06763,0.071084,0.074008,0.076318,0.078114,0.079287,0.080125,0.08143,0.082944,0.08439,0.085965,0.087421,0.088587,0.089331,0.089303,0.088788,0.0875,0.08525,0.08229,0.078203,0.07319,0.067507,0.061763,0.056814,0.052604,0.048921,0.046048,0.04415,0.042724,0.041769,0.041081,0.040784,0.040759,0.04106,0.041739,0.04316,0.045835,0.050745,0.059667,0.071594,0.086167,0.10267,0.11993,0.13688,0.15371,0.16936,0.18364,0.19684,0.20772,0.21546,0.21909,0.21861,0.21451,0.20601,0.19369,0.17836,0.16123,0.14495,0.12873,0.11412,0.10155,0.09105,0.082578,0.075982,0.070972,0.06673,0.06299,0.059663,0.056644,0.053806,0.050865,0.047721,0.045612
0.11891,0.14188,0.15963,0.17197,0.18015,0.18536,0.18796,0.18796,0.18536,0.18016,0.17279,0.16357,0.15241,0.13973,0.12654,0.11342,0.10113,0.089598,0.078678,0.068911,0.061336,0.055478,0.050921,0.047713,0.046235,0.045921,0.046493,0.047408,0.048445,0.049573,0.050701,0.051764,0.052492,0.052997,0.053815,0.054881,0.055928,0.057078,0.057886,0.058401,0.058645,0.058615,0.058329,0.057788,0.056859,0.055806,0.054494,0.053077,0.051429,0.05005,0.049001,0.048203,0.04751,0.047254,0.04785,0.049392,0.051588,0.054207,0.056879,0.059398,0.061726,0.063684,0.065588,0.067978,0.071357,0.077524,0.085541,0.095405,0.10703,0.11966,0.13226,0.14464,0.15615,0.16651,0.1767,0.18526,0.19171,0.19469,0.19439,0.19077,0.18271,0.17099,0.15681,0.14075,0.12575,0.11086,0.097313,0.085858,0.076776,0.06997,0.064993,0.061432,0.05851,0.055892,0.053474,0.051185,0.049046,0.04688,0.044723,0.044148
0.12113,0.14412,0.16231,0.17554,0.18516,0.19236,0.19737,0.20037,0.20119,0.1996,0.19589,0.19002,0.18173,0.17133,0.15978,0.14745,0.13498,0.12259,0.11013,0.098142,0.088294,0.080503,0.074107,0.068755,0.064272,0.060592,0.057544,0.054757,0.052157,0.049864,0.047982,0.046504,0.045002,0.043387,0.042303,0.041666,0.041484,0.041508,0.041385,0.041006,0.040491,0.039986,0.039658,0.039479,0.039641,0.040141,0.040829,0.042068,0.04373,0.046115,0.049066,0.052217,0.055317,0.058794,0.063555,0.069604,0.075923,0.082087,0.08752,0.091756,0.094698,0.096148,0.096523,0.096522,0.09643,0.098104,0.1014,0.10636,0.11262,0.11973,0.12687,0.13406,0.14046,0.14602,0.15109,0.15463,0.15663,0.15641,0.15451,0.15091,0.14508,0.13704,0.12705,0.11545,0.10404,0.092315,0.081281,0.071855,0.06413,0.058654,0.055055,0.052864,0.051342,0.050019,0.048651,0.047156,0.045532,0.043649,0.041829,0.041856
0.11188,0.1315,0.14745,0.15982,0.1696,0.17785,0.18482,0.19065,0.1953,0.19835,0.19989,0.19951,0.19653,0.19085,0.18293,0.17297,0.16168,0.14939,0.13644,0.12344,0.11182,0.10188,0.09328,0.085608,0.078686,0.072887,0.06787,0.063559,0.059846,0.05649,0.053668,0.051174,0.048407,0.045297,0.042485,0.040286,0.038757,0.037447,0.03637,0.035611,0.035208,0.035241,0.035738,0.036806,0.038603,0.041175,0.044405,0.048464,0.053238,0.058658,0.064254,0.069838,0.075048,0.08001,0.086109,0.093742,0.10127,0.10822,0.11423,0.11903,0.12194,0.1226,0.12139,0.11873,0.11506,0.11143,0.10872,0.10724,0.10723,0.10856,0.11024,0.11233,0.11438,0.11623,0.11773,0.11813,0.11766,0.11556,0.11228,0.10841,0.10429,0.099666,0.094061,0.087624,0.081011,0.073925,0.066874,0.060632,0.055372,0.051481,0.04905,0.047706,0.046991,0.046473,0.045968,0.045359,0.044502,0.043363,0.042228,0.043117
0.096035,0.11085,0.12355,0.13325,0.14084,0.14716,0.15252,0.15711,0.16095,0.16381,0.16599,0.16712,0.16676,0.16463,0.16097,0.15593,0.15004,0.14344,0.13612,0.12857,0.12159,0.11555,0.11014,0.10495,0.099612,0.094903,0.090637,0.086597,0.082733,0.078824,0.074957,0.070984,0.066387,0.061295,0.056178,0.051569,0.047702,0.044168,0.041233,0.039002,0.037449,0.036788,0.037079,0.038643,0.041594,0.046007,0.052206,0.059952,0.068927,0.078713,0.0887,0.098803,0.10825,0.11666,0.12492,0.13269,0.13869,0.14261,0.14417,0.14417,0.14224,0.13828,0.13271,0.12609,0.11861,0.11097,0.10404,0.09867,0.094745,0.092651,0.091461,0.091211,0.091714,0.092492,0.093326,0.093611,0.093138,0.091561,0.089105,0.086431,0.083841,0.081581,0.078984,0.076039,0.072451,0.068327,0.064096,0.060566,0.05776,0.055788,0.054704,0.054375,0.054242,0.053879,0.053158,0.052054,0.050536,0.048566,0.046588,0.046477
0.075845,0.084427,0.092648,0.09915,0.10424,0.10858,0.11235,0.11586,0.11917,0.12204,0.1247,0.12675,0.12795,0.12813,0.12739,0.12593,0.12407,0.12203,0.11986,0.11816,0.11694,0.1159,0.11489,0.11335,0.11105,0.10877,0.10629,0.10364,0.10087,0.098256,0.09552,0.092612,0.089116,0.084496,0.079467,0.074615,0.070698,0.067026,0.063687,0.061226,0.059558,0.059109,0.0601,0.062826,0.067031,0.072453,0.079292,0.087619,0.097111,0.10707,0.11682,0.12623,0.13454,0.14093,0.14631,0.15054,0.15269,0.15287,0.1509,0.14766,0.14267,0.13619,0.1287,0.12045,0.11174,0.1028,0.09468,0.087449,0.081254,0.076968,0.074,0.072045,0.070503,0.069253,0.068122,0.06714,0.066312,0.065725,0.065466,0.065726,0.066641,0.068164,0.069487,0.070315,0.070112,0.069279,0.067897,0.066524,0.065572,0.065271,0.065511,0.066003,0.066401,0.066332,0.065672,0.064391,0.062341,0.059476,0.056115,0.054105
0.058092,0.061047,0.065468,0.069088,0.071864,0.074201,0.076153,0.078055,0.080027,0.081905,0.083766,0.085598,0.087259,0.088768,0.090385,0.092223,0.094308,0.09674,0.099624,0.10335,0.10753,0.11172,0.11626,0.12065,0.12456,0.12854,0.13215,0.13517,0.13725,0.13824,0.13768,0.13532,0.13118,0.12475,0.117,0.10879,0.10118,0.093778,0.087397,0.082464,0.079009,0.076839,0.076437,0.077945,0.081331,0.086526,0.093996,0.10335,0.11394,0.12493,0.13519,0.14476,0.15241,0.1572,0.15943,0.15873,0.15529,0.14947,0.14176,0.13412,0.1266,0.1188,0.11126,0.1039,0.09651,0.089132,0.082365,0.076312,0.070936,0.066844,0.063705,0.061413,0.059823,0.058979,0.058565,0.058587,0.059336,0.060976,0.063175,0.065483,0.067847,0.070699,0.073068,0.074944,0.075588,0.075747,0.075541,0.075542,0.07586,0.076444,0.077332,0.078499,0.079602,0.080237,0.080234,0.079439,0.077556,0.074251,0.069762,0.065861
0.056274,0.056604,0.059075,0.060985,0.062119,0.06283,0.063222,0.063582,0.064113,0.064834,0.065789,0.067078,0.068669,0.070504,0.072858,0.075971,0.079728,0.084136,0.088962,0.094242,0.099765,0.10466,0.10933,0.11372,0.11769,0.12161,0.12515,0.12859,0.13168,0.13454,0.137,0.13837,0.13855,0.13728,0.1352,0.13253,0.12992,0.12673,0.1235,0.12061,0.11788,0.11553,0.11429,0.11418,0.11506,0.11678,0.11986,0.1243,0.12936,0.13463,0.13953,0.14386,0.14633,0.14624,0.1434,0.13793,0.13104,0.12338,0.11564,0.10943,0.10409,0.099473,0.095584,0.092002,0.088349,0.084362,0.080218,0.076009,0.07189,0.068159,0.064637,0.061328,0.058503,0.056091,0.05425,0.053663,0.054774,0.057796,0.062714,0.069325,0.076849,0.085261,0.093083,0.099949,0.10501,0.10866,0.11102,0.11246,0.11331,0.11373,0.1138,0.11372,0.11329,0.11229,0.11064,0.10827,0.10481,0.099545,0.09229,0.084614
0.10313,0.11578,0.12501,0.12938,0.12986,0.12735,0.1224,0.11562,0.10725,0.097442,0.087064,0.076576,0.066438,0.057281,0.049193,0.042681,0.037613,0.033923,0.03125,0.02953,0.028959,0.02961,0.031359,0.033886,0.037182,0.041268,0.045997,0.05135,0.057188,0.063063,0.068795,0.074216,0.079901,0.085755,0.091981,0.098663,0.10634,0.11438,0.12257,0.13027,0.13655,0.14167,0.14554,0.14864,0.15106,0.15246,0.15315,0.1535,0.15368,0.15389,0.15438,0.15507,0.15579,0.1562,0.15618,0.15512,0.15257,0.14883,0.14457,0.1402,0.13606,0.13212,0.12828,0.12472,0.12121,0.11758,0.11406,0.11107,0.10825,0.10545,0.10262,0.099661,0.096572,0.093413,0.090218,0.086913,0.083821,0.081197,0.079401,0.078096,0.077378,0.077346,0.077898,0.078714,0.079839,0.081464,0.083338,0.085404,0.087685,0.090086,0.092619,0.094997,0.097131,0.098979,0.10027,0.10081,0.10013,0.09758,0.092759,0.087219
0.089596,0.10004,0.1088,0.11443,0.11772,0.11922,0.11916,0.11775,0.11512,0.11123,0.10631,0.10042,0.093624,0.086222,0.078743,0.072338,0.066914,0.061925,0.057465,0.05364,0.050484,0.04839,0.047407,0.047134,0.047618,0.048755,0.050388,0.052499,0.054912,0.057627,0.060671,0.064005,0.067842,0.072111,0.07676,0.081888,0.087976,0.094549,0.10175,0.10978,0.11726,0.12425,0.13055,0.13653,0.14202,0.14679,0.15076,0.15387,0.15614,0.15737,0.15767,0.15672,0.15429,0.15013,0.1444,0.13725,0.12891,0.12088,0.11352,0.10723,0.10222,0.09853,0.095714,0.093664,0.092058,0.090184,0.088438,0.087315,0.086297,0.085111,0.083732,0.082173,0.080654,0.07925,0.077884,0.076427,0.075301,0.074588,0.074349,0.07474,0.075576,0.076771,0.078231,0.079635,0.080931,0.082472,0.083968,0.085287,0.086375,0.087243,0.088074,0.088856,0.089504,0.089927,0.089961,0.089389,0.087823,0.08459,0.079538,0.074205
0.075747,0.083261,0.090388,0.095603,0.099288,0.10202,0.10408,0.10576,0.10714,0.10868,0.11004,0.11081,0.11075,0.10976,0.10769,0.10515,0.10198,0.098015,0.093595,0.089169,0.084946,0.081391,0.07867,0.076163,0.073868,0.071656,0.069578,0.067934,0.066913,0.066766,0.067305,0.06848,0.070507,0.073269,0.076532,0.080388,0.085332,0.090912,0.09737,0.10526,0.11312,0.12066,0.12732,0.1333,0.13866,0.143,0.14629,0.14872,0.15021,0.15066,0.14965,0.14684,0.14198,0.1352,0.12681,0.11719,0.10729,0.098906,0.091844,0.086559,0.082956,0.081202,0.080742,0.08106,0.081513,0.081866,0.082348,0.083119,0.083669,0.08389,0.083703,0.08296,0.08188,0.080568,0.079058,0.07757,0.076272,0.075227,0.074458,0.074212,0.074582,0.075425,0.076553,0.078119,0.079732,0.081633,0.083557,0.085445,0.087117,0.088696,0.090072,0.091217,0.092076,0.09243,0.09204,0.090793,0.088421,0.084354,0.07847,0.072163
0.067066,0.072765,0.078576,0.083024,0.086477,0.089739,0.093149,0.097001,0.1016,0.10758,0.11401,0.12016,0.12566,0.13003,0.13271,0.13452,0.13495,0.13361,0.13101,0.12745,0.12343,0.11915,0.1148,0.11032,0.10588,0.10138,0.097117,0.093523,0.090489,0.08836,0.087018,0.086348,0.086414,0.086961,0.087964,0.089279,0.091142,0.093627,0.096948,0.10202,0.10753,0.11279,0.11752,0.12199,0.12604,0.12939,0.13238,0.13473,0.13627,0.13658,0.13536,0.13217,0.12673,0.11931,0.1101,0.099499,0.088674,0.079744,0.072295,0.066549,0.06269,0.060835,0.06028,0.060697,0.061785,0.063122,0.064739,0.06652,0.06798,0.069049,0.06971,0.069835,0.069881,0.069983,0.070186,0.07077,0.071788,0.07276,0.07373,0.074779,0.075863,0.07709,0.078558,0.080333,0.082223,0.084199,0.086066,0.087772,0.08919,0.090335,0.091306,0.091993,0.092356,0.092307,0.091459,0.08976,0.087083,0.082815,0.076966,0.07066
0.055231,0.057522,0.060163,0.062051,0.063382,0.064841,0.066824,0.069713,0.074103,0.080859,0.089627,0.099708,0.11061,0.12171,0.13168,0.14023,0.14679,0.1506,0.15201,0.15121,0.14865,0.14431,0.13846,0.13176,0.12454,0.117,0.10977,0.10339,0.098033,0.093974,0.09076,0.088579,0.087244,0.086319,0.085673,0.085337,0.085593,0.086642,0.088578,0.092222,0.096554,0.10088,0.10474,0.10802,0.11083,0.11304,0.11467,0.11561,0.11553,0.11429,0.1117,0.10724,0.10085,0.093167,0.084527,0.075299,0.066496,0.05998,0.055405,0.052446,0.050635,0.049852,0.050022,0.051008,0.0527,0.054984,0.057594,0.060178,0.062677,0.064991,0.067039,0.06883,0.070596,0.072367,0.074378,0.076923,0.080247,0.083605,0.086671,0.089511,0.092231,0.094606,0.096712,0.098894,0.10125,0.10377,0.10627,0.10877,0.11106,0.11314,0.11488,0.11596,0.11639,0.11582,0.11415,0.11128,0.10695,0.10058,0.091966,0.082578
0.050004,0.050279,0.051795,0.053164,0.054182,0.055129,0.0562,0.057689,0.060246,0.064751,0.070758,0.078067,0.086402,0.095389,0.10407,0.11201,0.11867,0.12308,0.12539,0.1258,0.12435,0.12122,0.11676,0.11211,0.10749,0.10314,0.099454,0.096522,0.094398,0.093149,0.092612,0.092674,0.093112,0.093653,0.094124,0.09434,0.094753,0.095503,0.096697,0.09927,0.10276,0.1061,0.10855,0.11015,0.11087,0.11065,0.10995,0.10867,0.1065,0.10304,0.098085,0.091711,0.084217,0.076555,0.068926,0.062166,0.056612,0.052655,0.049602,0.047536,0.046122,0.045396,0.04556,0.046445,0.048161,0.050673,0.053653,0.056782,0.059995,0.063137,0.06623,0.069208,0.0726,0.076579,0.081115,0.087014,0.094571,0.10242,0.11008,0.11737,0.12385,0.12919,0.13325,0.13649,0.13919,0.14123,0.14287,0.14414,0.14473,0.14477,0.14449,0.14362,0.142,0.13964,0.13639,0.1321,0.12644,0.11851,0.10763,0.094779
0.050986,0.052822,0.055308,0.056881,0.057637,0.057798,0.057557,0.057108,0.056943,0.057429,0.058744,0.061326,0.065388,0.07038,0.076053,0.081941,0.087466,0.091723,0.094416,0.095453,0.095008,0.093048,0.090008,0.087042,0.084239,0.081815,0.080031,0.078979,0.078776,0.079529,0.080892,0.082636,0.084431,0.085885,0.086796,0.087273,0.087274,0.086917,0.08692,0.087842,0.089485,0.091121,0.092091,0.092353,0.091852,0.09072,0.089296,0.087481,0.085052,0.08163,0.077102,0.071808,0.066222,0.061563,0.058041,0.055993,0.05518,0.055029,0.055214,0.055279,0.055181,0.055029,0.055365,0.056062,0.057563,0.059751,0.062327,0.065437,0.068938,0.07287,0.077271,0.082294,0.088462,0.095548,0.10375,0.11365,0.12549,0.13761,0.14853,0.15748,0.16405,0.16831,0.17038,0.17114,0.17111,0.17049,0.16967,0.16893,0.16813,0.16746,0.16679,0.16571,0.16395,0.16125,0.15739,0.15224,0.14541,0.13591,0.12281,0.10671
0.042775,0.042791,0.044042,0.044943,0.045255,0.045151,0.044771,0.044102,0.043245,0.042211,0.041337,0.041163,0.041784,0.043135,0.045136,0.047478,0.050057,0.0523,0.053998,0.054936,0.055134,0.054356,0.053115,0.052155,0.051685,0.051961,0.052936,0.05446,0.056593,0.059363,0.062505,0.065893,0.069004,0.07135,0.072927,0.073792,0.074239,0.074451,0.074618,0.074851,0.075332,0.075553,0.07529,0.074657,0.073721,0.072659,0.071635,0.070574,0.069205,0.067582,0.065827,0.064103,0.062864,0.06278,0.063994,0.066399,0.069405,0.072007,0.07376,0.07472,0.074469,0.073291,0.071763,0.070224,0.069252,0.068982,0.069595,0.071359,0.07463,0.079694,0.086427,0.095177,0.10649,0.1204,0.13592,0.15272,0.17025,0.18615,0.19883,0.20746,0.21199,0.21309,0.2116,0.20917,0.20652,0.20384,0.2013,0.19896,0.19662,0.19445,0.19259,0.19043,0.18762,0.184,0.1793,0.17331,0.16551,0.15475,0.13974,0.12076
0.046337,0.046251,0.047252,0.047601,0.047158,0.04624,0.04498,0.043462,0.041677,0.039592,0.037631,0.036202,0.035285,0.034677,0.034347,0.034428,0.035059,0.035859,0.036545,0.03699,0.037165,0.036913,0.036339,0.035813,0.035367,0.035218,0.035526,0.036401,0.037822,0.039892,0.042868,0.046701,0.051046,0.055327,0.059109,0.062093,0.06424,0.065452,0.065933,0.065867,0.065524,0.064868,0.063819,0.062487,0.061142,0.059933,0.059231,0.058824,0.058646,0.058733,0.059317,0.060429,0.06217,0.06507,0.069414,0.075262,0.081708,0.087542,0.092114,0.094908,0.095599,0.094366,0.092115,0.089494,0.087515,0.086825,0.087472,0.089896,0.09477,0.10238,0.11303,0.1264,0.14222,0.15947,0.17688,0.19376,0.20926,0.22109,0.22807,0.23008,0.22778,0.22252,0.21554,0.20875,0.20267,0.19764,0.19381,0.1911,0.18922,0.18787,0.18701,0.18589,0.18408,0.18144,0.17773,0.17271,0.16583,0.15595,0.14165,0.1229
0.052674,0.053512,0.055429,0.056793,0.057312,0.057144,0.056439,0.055358,0.053757,0.051452,0.048793,0.04612,0.043431,0.040757,0.038491,0.036841,0.035813,0.03537,0.035175,0.034913,0.034355,0.033223,0.031668,0.030219,0.02911,0.028538,0.028513,0.029022,0.029983,0.031407,0.033542,0.036721,0.041309,0.046588,0.051899,0.056734,0.060856,0.063811,0.065816,0.067032,0.067605,0.067654,0.067205,0.066424,0.065604,0.064827,0.064148,0.063542,0.063174,0.063188,0.064562,0.067333,0.071158,0.07648,0.083876,0.09293,0.10275,0.11167,0.11892,0.12419,0.12685,0.12709,0.12596,0.12408,0.12218,0.12099,0.12048,0.12113,0.12346,0.12802,0.13554,0.14532,0.1565,0.16803,0.17876,0.18822,0.19559,0.19954,0.19948,0.19571,0.18911,0.18119,0.17339,0.16729,0.16343,0.16156,0.16132,0.16242,0.16402,0.16554,0.16679,0.16707,0.16616,0.16421,0.16099,0.15636,0.15003,0.14101,0.12826,0.11214
0.054397,0.057435,0.061136,0.063993,0.065855,0.066921,0.06735,0.067373,0.066737,0.065189,0.062886,0.060002,0.056548,0.05273,0.048972,0.045658,0.043073,0.041205,0.040127,0.039503,0.038855,0.037888,0.036418,0.034799,0.033187,0.031852,0.030707,0.030093,0.029834,0.030087,0.03087,0.03227,0.034545,0.037619,0.041481,0.04591,0.050531,0.055041,0.059344,0.063115,0.066125,0.068526,0.070354,0.071667,0.072589,0.073237,0.074184,0.075641,0.078074,0.081702,0.087372,0.094691,0.1034,0.1135,0.12534,0.13851,0.15206,0.1643,0.17436,0.18145,0.18458,0.18355,0.17944,0.17341,0.16643,0.159,0.15132,0.1437,0.13742,0.13324,0.13204,0.13341,0.1368,0.14118,0.14529,0.14866,0.15075,0.15062,0.14835,0.14378,0.138,0.13221,0.12729,0.12457,0.124,0.12533,0.12787,0.13103,0.13434,0.13741,0.13982,0.14117,0.14148,0.14067,0.13858,0.13517,0.13004,0.12241,0.11158,0.098272
0.056882,0.061743,0.066697,0.070463,0.073157,0.075071,0.076481,0.07772,0.078495,0.078659,0.078355,0.077458,0.075817,0.073445,0.070391,0.066915,0.063493,0.060618,0.05898,0.058161,0.057778,0.057217,0.056063,0.054459,0.052459,0.050198,0.047756,0.045985,0.044404,0.042985,0.042126,0.041828,0.042282,0.04368,0.045803,0.048555,0.051768,0.05514,0.05872,0.06206,0.064638,0.066672,0.06847,0.070435,0.072485,0.074922,0.078281,0.082919,0.089092,0.097562,0.10915,0.12287,0.1383,0.15487,0.17224,0.18954,0.20522,0.21759,0.22566,0.22868,0.22591,0.21773,0.20631,0.19393,0.18112,0.16814,0.15463,0.14042,0.12703,0.1157,0.10714,0.10177,0.099011,0.097913,0.097906,0.098707,0.099639,0.09988,0.099369,0.097647,0.095389,0.093213,0.091185,0.089856,0.089639,0.090802,0.0932,0.096112,0.09932,0.10201,0.10396,0.10503,0.10518,0.1046,0.10324,0.10096,0.097493,0.092271,0.084904,0.07659
0.056672,0.061816,0.067092,0.071633,0.075436,0.078831,0.082067,0.085518,0.088665,0.091488,0.093751,0.094969,0.095146,0.094297,0.092723,0.090698,0.088847,0.08757,0.087339,0.087788,0.088793,0.089502,0.08928,0.088208,0.086011,0.082762,0.078447,0.073941,0.06866,0.062937,0.057281,0.05236,0.048804,0.046869,0.046593,0.047813,0.050404,0.054216,0.058895,0.063999,0.068701,0.07286,0.076787,0.080906,0.08527,0.090175,0.09604,0.10337,0.11255,0.12441,0.13936,0.15591,0.17378,0.19125,0.20772,0.22192,0.23189,0.23662,0.236,0.22992,0.21852,0.20325,0.18656,0.17098,0.1557,0.14006,0.12411,0.10763,0.091932,0.078192,0.067191,0.059551,0.054705,0.051866,0.050526,0.050566,0.051952,0.054081,0.056543,0.059192,0.061935,0.064602,0.067071,0.069444,0.072031,0.07514,0.078391,0.081573,0.084545,0.086842,0.088751,0.090117,0.091027,0.091314,0.090848,0.089471,0.086912,0.082592,0.07625,0.069171
0.058262,0.064564,0.070877,0.076087,0.08039,0.084309,0.088231,0.092475,0.09687,0.10139,0.10572,0.10937,0.11241,0.11468,0.1165,0.11821,0.12031,0.1233,0.12744,0.13242,0.13767,0.14229,0.1453,0.14657,0.14557,0.14214,0.13642,0.12912,0.12028,0.11018,0.099696,0.089783,0.080962,0.074073,0.06938,0.066694,0.06591,0.067025,0.069445,0.072554,0.07538,0.077887,0.080638,0.084179,0.088289,0.09314,0.099228,0.107,0.11692,0.13007,0.14579,0.16208,0.17934,0.19485,0.20719,0.21492,0.2168,0.21316,0.20459,0.19198,0.17654,0.15963,0.14268,0.12801,0.11441,0.10104,0.088026,0.07459,0.061893,0.051031,0.042811,0.037456,0.033994,0.03245,0.032236,0.033272,0.035464,0.038421,0.041995,0.046114,0.050193,0.054112,0.057315,0.059294,0.060121,0.060134,0.059414,0.058304,0.057073,0.055879,0.055369,0.055362,0.055601,0.055968,0.056218,0.056267,0.055763,0.054494,0.052608,0.051624
0.06415,0.071291,0.078294,0.084073,0.088796,0.093104,0.097366,0.10191,0.10694,0.11242,0.11767,0.12228,0.12645,0.12995,0.13317,0.13627,0.13979,0.1443,0.14957,0.15538,0.16171,0.16756,0.17222,0.17523,0.17594,0.17427,0.17009,0.16393,0.15587,0.14619,0.13562,0.12498,0.11461,0.10557,0.09819,0.092387,0.088739,0.087661,0.088283,0.089779,0.091317,0.09304,0.095486,0.099031,0.10292,0.10722,0.11213,0.11788,0.12462,0.13369,0.14425,0.15432,0.16434,0.17115,0.1742,0.17311,0.16752,0.15809,0.14581,0.13171,0.11655,0.10102,0.086244,0.074689,0.065032,0.056378,0.04854,0.040563,0.033674,0.028645,0.025294,0.024003,0.023783,0.024492,0.02585,0.027736,0.030439,0.0339,0.037876,0.042453,0.047066,0.051087,0.053881,0.054868,0.054599,0.05341,0.051349,0.049063,0.047185,0.046128,0.046179,0.047067,0.048358,0.049719,0.05074,0.051244,0.051094,0.050214,0.048989,0.049214
0.064555,0.072108,0.079202,0.084834,0.089149,0.092634,0.095682,0.098573,0.10164,0.10517,0.1087,0.11203,0.11582,0.11971,0.12388,0.12875,0.13437,0.14121,0.14901,0.15763,0.16703,0.17653,0.18536,0.19323,0.19901,0.20239,0.20322,0.20138,0.19699,0.19023,0.1816,0.172,0.1615,0.1513,0.14185,0.13332,0.12683,0.1228,0.12053,0.11916,0.11783,0.11641,0.11568,0.11583,0.11607,0.11638,0.11681,0.11747,0.11838,0.12019,0.12208,0.12341,0.12513,0.12464,0.12196,0.11721,0.11039,0.10193,0.092232,0.081711,0.070617,0.059876,0.050003,0.042576,0.036796,0.032107,0.028511,0.02548,0.023813,0.023142,0.023298,0.024328,0.025741,0.027656,0.029785,0.031939,0.034544,0.037928,0.042195,0.048158,0.054639,0.060727,0.065386,0.067836,0.06806,0.066348,0.062809,0.058468,0.054057,0.050219,0.047614,0.046217,0.045611,0.045502,0.045372,0.045098,0.044536,0.043661,0.04289,0.044352
0.065309,0.072058,0.078326,0.082964,0.086269,0.088467,0.089802,0.090414,0.090683,0.090818,0.090702,0.090305,0.090776,0.09176,0.09365,0.096646,0.10101,0.10703,0.11456,0.12354,0.13403,0.14568,0.1579,0.16981,0.18008,0.18837,0.19433,0.19756,0.19807,0.19589,0.19128,0.18484,0.17653,0.16797,0.15952,0.15144,0.14444,0.13933,0.13622,0.13431,0.13289,0.13182,0.1318,0.13261,0.13349,0.1341,0.13415,0.1333,0.13123,0.12852,0.12493,0.1204,0.11625,0.11004,0.10216,0.093088,0.083246,0.073336,0.063588,0.054265,0.045651,0.038124,0.032093,0.027909,0.024958,0.023285,0.022791,0.02324,0.024703,0.027066,0.029902,0.033049,0.036108,0.039847,0.044092,0.048503,0.05343,0.059041,0.065419,0.073708,0.081931,0.089026,0.094266,0.096271,0.094857,0.090862,0.084279,0.076833,0.069436,0.062681,0.05781,0.054993,0.053134,0.051904,0.050951,0.049973,0.048669,0.0469,0.045121,0.045356
0.061124,0.064284,0.067708,0.070275,0.071955,0.072705,0.072786,0.07225,0.071394,0.07061,0.069675,0.069058,0.069268,0.069812,0.070939,0.072931,0.075815,0.079895,0.085278,0.092235,0.10081,0.11091,0.12213,0.13371,0.14457,0.15416,0.16226,0.16862,0.17294,0.17512,0.17495,0.17262,0.16816,0.16306,0.15759,0.15224,0.14765,0.14442,0.14246,0.14162,0.14138,0.14161,0.14282,0.14413,0.14459,0.14354,0.14082,0.1359,0.12902,0.12051,0.11051,0.10075,0.091872,0.082629,0.073425,0.064963,0.057958,0.052102,0.047185,0.042895,0.03873,0.034734,0.031162,0.028307,0.02628,0.025129,0.025501,0.027841,0.032322,0.038263,0.044958,0.051847,0.058514,0.065649,0.073791,0.081815,0.090104,0.098694,0.10741,0.11755,0.12705,0.13501,0.14049,0.14243,0.1407,0.13594,0.12769,0.11732,0.10603,0.094926,0.085136,0.077781,0.072262,0.06837,0.065219,0.06234,0.059321,0.05587,0.052408,0.050889
0.06409,0.067063,0.069809,0.071244,0.07155,0.070764,0.069202,0.066819,0.063967,0.060885,0.057784,0.054967,0.053111,0.051748,0.051111,0.051237,0.052345,0.054354,0.057532,0.062278,0.068675,0.076625,0.085977,0.095942,0.10543,0.11419,0.12165,0.12762,0.13179,0.13416,0.13497,0.13426,0.1322,0.12981,0.12744,0.1254,0.1242,0.12416,0.12537,0.1277,0.13088,0.13468,0.13947,0.14386,0.14652,0.14648,0.14319,0.13618,0.1261,0.11321,0.098446,0.084859,0.072428,0.061714,0.052969,0.04599,0.040812,0.036903,0.033669,0.030929,0.028308,0.02597,0.02424,0.023137,0.023018,0.024293,0.02782,0.034485,0.043673,0.054456,0.066023,0.077545,0.088951,0.10095,0.11487,0.12888,0.14281,0.15627,0.16901,0.18191,0.19286,0.20109,0.20598,0.20612,0.20128,0.19183,0.17808,0.16177,0.14468,0.12818,0.11295,0.10019,0.08976,0.081841,0.07552,0.070324,0.065808,0.061379,0.056809,0.053671
0.061584,0.063717,0.065677,0.066545,0.066447,0.06528,0.063265,0.060463,0.056992,0.053199,0.049264,0.045598,0.042492,0.040063,0.03833,0.037084,0.036515,0.036255,0.036624,0.037728,0.039989,0.043246,0.047618,0.052502,0.057305,0.061801,0.065714,0.068922,0.071348,0.072767,0.07336,0.073421,0.073191,0.073418,0.074181,0.07558,0.077618,0.080397,0.083929,0.088432,0.093967,0.1002,0.10717,0.11351,0.11837,0.1204,0.11876,0.11304,0.10404,0.09222,0.079008,0.068219,0.058741,0.051449,0.04591,0.04152,0.038173,0.035568,0.033759,0.0326,0.032142,0.032185,0.033175,0.034688,0.03721,0.041257,0.04783,0.057391,0.069145,0.082217,0.09592,0.10966,0.12335,0.13746,0.15442,0.17215,0.19024,0.20787,0.22469,0.24115,0.25555,0.26696,0.27343,0.27331,0.26669,0.25417,0.23637,0.21531,0.19316,0.17207,0.15244,0.13516,0.12021,0.10823,0.098355,0.090221,0.083214,0.076491,0.069565,0.063613
0.064321,0.06738,0.070091,0.071723,0.072228,0.071696,0.070254,0.067853,0.064617,0.060702,0.056417,0.052329,0.048734,0.046219,0.044306,0.042743,0.041429,0.040023,0.038608,0.037521,0.036722,0.036166,0.036247,0.036871,0.037656,0.038563,0.039569,0.0406,0.041579,0.042413,0.043256,0.044075,0.045021,0.046375,0.048139,0.050466,0.053326,0.056554,0.060415,0.065019,0.070018,0.075486,0.081857,0.087784,0.092519,0.095181,0.095254,0.092412,0.087424,0.080554,0.072881,0.067425,0.062536,0.059206,0.057062,0.055829,0.055235,0.055634,0.057335,0.060209,0.063977,0.068317,0.07265,0.075869,0.078465,0.080728,0.083518,0.087806,0.093996,0.10186,0.11059,0.11971,0.1293,0.13964,0.15336,0.16845,0.18392,0.19891,0.21298,0.22594,0.23669,0.24503,0.25028,0.25168,0.24884,0.24179,0.23043,0.21573,0.19961,0.18413,0.16922,0.15573,0.14369,0.13359,0.12458,0.11643,0.10853,0.09983,0.08969,0.079095
0.069441,0.074804,0.07961,0.083076,0.085018,0.085722,0.085237,0.083619,0.080867,0.077134,0.07267,0.068055,0.063516,0.060435,0.058223,0.056423,0.054798,0.052988,0.050871,0.048702,0.04628,0.043716,0.041176,0.038838,0.036863,0.035482,0.034524,0.033769,0.033358,0.033326,0.033499,0.033979,0.034816,0.036225,0.038212,0.040461,0.042857,0.045081,0.04738,0.049658,0.052216,0.055187,0.058754,0.06244,0.065833,0.068684,0.070838,0.071936,0.072456,0.072528,0.072617,0.074607,0.077172,0.081253,0.085813,0.090839,0.096117,0.10175,0.10793,0.11448,0.12136,0.12707,0.13093,0.13191,0.13042,0.12696,0.12259,0.11899,0.11741,0.11797,0.12064,0.12475,0.12965,0.13476,0.14219,0.15024,0.15796,0.16514,0.17116,0.17536,0.1776,0.17898,0.17966,0.18012,0.18014,0.1792,0.17667,0.17225,0.16685,0.16134,0.15543,0.14972,0.14422,0.13911,0.13374,0.12794,0.12125,0.11274,0.10194,0.089996
0.064364,0.067153,0.070241,0.072878,0.074734,0.076085,0.076948,0.077334,0.077143,0.07638,0.075111,0.073682,0.071953,0.071278,0.071082,0.070693,0.069761,0.067966,0.064983,0.061059,0.056008,0.050028,0.043819,0.037779,0.032766,0.029171,0.02655,0.024853,0.023882,0.023498,0.023604,0.024079,0.025009,0.026436,0.028252,0.030283,0.032536,0.034773,0.037027,0.039059,0.040975,0.042545,0.044187,0.045912,0.047839,0.050082,0.053165,0.056971,0.061501,0.066802,0.072856,0.080836,0.08957,0.099829,0.11061,0.12166,0.13221,0.1422,0.15158,0.16022,0.16853,0.17483,0.17812,0.17802,0.17504,0.16982,0.16303,0.15581,0.14982,0.14461,0.14091,0.13854,0.13709,0.13589,0.13644,0.13828,0.14037,0.14244,0.14423,0.14494,0.14422,0.14308,0.14139,0.13943,0.13749,0.13566,0.13414,0.13311,0.13284,0.13353,0.1345,0.13566,0.13659,0.13698,0.13621,0.13403,0.13001,0.12315,0.11279,0.099728
0.061463,0.064613,0.068465,0.072301,0.07553,0.078548,0.081467,0.08426,0.086648,0.088286,0.089189,0.089531,0.089084,0.089176,0.089558,0.089471,0.088573,0.086325,0.082406,0.077216,0.070499,0.06244,0.053946,0.045784,0.039281,0.034841,0.031929,0.03031,0.029535,0.029303,0.029137,0.028966,0.02906,0.02949,0.030363,0.031455,0.032759,0.034296,0.036119,0.038082,0.04015,0.042217,0.04457,0.04744,0.050865,0.055398,0.061328,0.068912,0.077875,0.08826,0.099491,0.11193,0.12487,0.13894,0.15269,0.16559,0.17703,0.18688,0.19542,0.2021,0.20723,0.20924,0.20744,0.20171,0.19264,0.18081,0.16657,0.15154,0.13807,0.12541,0.11452,0.10527,0.098044,0.092348,0.088594,0.086855,0.086741,0.087625,0.089242,0.090853,0.091851,0.092624,0.092833,0.09288,0.093052,0.093637,0.094881,0.097097,0.10099,0.10646,0.11329,0.12066,0.12768,0.13321,0.13659,0.13743,0.13514,0.12884,0.11793,0.10332
0.058144,0.062027,0.066673,0.071348,0.075511,0.079589,0.083727,0.088031,0.092247,0.096128,0.099554,0.10266,0.10506,0.10747,0.1098,0.11084,0.11032,0.10789,0.10316,0.096813,0.088793,0.079801,0.070349,0.061111,0.053528,0.047898,0.043823,0.041224,0.039589,0.038745,0.038222,0.037911,0.037634,0.037448,0.037505,0.037749,0.038371,0.039367,0.040694,0.042458,0.044675,0.047149,0.050118,0.053819,0.058474,0.06468,0.072773,0.083052,0.094988,0.10799,0.12152,0.13555,0.15014,0.16631,0.18179,0.19566,0.20697,0.21551,0.22147,0.22483,0.22599,0.22355,0.21716,0.20693,0.19321,0.17637,0.15701,0.13729,0.11949,0.10281,0.088703,0.076967,0.067513,0.060364,0.055852,0.054027,0.054216,0.055751,0.058065,0.060306,0.061837,0.062941,0.063394,0.06327,0.062811,0.062854,0.064033,0.066988,0.071996,0.078832,0.087542,0.097116,0.10681,0.11538,0.1218,0.12526,0.1251,0.12053,0.11104,0.097745
0.055744,0.058326,0.06187,0.065558,0.068919,0.072386,0.076215,0.080566,0.085387,0.090173,0.094782,0.099045,0.1026,0.10615,0.10966,0.11192,0.11265,0.1113,0.10761,0.10223,0.095155,0.087521,0.07958,0.071976,0.065923,0.061574,0.058825,0.057238,0.056444,0.056414,0.056389,0.056026,0.055407,0.054701,0.054332,0.054134,0.054495,0.055722,0.058006,0.061213,0.065169,0.069397,0.07404,0.0792,0.08519,0.092551,0.10162,0.11256,0.12437,0.1372,0.15054,0.16316,0.17551,0.18861,0.2006,0.21061,0.21792,0.22212,0.22314,0.22135,0.21713,0.20987,0.19911,0.18507,0.16811,0.14883,0.1282,0.10828,0.091113,0.075476,0.062927,0.053026,0.045583,0.040661,0.038021,0.037462,0.038712,0.041452,0.044992,0.048735,0.051742,0.054114,0.055595,0.056098,0.055903,0.055847,0.056282,0.058171,0.061958,0.067586,0.075055,0.083282,0.091949,0.09971,0.10569,0.10913,0.10937,0.10569,0.09766,0.086686
0.054249,0.055957,0.058976,0.061905,0.06456,0.067145,0.069826,0.072808,0.07593,0.07918,0.082692,0.08629,0.090067,0.09403,0.098188,0.10147,0.10368,0.10466,0.1043,0.10308,0.10074,0.098606,0.096581,0.095017,0.09473,0.095777,0.098105,0.10109,0.1039,0.10636,0.1077,0.10771,0.10648,0.10409,0.10122,0.098437,0.096322,0.095483,0.096051,0.097754,0.10062,0.1039,0.10776,0.11218,0.11722,0.12275,0.12899,0.13633,0.14391,0.15153,0.15855,0.16376,0.16837,0.17362,0.1781,0.1816,0.18383,0.18425,0.18292,0.17972,0.1745,0.16779,0.15894,0.14745,0.13345,0.11733,0.099874,0.082612,0.067573,0.054293,0.044307,0.037057,0.032549,0.03031,0.0298,0.030659,0.032443,0.034956,0.038135,0.04155,0.044333,0.046606,0.048123,0.048719,0.048632,0.048684,0.049182,0.050781,0.053588,0.057779,0.063528,0.069979,0.07674,0.082908,0.087793,0.090781,0.091288,0.088782,0.083288,0.076121
0.061733,0.065117,0.068225,0.070192,0.071016,0.071003,0.070401,0.069346,0.068047,0.06678,0.066061,0.065847,0.066438,0.067846,0.069843,0.071934,0.074119,0.076521,0.078934,0.081706,0.084553,0.088733,0.093536,0.099181,0.10584,0.11296,0.12054,0.12796,0.134,0.13833,0.1405,0.14046,0.13843,0.13472,0.13025,0.12588,0.12253,0.12107,0.12192,0.12447,0.12834,0.13274,0.13761,0.14251,0.14737,0.15202,0.15624,0.16022,0.16362,0.16611,0.16771,0.16795,0.16785,0.16849,0.16896,0.16883,0.16739,0.16415,0.15896,0.15217,0.14395,0.13532,0.12548,0.11385,0.10047,0.08558,0.070087,0.055483,0.043638,0.034282,0.028468,0.025232,0.024062,0.024297,0.025451,0.027781,0.031196,0.035326,0.039892,0.044562,0.048696,0.052242,0.055001,0.056828,0.057648,0.058476,0.058894,0.0596,0.06078,0.062905,0.066126,0.069832,0.07393,0.077639,0.080516,0.082104,0.081915,0.079651,0.075259,0.07009
0.066559,0.072038,0.076368,0.07843,0.078579,0.077328,0.075157,0.072167,0.068718,0.065128,0.061754,0.058734,0.056583,0.055318,0.055075,0.055634,0.057018,0.059297,0.062346,0.066312,0.070968,0.07752,0.085305,0.094148,0.10427,0.11469,0.12552,0.13621,0.14564,0.1531,0.15816,0.1606,0.16084,0.15955,0.15736,0.15484,0.1527,0.15173,0.15226,0.15389,0.15664,0.15991,0.16345,0.167,0.16964,0.17076,0.16956,0.16676,0.16238,0.15662,0.15083,0.1449,0.13961,0.13527,0.1312,0.12659,0.12131,0.1153,0.10852,0.10121,0.093582,0.086639,0.079755,0.072227,0.06416,0.055523,0.047031,0.039567,0.034004,0.029953,0.027856,0.027464,0.028385,0.030333,0.033057,0.036748,0.041187,0.04606,0.05126,0.056783,0.061585,0.065933,0.069399,0.072046,0.073565,0.074582,0.074753,0.074674,0.074228,0.07394,0.074339,0.075098,0.076058,0.076837,0.07721,0.076857,0.075389,0.072461,0.068072,0.063604
0.069197,0.075476,0.08014,0.082138,0.081882,0.079864,0.076515,0.072021,0.066763,0.061395,0.056482,0.051997,0.048296,0.045366,0.043525,0.042846,0.043209,0.044541,0.046579,0.049221,0.052322,0.056929,0.062991,0.070781,0.080645,0.091273,0.10231,0.11309,0.12268,0.13055,0.13663,0.14088,0.14413,0.1469,0.14942,0.15227,0.15639,0.16184,0.16862,0.17606,0.18354,0.19045,0.19634,0.20046,0.20197,0.2004,0.19551,0.1882,0.17884,0.16803,0.15706,0.14601,0.13545,0.12593,0.11759,0.10943,0.10138,0.093289,0.085198,0.077299,0.069751,0.063431,0.057622,0.051841,0.04619,0.040887,0.036667,0.034289,0.034161,0.035331,0.03761,0.041167,0.045489,0.050449,0.05593,0.061709,0.067615,0.073523,0.079273,0.085209,0.089895,0.093608,0.096155,0.097381,0.097102,0.095918,0.093739,0.090897,0.087775,0.08497,0.083024,0.082145,0.081421,0.080623,0.079729,0.078464,0.076413,0.073123,0.068444,0.063416
0.080849,0.091446,0.099085,0.10286,0.10349,0.10173,0.097931,0.092328,0.08547,0.077826,0.070366,0.063408,0.057437,0.052603,0.048944,0.046294,0.044706,0.043854,0.043555,0.043974,0.045159,0.047277,0.050362,0.054471,0.060691,0.067969,0.075844,0.083905,0.091728,0.098792,0.1051,0.11046,0.11552,0.12097,0.12664,0.13251,0.13866,0.14527,0.15191,0.15814,0.16343,0.16707,0.16922,0.16976,0.16786,0.1633,0.15628,0.14779,0.13825,0.12792,0.1179,0.10843,0.10012,0.092887,0.08671,0.080936,0.075262,0.069494,0.063794,0.058217,0.053261,0.049528,0.046404,0.043731,0.041528,0.040088,0.040083,0.042201,0.046356,0.051769,0.058533,0.066536,0.075204,0.084062,0.093149,0.10191,0.11007,0.11712,0.12313,0.12873,0.13222,0.1338,0.13368,0.13219,0.12919,0.12536,0.12073,0.11573,0.11087,0.10655,0.103,0.10034,0.0978,0.095308,0.092756,0.089932,0.086297,0.081343,0.07476,0.067576
0.092911,0.10647,0.11658,0.12257,0.12534,0.12572,0.12399,0.12032,0.11503,0.10834,0.1011,0.093565,0.085978,0.078698,0.072359,0.067166,0.063042,0.059726,0.057193,0.05523,0.054269,0.05444,0.055506,0.057418,0.060992,0.06525,0.069773,0.074276,0.078564,0.082494,0.086224,0.089731,0.09353,0.098008,0.10313,0.10859,0.11389,0.11929,0.12436,0.12906,0.13293,0.13562,0.13722,0.13738,0.13568,0.13209,0.12636,0.11908,0.11055,0.10158,0.09331,0.085592,0.078622,0.072708,0.067789,0.063139,0.059001,0.055188,0.05173,0.048767,0.04628,0.044523,0.043179,0.042268,0.042144,0.043738,0.04771,0.054318,0.063244,0.073095,0.083368,0.094169,0.10459,0.1146,0.12455,0.13371,0.14178,0.14839,0.15332,0.15737,0.15888,0.15802,0.15481,0.14937,0.14234,0.13406,0.1254,0.11676,0.10862,0.10157,0.09591,0.091846,0.088465,0.085419,0.082732,0.080005,0.076965,0.073177,0.068506,0.063706
0.1117,0.13102,0.14585,0.15561,0.1614,0.16432,0.16483,0.16308,0.15921,0.15328,0.14597,0.1375,0.12821,0.11849,0.10889,0.099773,0.091274,0.083285,0.075542,0.068319,0.06299,0.058991,0.055676,0.053241,0.052311,0.05214,0.052348,0.052876,0.053867,0.055107,0.056898,0.05893,0.061507,0.064771,0.068607,0.072711,0.076744,0.081335,0.085867,0.090291,0.094338,0.097715,0.10048,0.10244,0.1031,0.10243,0.10005,0.096266,0.091119,0.085215,0.079412,0.073604,0.068011,0.063089,0.059029,0.055384,0.052232,0.049533,0.047342,0.045515,0.044104,0.043292,0.043188,0.044291,0.046921,0.052102,0.059442,0.068601,0.078634,0.089016,0.099438,0.11004,0.1201,0.1296,0.13922,0.1481,0.15563,0.16127,0.16518,0.16804,0.16861,0.16689,0.16228,0.15492,0.14617,0.13611,0.12586,0.11572,0.10606,0.097588,0.090924,0.0862,0.082477,0.079321,0.076558,0.07395,0.071141,0.067725,0.063481,0.059625
0.12411,0.14624,0.16365,0.17592,0.18438,0.19024,0.19383,0.19514,0.19416,0.19073,0.18517,0.17768,0.16815,0.15689,0.14465,0.13184,0.11888,0.10585,0.093072,0.080815,0.070907,0.062981,0.056485,0.051529,0.048017,0.045842,0.044363,0.043563,0.043545,0.044154,0.045371,0.047039,0.048915,0.051131,0.05383,0.056752,0.059471,0.062445,0.065244,0.067838,0.070035,0.071681,0.072976,0.073698,0.073826,0.073512,0.072593,0.07111,0.069032,0.066922,0.064879,0.06242,0.059625,0.05699,0.05498,0.053394,0.052267,0.051518,0.051311,0.051717,0.052741,0.053956,0.055519,0.057584,0.060322,0.064362,0.069576,0.076059,0.083204,0.09079,0.098133,0.10554,0.11244,0.11907,0.12616,0.13258,0.13826,0.14217,0.14475,0.14634,0.14621,0.14452,0.14092,0.13536,0.12937,0.12262,0.11613,0.11011,0.10439,0.099289,0.09498,0.091621,0.088621,0.085666,0.082802,0.079832,0.076598,0.072746,0.068239,0.064025
0.13104,0.15517,0.17459,0.18902,0.19983,0.20829,0.21481,0.21938,0.22187,0.22196,0.21961,0.21494,0.20752,0.19751,0.18544,0.17174,0.15704,0.14152,0.12547,0.10941,0.095522,0.083801,0.073925,0.065695,0.058681,0.053144,0.048779,0.045475,0.043051,0.041389,0.04033,0.039687,0.039287,0.039006,0.03913,0.0396,0.040194,0.041313,0.042683,0.044292,0.046146,0.048309,0.050743,0.053441,0.056224,0.058992,0.06152,0.063916,0.066062,0.068186,0.070159,0.071461,0.072033,0.072094,0.072237,0.072735,0.07346,0.074449,0.075599,0.076661,0.077512,0.077674,0.077302,0.076722,0.076191,0.076633,0.077982,0.079872,0.08217,0.08504,0.087933,0.091078,0.094084,0.096969,0.10045,0.10384,0.10703,0.10938,0.11089,0.11228,0.11308,0.11313,0.11179,0.1088,0.10494,0.10007,0.095279,0.090921,0.086822,0.083124,0.080201,0.078015,0.076164,0.074364,0.072477,0.070316,0.067721,0.064494,0.060895,0.058669
0.12243,0.14267,0.15902,0.17134,0.18066,0.18823,0.19451,0.19948,0.2031,0.20504,0.20532,0.20367,0.1998,0.19357,0.18532,0.17534,0.16396,0.15146,0.1379,0.1238,0.1107,0.099202,0.088948,0.079745,0.071361,0.064058,0.057919,0.052914,0.049112,0.046366,0.044533,0.043337,0.042479,0.041801,0.041564,0.041671,0.042066,0.042815,0.043802,0.045038,0.046465,0.048169,0.050259,0.052859,0.055835,0.059209,0.062994,0.06715,0.071547,0.076063,0.080017,0.082968,0.084797,0.085675,0.086608,0.0879,0.089458,0.091221,0.093057,0.094769,0.095896,0.096366,0.095904,0.094552,0.092519,0.090137,0.087661,0.085402,0.0833,0.082126,0.081395,0.081279,0.081854,0.08301,0.084735,0.086493,0.088264,0.08943,0.090103,0.090597,0.090922,0.091516,0.091869,0.091599,0.090721,0.088994,0.086956,0.085074,0.083336,0.081905,0.080878,0.080376,0.079957,0.079388,0.078458,0.077029,0.074923,0.071766,0.067564,0.064098
0.10757,0.12378,0.13691,0.14647,0.15337,0.1587,0.16292,0.16637,0.16929,0.17166,0.17347,0.17437,0.17402,0.17201,0.16835,0.16321,0.15701,0.14979,0.14164,0.13273,0.12381,0.11557,0.10793,0.10064,0.093521,0.08714,0.081871,0.07763,0.074164,0.071413,0.069175,0.067259,0.065013,0.062416,0.059947,0.057702,0.055829,0.054256,0.053235,0.052756,0.052959,0.053764,0.055417,0.05812,0.061777,0.066452,0.072479,0.079681,0.087311,0.094879,0.10158,0.10715,0.11092,0.11298,0.11411,0.11447,0.11398,0.11262,0.11053,0.10849,0.10599,0.10291,0.099196,0.094833,0.089891,0.084535,0.079522,0.075082,0.071288,0.06867,0.066907,0.066052,0.066162,0.066882,0.068155,0.069778,0.071649,0.073362,0.075058,0.077145,0.079336,0.081705,0.083443,0.084497,0.084429,0.083379,0.081596,0.079785,0.078056,0.076524,0.075424,0.074815,0.074287,0.073557,0.072471,0.070969,0.068874,0.065925,0.062399,0.060205
0.082644,0.091834,0.099564,0.1048,0.1082,0.11046,0.11201,0.11317,0.11415,0.11506,0.11612,0.11726,0.11829,0.11898,0.11932,0.11939,0.11955,0.11966,0.11945,0.11891,0.11774,0.11607,0.1142,0.11187,0.10916,0.10652,0.10402,0.10169,0.099607,0.097723,0.095853,0.093702,0.090916,0.087258,0.083666,0.080452,0.078007,0.075839,0.07425,0.073399,0.073294,0.074026,0.075899,0.079059,0.083323,0.088608,0.095377,0.10342,0.11173,0.11985,0.12665,0.13166,0.13426,0.13399,0.13163,0.12747,0.12211,0.11614,0.11037,0.10559,0.10133,0.096927,0.092469,0.087777,0.082928,0.077883,0.073102,0.068812,0.06496,0.062009,0.059775,0.05835,0.057564,0.057341,0.057782,0.058881,0.060615,0.063124,0.066287,0.069849,0.073738,0.078169,0.082254,0.085557,0.087333,0.087951,0.087729,0.087371,0.087271,0.087245,0.087673,0.088438,0.089294,0.089876,0.08983,0.088923,0.086785,0.083065,0.077606,0.071602
0.07162,0.077252,0.082493,0.085825,0.087482,0.088097,0.087944,0.087468,0.087084,0.086869,0.086999,0.087465,0.088308,0.089307,0.090636,0.092235,0.094226,0.096784,0.099622,0.10245,0.10494,0.10717,0.10913,0.1103,0.11082,0.11091,0.11082,0.1107,0.11081,0.11114,0.11144,0.11131,0.11033,0.10807,0.10509,0.1019,0.099052,0.096326,0.094057,0.092759,0.092344,0.092985,0.094978,0.098353,0.10303,0.10867,0.116,0.12448,0.13277,0.14012,0.14543,0.14833,0.14792,0.14391,0.13686,0.12772,0.11751,0.10766,0.09871,0.091967,0.086629,0.082071,0.078176,0.074603,0.071131,0.067493,0.063841,0.060306,0.057032,0.05429,0.05213,0.050649,0.050134,0.05047,0.05157,0.053459,0.056331,0.060163,0.064917,0.07018,0.075381,0.080948,0.08589,0.090191,0.092909,0.094615,0.095575,0.096068,0.096353,0.096543,0.096849,0.097297,0.097621,0.097608,0.097049,0.095745,0.09333,0.089206,0.08327,0.076944
0.065185,0.066815,0.0699,0.071809,0.072265,0.071729,0.070487,0.068829,0.067081,0.065319,0.063649,0.062524,0.06212,0.062249,0.063057,0.064663,0.067108,0.070391,0.074371,0.078919,0.083524,0.087977,0.092644,0.097073,0.1009,0.10468,0.10869,0.11304,0.11774,0.12279,0.12795,0.13244,0.13594,0.13796,0.13899,0.13934,0.13933,0.13897,0.13872,0.13898,0.13936,0.13975,0.14045,0.1412,0.14164,0.14187,0.14258,0.14315,0.14302,0.14171,0.13877,0.13388,0.12703,0.11862,0.10905,0.098597,0.08837,0.079425,0.072152,0.067317,0.064285,0.062721,0.062092,0.061933,0.061841,0.061187,0.060014,0.058409,0.056382,0.054268,0.052452,0.051275,0.050974,0.051627,0.053278,0.055997,0.060067,0.065861,0.073794,0.083271,0.093165,0.10375,0.11356,0.12205,0.12852,0.13351,0.13702,0.13932,0.14068,0.14129,0.14152,0.14139,0.14076,0.13939,0.13733,0.13442,0.12998,0.12307,0.11318,0.10117
0.1101,0.12321,0.1322,0.13556,0.1344,0.1301,0.12348,0.11506,0.10501,0.093269,0.0809,0.068866,0.057761,0.048116,0.040385,0.034782,0.03124,0.029209,0.028422,0.028534,0.029354,0.030908,0.032934,0.035645,0.039079,0.043237,0.048305,0.054141,0.060713,0.067825,0.075102,0.082371,0.090163,0.098446,0.10733,0.11688,0.12745,0.13848,0.14939,0.15911,0.16618,0.17128,0.17451,0.17628,0.17667,0.17586,0.17401,0.17137,0.16822,0.16491,0.16145,0.15795,0.15435,0.15059,0.14681,0.14242,0.13722,0.13105,0.12466,0.1184,0.11253,0.10699,0.10174,0.097002,0.092796,0.08898,0.085917,0.083386,0.081186,0.07929,0.077594,0.075993,0.074392,0.072993,0.071407,0.069672,0.068147,0.067213,0.067018,0.067709,0.069212,0.071688,0.074934,0.078695,0.082782,0.087227,0.091817,0.096425,0.10057,0.1043,0.10764,0.11063,0.1131,0.11501,0.11625,0.11657,0.11559,0.11242,0.10641,0.099069
0.10651,0.11898,0.1281,0.1328,0.13401,0.13284,0.12968,0.12485,0.1185,0.11051,0.10127,0.091316,0.081096,0.071549,0.062994,0.056201,0.051055,0.047617,0.045488,0.044551,0.044633,0.045674,0.047393,0.049719,0.052661,0.056321,0.06073,0.065878,0.071379,0.076992,0.08251,0.087799,0.093381,0.099155,0.1052,0.11153,0.11869,0.1262,0.13385,0.14122,0.14681,0.1513,0.15467,0.15731,0.15925,0.16029,0.1604,0.15976,0.15861,0.15672,0.15442,0.15168,0.14804,0.14338,0.13762,0.13057,0.12265,0.11455,0.10704,0.10027,0.094451,0.089566,0.085597,0.08256,0.080158,0.077984,0.076275,0.075184,0.074294,0.073483,0.072669,0.071738,0.070913,0.070301,0.069915,0.069712,0.069746,0.070037,0.070802,0.072099,0.073981,0.076593,0.079844,0.083541,0.08742,0.091616,0.095875,0.10006,0.10389,0.10723,0.11009,0.11248,0.11433,0.11564,0.11616,0.11564,0.11367,0.10938,0.10232,0.094108
0.093629,0.10283,0.11023,0.11476,0.11692,0.11766,0.11715,0.11545,0.11252,0.10863,0.10364,0.097628,0.091092,0.084334,0.077497,0.072076,0.067716,0.06426,0.061868,0.060517,0.060039,0.060271,0.06083,0.061744,0.063035,0.064789,0.067024,0.070043,0.073768,0.078161,0.082673,0.087229,0.092243,0.097536,0.10289,0.10859,0.11499,0.12183,0.12906,0.13667,0.14317,0.14865,0.15308,0.15661,0.15924,0.16072,0.16133,0.16127,0.16067,0.15949,0.15758,0.15459,0.1503,0.1445,0.13719,0.12821,0.11794,0.10778,0.098221,0.089691,0.082672,0.077537,0.073921,0.071608,0.07023,0.069302,0.068839,0.068898,0.069108,0.069345,0.069427,0.069383,0.069223,0.06904,0.069014,0.069079,0.069371,0.070041,0.071242,0.073255,0.075959,0.079295,0.083065,0.087255,0.091521,0.095989,0.10042,0.1046,0.10826,0.11139,0.11411,0.11624,0.1177,0.11843,0.1182,0.1169,0.11411,0.10913,0.10134,0.092281
0.083259,0.090437,0.096425,0.10002,0.10189,0.10282,0.10303,0.10267,0.10195,0.10126,0.10043,0.099479,0.098494,0.097127,0.095387,0.094008,0.093037,0.092206,0.091721,0.091478,0.091179,0.090794,0.090049,0.089257,0.088391,0.08754,0.087201,0.087529,0.088297,0.089697,0.091346,0.093248,0.095736,0.098554,0.10184,0.10529,0.10912,0.11321,0.11773,0.1235,0.12863,0.13325,0.13715,0.14072,0.14398,0.14663,0.14868,0.15009,0.15075,0.15031,0.14866,0.1455,0.14041,0.13329,0.12442,0.11394,0.10267,0.092249,0.082689,0.074579,0.068272,0.063893,0.061185,0.05985,0.059587,0.059897,0.060689,0.061763,0.062862,0.063965,0.064892,0.065652,0.066417,0.06734,0.068404,0.069826,0.071699,0.073891,0.076199,0.078903,0.082121,0.085825,0.089864,0.094174,0.09846,0.10271,0.10682,0.11064,0.11405,0.1169,0.11925,0.12097,0.12199,0.12216,0.12125,0.11909,0.11543,0.10952,0.1009,0.091271
0.073211,0.07742,0.081288,0.083488,0.08452,0.085248,0.0859,0.086811,0.088468,0.09135,0.095059,0.099162,0.10335,0.10752,0.11114,0.11445,0.11717,0.11875,0.11968,0.11998,0.11976,0.11876,0.1169,0.11481,0.11258,0.11013,0.10781,0.10585,0.10414,0.10293,0.10203,0.10148,0.10156,0.10225,0.10337,0.10481,0.10695,0.10976,0.11351,0.11875,0.124,0.12877,0.1328,0.13623,0.13904,0.1411,0.14254,0.14317,0.14291,0.14136,0.13815,0.13312,0.12619,0.11764,0.10757,0.09631,0.084867,0.075028,0.067071,0.060924,0.056278,0.052791,0.05045,0.049342,0.049186,0.049727,0.050726,0.052003,0.053319,0.054588,0.055772,0.057146,0.05887,0.060934,0.063382,0.066701,0.070882,0.075325,0.079759,0.084372,0.088928,0.093425,0.097604,0.10163,0.1053,0.10887,0.11234,0.1156,0.11845,0.12115,0.12346,0.12512,0.12619,0.12638,0.12545,0.12323,0.11936,0.11315,0.10434,0.094476
0.064859,0.067,0.069849,0.071627,0.072373,0.072669,0.072821,0.073174,0.074186,0.076418,0.079666,0.083925,0.08884,0.093961,0.098887,0.10374,0.10824,0.11161,0.11389,0.11514,0.11532,0.11444,0.11251,0.11025,0.1077,0.10522,0.10301,0.10114,0.099726,0.099014,0.098483,0.098169,0.0983,0.098543,0.098891,0.099566,0.10063,0.10213,0.10446,0.10823,0.11236,0.11623,0.11932,0.12173,0.12351,0.12463,0.12498,0.12433,0.12254,0.11941,0.1147,0.10855,0.10097,0.092842,0.084372,0.076237,0.068775,0.06256,0.057609,0.053517,0.0503,0.047982,0.04671,0.046185,0.046491,0.047513,0.04909,0.051183,0.053704,0.056463,0.059549,0.062816,0.066475,0.07055,0.07488,0.080072,0.086504,0.09338,0.10028,0.10682,0.11327,0.11941,0.12516,0.13057,0.1356,0.14045,0.14491,0.14908,0.15267,0.1559,0.15848,0.15996,0.16025,0.15903,0.15625,0.15193,0.14565,0.13653,0.12391,0.10903
0.062587,0.064807,0.067964,0.06992,0.070565,0.070411,0.069691,0.068816,0.06837,0.068384,0.069053,0.070647,0.073206,0.076589,0.080231,0.083898,0.087134,0.089241,0.090313,0.090544,0.090095,0.088659,0.086543,0.084641,0.08293,0.081635,0.080848,0.080352,0.080148,0.0805,0.081234,0.082476,0.084041,0.08563,0.086905,0.088142,0.089228,0.09045,0.092159,0.094831,0.097919,0.10123,0.10416,0.10679,0.10915,0.11084,0.11193,0.11211,0.1112,0.10877,0.10461,0.099073,0.092576,0.086205,0.080149,0.075005,0.070338,0.065903,0.06172,0.057661,0.05379,0.05039,0.047902,0.046382,0.045944,0.046684,0.04825,0.050513,0.053479,0.057276,0.061753,0.066882,0.072856,0.079588,0.087087,0.095974,0.10623,0.11686,0.12724,0.13699,0.14599,0.1541,0.16144,0.16786,0.17342,0.17815,0.18229,0.18574,0.18815,0.18963,0.19034,0.18997,0.18854,0.18579,0.18166,0.17585,0.16784,0.1566,0.14119,0.12268
0.058238,0.058991,0.060603,0.061535,0.061591,0.061052,0.060111,0.058972,0.05792,0.056994,0.056345,0.05636,0.057059,0.058425,0.06028,0.062497,0.064586,0.065915,0.066415,0.066186,0.06527,0.063644,0.061758,0.060185,0.059148,0.058669,0.058659,0.058973,0.059789,0.061231,0.063279,0.065871,0.068973,0.072167,0.075106,0.077825,0.080408,0.082764,0.085279,0.08811,0.090983,0.093673,0.095717,0.097265,0.098404,0.099015,0.099207,0.098846,0.097833,0.096054,0.09354,0.090596,0.087114,0.083922,0.081471,0.079337,0.076972,0.074107,0.071053,0.067832,0.064543,0.061291,0.058484,0.056446,0.055383,0.055148,0.055621,0.056863,0.059318,0.063348,0.068931,0.075819,0.084299,0.093988,0.10466,0.11675,0.13044,0.14441,0.15774,0.16969,0.18009,0.18868,0.19542,0.20063,0.20477,0.20798,0.21028,0.21181,0.21229,0.21205,0.21109,0.20925,0.20617,0.20187,0.19628,0.18928,0.18029,0.16816,0.15163,0.13102
0.05822,0.058873,0.060399,0.061294,0.061419,0.061025,0.060376,0.059512,0.058438,0.056973,0.055473,0.054471,0.054199,0.054483,0.055269,0.056588,0.058059,0.058972,0.059226,0.058755,0.057658,0.055985,0.053954,0.052242,0.051125,0.050654,0.05056,0.050857,0.051458,0.052391,0.054063,0.056609,0.059951,0.063747,0.067789,0.071825,0.075689,0.07932,0.082686,0.0857,0.088058,0.0897,0.090445,0.090649,0.090447,0.089766,0.089047,0.08836,0.087374,0.086081,0.08492,0.08395,0.08308,0.082825,0.083599,0.084658,0.085426,0.084926,0.083567,0.081259,0.077991,0.073885,0.069666,0.065893,0.063123,0.061784,0.061912,0.063735,0.067847,0.074242,0.082798,0.092757,0.10412,0.11615,0.12841,0.14067,0.15271,0.16346,0.17222,0.17894,0.18405,0.18818,0.19167,0.19492,0.19807,0.20124,0.20438,0.20705,0.20882,0.2097,0.20958,0.20817,0.20543,0.20144,0.19606,0.18924,0.18045,0.16847,0.15202,0.13158
0.061104,0.061954,0.063418,0.064373,0.064712,0.064712,0.064431,0.063967,0.063157,0.061899,0.060587,0.059461,0.058547,0.058052,0.05798,0.058342,0.059157,0.059856,0.060119,0.059705,0.058535,0.0567,0.054535,0.052596,0.050744,0.049323,0.048149,0.047319,0.046872,0.046771,0.047322,0.049096,0.052481,0.056776,0.061722,0.067069,0.072529,0.07757,0.082374,0.08666,0.090016,0.09264,0.094484,0.095662,0.09622,0.096301,0.096205,0.095754,0.095042,0.094332,0.094159,0.09444,0.094587,0.094928,0.096072,0.097961,0.099594,0.099935,0.099262,0.097317,0.094185,0.090221,0.086276,0.082838,0.080201,0.079001,0.078836,0.08012,0.083328,0.088557,0.095866,0.10462,0.11393,0.12322,0.13209,0.14005,0.1472,0.15287,0.1568,0.15909,0.16032,0.16142,0.16287,0.16541,0.16922,0.17403,0.17939,0.18452,0.1889,0.19209,0.19396,0.19425,0.19293,0.19019,0.18593,0.18006,0.17219,0.16118,0.14582,0.12663
0.05883,0.060176,0.062533,0.064589,0.06608,0.067293,0.068415,0.069817,0.071049,0.071796,0.072005,0.071741,0.071117,0.070419,0.069629,0.068971,0.068713,0.068323,0.067671,0.0665,0.064888,0.062835,0.06034,0.057785,0.055339,0.053249,0.05157,0.050664,0.050218,0.050121,0.050736,0.052407,0.055638,0.060142,0.065774,0.072151,0.078696,0.084778,0.090508,0.095685,0.099906,0.10317,0.10553,0.10715,0.10806,0.10828,0.10805,0.10754,0.10696,0.10679,0.10765,0.10907,0.1106,0.11233,0.11498,0.11792,0.12039,0.12194,0.1227,0.1228,0.12174,0.1196,0.11659,0.11303,0.10908,0.10515,0.10126,0.097535,0.094871,0.093973,0.09517,0.097538,0.10084,0.10448,0.10802,0.11121,0.11404,0.11619,0.11781,0.11889,0.1203,0.12267,0.1263,0.13117,0.13713,0.14399,0.15101,0.15758,0.16326,0.16731,0.16962,0.17019,0.16929,0.16702,0.16339,0.15831,0.15137,0.14163,0.12808,0.11162
0.062556,0.065961,0.070024,0.073353,0.075919,0.078189,0.080363,0.082847,0.085155,0.086962,0.088298,0.088952,0.088865,0.088141,0.086768,0.085128,0.0833,0.081254,0.079189,0.076782,0.074141,0.071074,0.067542,0.064137,0.060929,0.058036,0.055507,0.054052,0.053293,0.05319,0.053994,0.05594,0.059305,0.064297,0.070083,0.076582,0.083365,0.089679,0.095318,0.099929,0.10308,0.10525,0.10688,0.10839,0.10977,0.11121,0.11291,0.11506,0.11749,0.12041,0.12462,0.12921,0.13342,0.13738,0.14156,0.14583,0.14909,0.15121,0.15226,0.15211,0.15054,0.14774,0.14359,0.13837,0.13212,0.1248,0.11613,0.10672,0.097852,0.090612,0.085735,0.082645,0.0807,0.079219,0.078071,0.077452,0.077613,0.078451,0.07978,0.081366,0.083519,0.086672,0.090793,0.095983,0.10254,0.11011,0.11822,0.12614,0.13317,0.13861,0.14245,0.1445,0.14489,0.14393,0.14165,0.138,0.13252,0.12426,0.11253,0.098355
0.069295,0.075423,0.081654,0.086801,0.091001,0.094638,0.097979,0.1015,0.10474,0.10735,0.10902,0.10983,0.10985,0.10938,0.10849,0.10741,0.10641,0.10526,0.10436,0.10307,0.10144,0.099105,0.095938,0.092407,0.088662,0.084844,0.08101,0.077807,0.075118,0.072858,0.071351,0.07109,0.072131,0.074716,0.078514,0.08329,0.088963,0.094749,0.10026,0.10504,0.10854,0.11119,0.11354,0.11588,0.11805,0.12029,0.12255,0.12498,0.12782,0.13179,0.13707,0.14259,0.1474,0.15095,0.15382,0.15601,0.1563,0.1549,0.1525,0.14883,0.14371,0.13722,0.12977,0.12212,0.11408,0.10545,0.095986,0.085717,0.075769,0.066848,0.060153,0.055375,0.052445,0.051074,0.050812,0.05144,0.052903,0.055245,0.058436,0.062294,0.066863,0.071658,0.07642,0.080663,0.084995,0.089916,0.095071,0.099834,0.10422,0.10769,0.11034,0.11203,0.11283,0.11297,0.1123,0.11071,0.10774,0.10258,0.094663,0.085397
0.077158,0.085135,0.092805,0.099145,0.10434,0.10903,0.11354,0.11821,0.12285,0.12735,0.13106,0.13381,0.13563,0.13654,0.13666,0.13614,0.1353,0.13411,0.13261,0.13092,0.12895,0.12619,0.12266,0.11893,0.11493,0.11097,0.10688,0.1031,0.09909,0.095088,0.091219,0.088254,0.086467,0.086438,0.088154,0.09148,0.096057,0.10144,0.10706,0.11211,0.11602,0.11883,0.12103,0.12304,0.1245,0.12547,0.12623,0.127,0.12787,0.13003,0.1333,0.13609,0.13851,0.13974,0.14028,0.14001,0.13839,0.13565,0.13178,0.12649,0.11986,0.11223,0.10376,0.09626,0.088941,0.081198,0.072691,0.063347,0.054551,0.047209,0.042027,0.039077,0.037474,0.036415,0.035579,0.035155,0.035925,0.037952,0.040945,0.044889,0.04973,0.05539,0.061482,0.067077,0.072364,0.077341,0.08176,0.085507,0.088655,0.091111,0.093323,0.095079,0.096431,0.097336,0.097738,0.097409,0.095998,0.092694,0.087124,0.080698
0.081469,0.090042,0.097703,0.10367,0.10845,0.11267,0.11676,0.12109,0.12572,0.13046,0.13454,0.13794,0.14085,0.14306,0.14471,0.14585,0.14655,0.14652,0.14573,0.14419,0.14198,0.13872,0.13486,0.13112,0.12724,0.1234,0.11971,0.11634,0.11317,0.11034,0.10827,0.10719,0.10715,0.10866,0.11155,0.11536,0.12047,0.12629,0.132,0.13697,0.14032,0.14195,0.14245,0.1426,0.14196,0.1407,0.13899,0.13723,0.13574,0.13589,0.13715,0.13821,0.13909,0.13847,0.13678,0.13382,0.12911,0.12269,0.11501,0.10612,0.09614,0.08554,0.075148,0.066979,0.059972,0.053549,0.047271,0.040757,0.035173,0.031096,0.028643,0.027792,0.027893,0.028549,0.029455,0.030769,0.032779,0.035502,0.038792,0.043043,0.047901,0.053067,0.058088,0.062351,0.065813,0.068588,0.0706,0.071869,0.072669,0.073026,0.073334,0.07386,0.074422,0.07512,0.075773,0.076289,0.076341,0.07532,0.073135,0.071254
0.086816,0.09623,0.10445,0.11056,0.11499,0.11836,0.12115,0.12354,0.12586,0.12807,0.12958,0.13042,0.13126,0.1319,0.13263,0.13367,0.13494,0.13623,0.13741,0.13837,0.13918,0.13964,0.13956,0.13963,0.13935,0.13885,0.13834,0.1377,0.1369,0.13587,0.13462,0.13377,0.13325,0.13333,0.13451,0.13661,0.14029,0.14538,0.15074,0.15547,0.15839,0.15943,0.15934,0.15876,0.15725,0.15496,0.15232,0.14964,0.14696,0.14528,0.14347,0.14054,0.13733,0.1324,0.12604,0.11832,0.10966,0.10014,0.089913,0.07936,0.068755,0.058691,0.049915,0.043862,0.039409,0.035974,0.032807,0.029774,0.027466,0.026182,0.025585,0.025464,0.02582,0.026364,0.027017,0.027935,0.02971,0.032401,0.035944,0.040915,0.046507,0.051984,0.056967,0.060889,0.063712,0.065721,0.066645,0.066767,0.066318,0.065393,0.064717,0.06476,0.06526,0.066178,0.067155,0.067981,0.068422,0.067923,0.066432,0.06589
0.089315,0.099188,0.10726,0.11271,0.11617,0.11828,0.1195,0.11999,0.12,0.11953,0.11825,0.11645,0.115,0.11362,0.11261,0.11221,0.11252,0.11328,0.11452,0.11625,0.11829,0.12073,0.12373,0.12745,0.13127,0.13498,0.13858,0.14185,0.14472,0.14735,0.14976,0.15221,0.15431,0.15642,0.15829,0.16042,0.16337,0.1669,0.17053,0.1735,0.17496,0.1752,0.17488,0.17396,0.17179,0.16865,0.16456,0.15943,0.15331,0.14676,0.13909,0.13046,0.12171,0.11148,0.10067,0.089757,0.079145,0.068916,0.059598,0.051356,0.043844,0.037572,0.032601,0.02943,0.027475,0.026617,0.026264,0.026098,0.026711,0.027857,0.02934,0.030899,0.032373,0.034011,0.036089,0.038539,0.041615,0.045475,0.050181,0.056496,0.063101,0.069425,0.074807,0.078313,0.080305,0.081011,0.080239,0.078686,0.076526,0.074073,0.072048,0.070754,0.069927,0.069432,0.068859,0.06821,0.067274,0.065739,0.064011,0.063608
0.088124,0.096669,0.10309,0.10688,0.1089,0.10974,0.10981,0.10915,0.10801,0.10643,0.10436,0.10223,0.10058,0.098826,0.097311,0.096369,0.096067,0.09607,0.096469,0.097367,0.098582,0.10031,0.10286,0.10658,0.11057,0.11468,0.11878,0.1225,0.12587,0.12896,0.1322,0.13562,0.13886,0.14206,0.14555,0.14939,0.15416,0.15993,0.16607,0.17202,0.1769,0.18061,0.18351,0.18502,0.18419,0.18099,0.17535,0.16719,0.15675,0.14436,0.13035,0.11603,0.10171,0.087313,0.073671,0.061475,0.051309,0.043065,0.036298,0.031175,0.026978,0.023851,0.021871,0.020873,0.020988,0.021945,0.023732,0.026225,0.029356,0.032971,0.036844,0.040542,0.043976,0.047731,0.052638,0.057923,0.063926,0.070572,0.077715,0.086132,0.094259,0.10147,0.10729,0.11131,0.11373,0.11493,0.11463,0.11301,0.11071,0.1075,0.10424,0.10161,0.098914,0.096551,0.093978,0.091145,0.087979,0.084003,0.07909,0.074374
0.089772,0.098068,0.10426,0.10768,0.1092,0.10923,0.10822,0.10622,0.10342,0.10006,0.096247,0.092523,0.089621,0.087118,0.084883,0.082975,0.081382,0.079974,0.078979,0.07838,0.078247,0.07881,0.080399,0.082704,0.085103,0.087632,0.090411,0.093144,0.095859,0.09846,0.10115,0.10391,0.10673,0.11007,0.11389,0.11843,0.12443,0.13161,0.13974,0.14825,0.156,0.16285,0.1691,0.17352,0.17512,0.17335,0.16817,0.1596,0.14775,0.13316,0.11677,0.10118,0.086327,0.073046,0.061793,0.052468,0.044823,0.038762,0.034242,0.030949,0.028716,0.027569,0.027289,0.027689,0.028649,0.030336,0.032968,0.036511,0.040872,0.04593,0.051058,0.055989,0.060643,0.065544,0.072314,0.080073,0.088897,0.098313,0.10823,0.11941,0.13025,0.13992,0.14819,0.15423,0.15807,0.15987,0.15934,0.15656,0.15193,0.14587,0.13899,0.13251,0.12604,0.12003,0.11447,0.10919,0.10377,0.09723,0.089092,0.080568
0.093946,0.10369,0.11061,0.11423,0.11533,0.1145,0.11232,0.1089,0.1045,0.099487,0.094218,0.089154,0.084664,0.080843,0.077574,0.074736,0.072051,0.069184,0.066327,0.063776,0.061393,0.059425,0.058399,0.058372,0.05888,0.05993,0.061543,0.063525,0.065794,0.068234,0.070858,0.073698,0.076936,0.08065,0.085009,0.090348,0.096872,0.10427,0.11218,0.12048,0.12842,0.13589,0.14285,0.14811,0.15081,0.15056,0.14717,0.14041,0.1307,0.11828,0.10409,0.091363,0.079642,0.069542,0.060669,0.053321,0.047354,0.042796,0.03942,0.037145,0.036174,0.036362,0.037651,0.03945,0.041777,0.044675,0.047737,0.051285,0.055689,0.060706,0.065789,0.070843,0.076206,0.082389,0.091321,0.10137,0.11226,0.1235,0.13477,0.14622,0.15664,0.1659,0.17377,0.17984,0.18411,0.18684,0.18706,0.18447,0.18013,0.17425,0.1673,0.16028,0.15294,0.14589,0.13902,0.13222,0.12497,0.1162,0.105,0.092471
0.099544,0.11111,0.11954,0.12426,0.12602,0.12562,0.12351,0.11993,0.11514,0.10944,0.10309,0.096823,0.090788,0.085623,0.081173,0.077275,0.073614,0.069602,0.065374,0.061099,0.056525,0.052005,0.047916,0.044932,0.042757,0.041437,0.040979,0.041242,0.042285,0.044037,0.046487,0.049658,0.053631,0.058305,0.063715,0.069966,0.076905,0.083976,0.091543,0.099189,0.1065,0.11322,0.11942,0.12417,0.12683,0.1272,0.12517,0.1207,0.11436,0.10613,0.096705,0.088715,0.080694,0.073563,0.067083,0.061689,0.057523,0.054658,0.053055,0.052923,0.054277,0.056693,0.059809,0.062643,0.065202,0.067623,0.069481,0.071227,0.073304,0.076076,0.079424,0.083481,0.088408,0.09438,0.1034,0.11375,0.12478,0.13595,0.14668,0.15633,0.16413,0.17019,0.17444,0.17733,0.17913,0.18052,0.18105,0.18017,0.1782,0.17457,0.16963,0.1643,0.15858,0.153,0.14707,0.14094,0.13413,0.12552,0.11412,0.10062
0.098478,0.10947,0.11743,0.12213,0.12397,0.12376,0.12191,0.11856,0.11385,0.10813,0.1017,0.095094,0.088493,0.083158,0.078691,0.074851,0.071489,0.067934,0.064015,0.059874,0.055297,0.050299,0.045483,0.041419,0.038174,0.036265,0.035555,0.03583,0.037016,0.038793,0.041122,0.044087,0.047859,0.052632,0.058412,0.064783,0.071422,0.077844,0.083821,0.089144,0.093519,0.096884,0.099592,0.10123,0.10142,0.10047,0.098668,0.096088,0.092985,0.089334,0.085669,0.083251,0.0813,0.080377,0.080235,0.080917,0.082154,0.08409,0.086817,0.090209,0.094499,0.098598,0.10192,0.10353,0.10354,0.10195,0.098707,0.094902,0.092185,0.090624,0.09039,0.091476,0.094154,0.097722,0.1037,0.11056,0.11743,0.12419,0.13041,0.13558,0.13952,0.14271,0.14512,0.14706,0.14932,0.15213,0.15556,0.15885,0.16204,0.16486,0.16695,0.16844,0.16883,0.1681,0.16607,0.16243,0.15659,0.14743,0.13401,0.11695
0.097447,0.10801,0.11601,0.12101,0.12335,0.12383,0.12286,0.12064,0.11701,0.11224,0.1067,0.10104,0.095379,0.091,0.087608,0.084807,0.082348,0.079733,0.076293,0.071869,0.066151,0.059178,0.051649,0.04451,0.038962,0.035574,0.033977,0.033901,0.034952,0.036762,0.03909,0.041862,0.045413,0.049769,0.054894,0.060463,0.066206,0.071616,0.076512,0.080613,0.083743,0.085738,0.086785,0.0869,0.086034,0.084845,0.083756,0.082854,0.082307,0.081994,0.082258,0.083851,0.085909,0.089235,0.09342,0.098378,0.10365,0.10906,0.11452,0.1199,0.12547,0.13005,0.13291,0.13355,0.13211,0.12867,0.12297,0.11602,0.10961,0.10419,0.10008,0.097161,0.095193,0.093917,0.094641,0.096854,0.10019,0.10414,0.10824,0.11198,0.11497,0.11768,0.11986,0.12175,0.12351,0.12544,0.12803,0.13185,0.13742,0.14392,0.15045,0.15663,0.16183,0.16557,0.16718,0.16629,0.16236,0.15431,0.14125,0.12346
0.094218,0.10411,0.11201,0.11765,0.12127,0.12358,0.12493,0.12537,0.1246,0.12257,0.11946,0.1158,0.11174,0.10874,0.10662,0.10463,0.10241,0.099432,0.095145,0.089659,0.082591,0.07393,0.064515,0.055209,0.047417,0.041729,0.038001,0.036159,0.035952,0.036952,0.038681,0.041253,0.044559,0.048609,0.053324,0.058315,0.063327,0.067932,0.071908,0.075016,0.077198,0.078617,0.079561,0.080499,0.081419,0.08259,0.084214,0.086401,0.089018,0.091749,0.09468,0.097888,0.10123,0.10556,0.11003,0.11437,0.11853,0.12254,0.12663,0.13074,0.13509,0.13845,0.14039,0.14034,0.13828,0.13411,0.12758,0.1199,0.11265,0.1054,0.098633,0.092788,0.087991,0.083925,0.081359,0.080409,0.080842,0.082604,0.085554,0.088855,0.091967,0.095182,0.098034,0.10076,0.10329,0.10619,0.10986,0.1143,0.11979,0.12617,0.13329,0.14086,0.14806,0.15404,0.15786,0.15898,0.15664,0.14985,0.13786,0.12136
0.086901,0.094504,0.10083,0.10546,0.10863,0.11098,0.11292,0.11447,0.11547,0.11577,0.11541,0.1146,0.11334,0.11241,0.11218,0.11181,0.11092,0.10898,0.10562,0.10086,0.094461,0.086652,0.078149,0.069497,0.061938,0.056134,0.052173,0.050054,0.049527,0.050318,0.05187,0.05403,0.056899,0.06031,0.064104,0.067913,0.071748,0.075274,0.078262,0.080545,0.082192,0.083161,0.083675,0.083978,0.084046,0.084383,0.085496,0.087504,0.089895,0.092676,0.095652,0.098419,0.10135,0.10557,0.11065,0.11644,0.12274,0.12907,0.13475,0.13987,0.14392,0.14587,0.14526,0.14198,0.13615,0.1281,0.11813,0.10762,0.098376,0.08926,0.081018,0.073831,0.06781,0.062931,0.059654,0.058482,0.059583,0.062685,0.067113,0.072179,0.077147,0.082143,0.086767,0.090878,0.094673,0.09889,0.10407,0.1107,0.11861,0.12747,0.13717,0.14687,0.15605,0.16354,0.16838,0.16979,0.16705,0.15888,0.14437,0.12477
0.087674,0.095856,0.10247,0.10712,0.11014,0.11235,0.11427,0.11596,0.11731,0.11807,0.11818,0.11782,0.11694,0.11579,0.11515,0.11427,0.11285,0.1105,0.10679,0.10202,0.095856,0.088753,0.081369,0.074294,0.068549,0.064386,0.061952,0.061158,0.061505,0.062693,0.064301,0.066415,0.06897,0.071909,0.07519,0.078431,0.081577,0.084649,0.087466,0.089891,0.091766,0.092725,0.092913,0.092517,0.09155,0.090484,0.089922,0.090242,0.090924,0.091979,0.093298,0.094469,0.096893,0.10155,0.10731,0.11346,0.11959,0.12522,0.12958,0.13262,0.13433,0.13408,0.13175,0.12725,0.12091,0.11293,0.10357,0.093973,0.085784,0.077956,0.071098,0.064926,0.059915,0.056336,0.054411,0.05446,0.056416,0.060045,0.065323,0.071391,0.077553,0.083702,0.089135,0.093712,0.097579,0.10137,0.10534,0.11017,0.11623,0.12381,0.13276,0.14156,0.14987,0.15667,0.161,0.16223,0.15952,0.15174,0.13803,0.11948
0.089661,0.098334,0.10487,0.10864,0.11019,0.11047,0.1101,0.10925,0.10794,0.10621,0.10433,0.10242,0.10083,0.099321,0.098505,0.097762,0.097186,0.096215,0.09448,0.092208,0.089117,0.085833,0.08268,0.079933,0.078079,0.077595,0.078819,0.081488,0.084698,0.088148,0.091417,0.094245,0.096794,0.099106,0.10139,0.10368,0.10589,0.10794,0.10968,0.11089,0.11174,0.1119,0.11157,0.11073,0.10943,0.10786,0.10634,0.10504,0.10392,0.103,0.10263,0.1027,0.10411,0.10753,0.11163,0.11572,0.11943,0.12198,0.123,0.12278,0.12117,0.11828,0.11388,0.10788,0.1004,0.091683,0.082023,0.072368,0.064105,0.056665,0.050559,0.046004,0.043387,0.042642,0.043478,0.045916,0.049779,0.055128,0.061869,0.069304,0.076777,0.083986,0.090298,0.095451,0.099522,0.10328,0.1069,0.11115,0.11613,0.12206,0.12911,0.13605,0.14266,0.14792,0.15117,0.15192,0.14937,0.14241,0.13018,0.11392
0.090419,0.099465,0.10604,0.10913,0.10944,0.10769,0.10452,0.10017,0.094984,0.089337,0.083867,0.078985,0.075265,0.072555,0.071208,0.070948,0.071565,0.07274,0.074032,0.075311,0.075903,0.076394,0.076879,0.077603,0.078676,0.080516,0.083693,0.088244,0.093277,0.09837,0.10324,0.10745,0.11115,0.11439,0.11709,0.11931,0.12146,0.12364,0.12566,0.12725,0.12848,0.12876,0.12815,0.12695,0.12518,0.12321,0.12104,0.11942,0.1183,0.11814,0.11928,0.12098,0.12339,0.12657,0.12954,0.13163,0.13244,0.1317,0.1294,0.12567,0.12045,0.11463,0.1078,0.099694,0.090408,0.080115,0.06974,0.059836,0.051722,0.045271,0.040971,0.038561,0.038224,0.039661,0.042413,0.046679,0.052358,0.059148,0.066796,0.075274,0.083679,0.091522,0.098161,0.10318,0.10676,0.10965,0.11189,0.1142,0.11663,0.11952,0.12346,0.12754,0.13152,0.13476,0.13671,0.13687,0.13453,0.12881,0.11899,0.10576
0.087167,0.095381,0.10126,0.10352,0.10283,0.099987,0.095574,0.089972,0.083601,0.076902,0.070697,0.065344,0.061074,0.057706,0.055805,0.055254,0.055599,0.056815,0.058497,0.060698,0.063153,0.066232,0.069942,0.074101,0.078438,0.083354,0.089074,0.095444,0.10161,0.10717,0.112,0.11588,0.11914,0.12207,0.12471,0.12712,0.12938,0.1317,0.13424,0.13644,0.13847,0.13964,0.14015,0.14009,0.1394,0.13798,0.13589,0.13383,0.13244,0.13154,0.13109,0.13071,0.13084,0.131,0.13065,0.12923,0.12674,0.12313,0.11845,0.11283,0.10637,0.10003,0.093342,0.08599,0.077857,0.068928,0.060123,0.051967,0.045636,0.040766,0.038187,0.037559,0.038743,0.041263,0.044949,0.049889,0.05621,0.063897,0.073092,0.083401,0.093306,0.10258,0.11059,0.11706,0.12183,0.12554,0.12795,0.12959,0.13037,0.13083,0.13153,0.13224,0.13262,0.13257,0.13195,0.13033,0.12701,0.12106,0.11187,0.10014
0.089532,0.099615,0.10662,0.10939,0.10871,0.10547,0.10028,0.093462,0.085537,0.077225,0.069201,0.061741,0.055458,0.050495,0.047089,0.045156,0.044866,0.046086,0.048253,0.051028,0.053746,0.056665,0.059963,0.063733,0.068149,0.073393,0.079468,0.08618,0.092773,0.09882,0.10417,0.1087,0.1129,0.11724,0.12175,0.12638,0.13125,0.13623,0.14123,0.14587,0.14987,0.1529,0.15489,0.15602,0.15572,0.15397,0.15079,0.14688,0.14255,0.13778,0.13308,0.12827,0.12354,0.11889,0.11429,0.10951,0.10461,0.099359,0.093831,0.088202,0.082652,0.077982,0.073642,0.069077,0.06417,0.058854,0.053821,0.049682,0.047178,0.045962,0.046083,0.047681,0.050823,0.055003,0.060165,0.066178,0.073104,0.080917,0.089687,0.099831,0.10977,0.1192,0.12737,0.13357,0.1375,0.13989,0.14053,0.14,0.13852,0.13662,0.13491,0.13383,0.13291,0.13196,0.1307,0.12865,0.12509,0.11908,0.10984,0.09791
0.097276,0.11015,0.11953,0.12429,0.12535,0.12369,0.11988,0.11409,0.10673,0.098243,0.089579,0.080923,0.072788,0.065531,0.059758,0.055761,0.053523,0.052497,0.05252,0.05318,0.054016,0.054594,0.055408,0.056547,0.058058,0.060481,0.063911,0.068431,0.073724,0.079235,0.084646,0.089773,0.094918,0.1006,0.10646,0.11235,0.11837,0.12466,0.13083,0.13639,0.1413,0.14514,0.14795,0.14973,0.15009,0.14893,0.14604,0.14199,0.1372,0.13182,0.12602,0.11941,0.11272,0.10647,0.10089,0.095445,0.090204,0.085099,0.080188,0.075675,0.07157,0.068171,0.065083,0.062052,0.059014,0.055986,0.053987,0.053708,0.055039,0.057401,0.060968,0.065323,0.070033,0.075252,0.081006,0.087202,0.094013,0.1014,0.10907,0.1177,0.12575,0.13289,0.13844,0.14189,0.14296,0.14239,0.14048,0.13767,0.13427,0.13095,0.12845,0.12725,0.12656,0.12597,0.12517,0.1237,0.12078,0.11542,0.10679,0.095641
0.10295,0.11748,0.12829,0.13481,0.13798,0.13861,0.1372,0.13397,0.12913,0.12284,0.1159,0.10842,0.10058,0.092555,0.085348,0.079639,0.075403,0.072364,0.070022,0.068276,0.066868,0.065063,0.062968,0.060852,0.058982,0.05797,0.058149,0.059396,0.061596,0.064406,0.067587,0.071113,0.075388,0.08071,0.086511,0.092481,0.09835,0.10459,0.11064,0.11625,0.1212,0.12507,0.12826,0.13067,0.13181,0.13166,0.13011,0.1273,0.12341,0.11872,0.11362,0.10788,0.10199,0.096305,0.091079,0.085926,0.081143,0.076814,0.073079,0.069711,0.066829,0.064612,0.062805,0.061247,0.060111,0.059507,0.060043,0.061761,0.06455,0.068034,0.072291,0.07713,0.082247,0.087456,0.093332,0.099516,0.10595,0.1125,0.11915,0.1265,0.13299,0.13807,0.14148,0.14296,0.14223,0.14033,0.13768,0.13446,0.13095,0.12766,0.12489,0.12317,0.12176,0.12063,0.11943,0.11777,0.11502,0.11034,0.10298,0.093058
0.11473,0.13214,0.14573,0.15502,0.16116,0.16514,0.16732,0.16762,0.16609,0.16276,0.1581,0.15208,0.1446,0.13601,0.12711,0.11834,0.11032,0.103,0.096035,0.089272,0.083414,0.077356,0.071216,0.065181,0.059555,0.054843,0.051303,0.048853,0.047707,0.047508,0.048292,0.049844,0.052289,0.055796,0.060143,0.065114,0.070424,0.076408,0.082577,0.088533,0.094151,0.099022,0.10312,0.10631,0.1082,0.10877,0.10779,0.10566,0.10254,0.098751,0.094509,0.08964,0.084713,0.080182,0.076122,0.072254,0.068967,0.066244,0.064092,0.062475,0.061319,0.06067,0.060518,0.061106,0.06258,0.064998,0.068405,0.072532,0.076523,0.080574,0.084427,0.088145,0.091647,0.095007,0.09924,0.10379,0.10857,0.11324,0.11777,0.12258,0.12658,0.12974,0.13172,0.13231,0.13179,0.13076,0.12974,0.12855,0.12711,0.12549,0.12392,0.12292,0.12207,0.12113,0.11986,0.11802,0.1151,0.11019,0.10263,0.092829
0.12454,0.14461,0.16114,0.17322,0.18204,0.18865,0.19353,0.19666,0.19781,0.197,0.19408,0.18933,0.18246,0.17369,0.16366,0.15275,0.14157,0.13015,0.11844,0.10649,0.095987,0.086063,0.076811,0.068311,0.060471,0.053981,0.048567,0.044321,0.041429,0.039685,0.039213,0.039854,0.041557,0.044412,0.048189,0.052602,0.057325,0.062755,0.068373,0.074289,0.080105,0.085675,0.090677,0.095008,0.098493,0.10089,0.10197,0.10163,0.10018,0.09798,0.095022,0.091067,0.08664,0.082082,0.077763,0.073939,0.07075,0.068198,0.06649,0.065534,0.065397,0.065804,0.066846,0.068374,0.070154,0.072366,0.074797,0.077215,0.079318,0.081365,0.083077,0.084734,0.086007,0.087094,0.088863,0.09082,0.093156,0.095715,0.098376,0.10137,0.10354,0.10521,0.10608,0.10614,0.10587,0.10589,0.10673,0.108,0.10934,0.11047,0.11139,0.11231,0.11284,0.11299,0.11256,0.11139,0.10907,0.10486,0.098127,0.089634
0.12462,0.14322,0.1585,0.16982,0.17835,0.18534,0.19104,0.19561,0.19882,0.20047,0.20043,0.19866,0.19491,0.18914,0.18168,0.17277,0.16263,0.15116,0.13858,0.12531,0.11257,0.10042,0.088987,0.078468,0.068444,0.060039,0.053487,0.048648,0.045411,0.043397,0.042701,0.042999,0.043885,0.04524,0.047185,0.049647,0.052397,0.055754,0.059422,0.063467,0.0678,0.072298,0.076954,0.081656,0.086057,0.09003,0.093313,0.095884,0.097745,0.099093,0.099422,0.098386,0.096101,0.093005,0.08945,0.085931,0.083028,0.080634,0.079018,0.078331,0.078137,0.07822,0.078304,0.078308,0.077849,0.077002,0.075956,0.074785,0.07345,0.07247,0.071513,0.070848,0.07052,0.070687,0.071783,0.073508,0.076189,0.079486,0.083329,0.087656,0.091664,0.095485,0.098688,0.10089,0.10207,0.10259,0.10326,0.10431,0.10531,0.10618,0.1069,0.10762,0.10806,0.10806,0.10758,0.10635,0.10404,0.099945,0.093719,0.086296
0.1156,0.13085,0.14348,0.15278,0.15978,0.16564,0.17079,0.17537,0.17952,0.18295,0.18565,0.18727,0.18753,0.18607,0.18294,0.17833,0.1725,0.16522,0.15648,0.14637,0.13547,0.12436,0.11325,0.10217,0.090847,0.080377,0.07141,0.064411,0.059435,0.056243,0.054418,0.053461,0.052941,0.052691,0.053035,0.05381,0.054875,0.056695,0.059029,0.061971,0.065371,0.06914,0.073283,0.077647,0.082215,0.08677,0.091245,0.095387,0.098941,0.10193,0.10367,0.10361,0.10196,0.099177,0.095743,0.092194,0.089001,0.086398,0.084702,0.084082,0.084243,0.084432,0.084253,0.083474,0.081929,0.079381,0.076017,0.07215,0.068287,0.065103,0.062227,0.060077,0.058971,0.059027,0.060511,0.063144,0.066623,0.070383,0.07451,0.078833,0.082761,0.086448,0.089422,0.091756,0.093242,0.094502,0.095771,0.09744,0.099438,0.10172,0.10387,0.10593,0.10753,0.10854,0.10882,0.10819,0.10618,0.10227,0.095957,0.088419
0.10165,0.11388,0.12397,0.13087,0.13546,0.13869,0.1412,0.14346,0.14575,0.14807,0.15075,0.15369,0.15649,0.1589,0.16051,0.16117,0.16053,0.15825,0.15423,0.14864,0.14148,0.13361,0.12545,0.11685,0.10754,0.098551,0.090138,0.082982,0.077293,0.072969,0.069797,0.067528,0.065657,0.063888,0.062718,0.062027,0.062092,0.063112,0.065171,0.068113,0.071769,0.075983,0.080419,0.085031,0.089855,0.094896,0.10017,0.10566,0.11061,0.11475,0.11755,0.1185,0.11737,0.11438,0.11005,0.10493,0.099947,0.095712,0.092408,0.090024,0.088399,0.087017,0.085752,0.084348,0.082361,0.079207,0.075313,0.071153,0.066967,0.063263,0.060341,0.058258,0.057231,0.057418,0.058918,0.06127,0.064494,0.068154,0.072208,0.076517,0.080626,0.084425,0.087569,0.090004,0.091547,0.092986,0.094527,0.096501,0.098891,0.10154,0.10421,0.1067,0.10878,0.11015,0.11067,0.11008,0.10796,0.10373,0.096899,0.088756
0.08988,0.099163,0.10659,0.11095,0.1129,0.11335,0.11287,0.11201,0.11114,0.11056,0.11045,0.11113,0.11275,0.1152,0.11805,0.12132,0.1247,0.1277,0.12985,0.13072,0.12976,0.12741,0.12423,0.12028,0.11548,0.11063,0.10628,0.10261,0.099733,0.097909,0.097032,0.096384,0.095582,0.09465,0.094019,0.093734,0.093407,0.093272,0.093566,0.094512,0.095892,0.097576,0.099985,0.10298,0.10635,0.10982,0.11386,0.11805,0.1218,0.12451,0.12549,0.12432,0.12097,0.11574,0.10909,0.1013,0.093559,0.086574,0.081037,0.077362,0.074798,0.07291,0.071499,0.070203,0.068593,0.066303,0.063856,0.061374,0.059082,0.057393,0.056371,0.056039,0.056307,0.057129,0.058987,0.061609,0.065197,0.069524,0.0747,0.080501,0.086169,0.091932,0.097252,0.10172,0.10482,0.10722,0.10913,0.11094,0.11266,0.11434,0.11597,0.11755,0.11878,0.11944,0.11936,0.11838,0.11587,0.11087,0.10282,0.093018
0.078753,0.084391,0.089291,0.091887,0.09259,0.092195,0.09111,0.089767,0.088228,0.086828,0.085562,0.08489,0.084812,0.085333,0.086512,0.088407,0.091114,0.094862,0.099106,0.10328,0.10632,0.10793,0.10856,0.10812,0.10644,0.10439,0.10237,0.1009,0.10016,0.10037,0.10166,0.10364,0.10589,0.10813,0.11066,0.1132,0.11526,0.11692,0.11868,0.12071,0.12287,0.12479,0.12643,0.12774,0.12885,0.12961,0.13053,0.13149,0.13194,0.13144,0.12939,0.12526,0.119,0.11127,0.10211,0.092365,0.083229,0.07546,0.069386,0.065463,0.062939,0.061449,0.060815,0.060644,0.060617,0.060281,0.059707,0.058818,0.057673,0.056449,0.055233,0.054301,0.054083,0.054765,0.056655,0.059981,0.064743,0.070892,0.078505,0.086909,0.095023,0.10324,0.11079,0.11731,0.12235,0.12655,0.12986,0.13249,0.13457,0.13619,0.13749,0.13848,0.13908,0.1391,0.13831,0.13648,0.13284,0.12634,0.11619,0.1034
0.072167,0.073795,0.076499,0.077713,0.077392,0.076131,0.074211,0.07181,0.069074,0.066323,0.063603,0.061311,0.059979,0.059535,0.060108,0.061759,0.064382,0.067868,0.071921,0.076346,0.080384,0.083845,0.086973,0.089659,0.091673,0.093737,0.096004,0.098674,0.10203,0.10621,0.11125,0.11651,0.1215,0.12613,0.13056,0.13463,0.13805,0.14111,0.1442,0.1474,0.15028,0.15252,0.15398,0.15424,0.15314,0.15049,0.14684,0.14212,0.1363,0.12963,0.12207,0.11326,0.10372,0.094007,0.084171,0.074495,0.065934,0.058923,0.053835,0.050522,0.048766,0.048185,0.048591,0.049843,0.051529,0.052993,0.054188,0.054975,0.055363,0.055443,0.055474,0.055592,0.05631,0.057938,0.060744,0.065134,0.071255,0.078937,0.088408,0.098872,0.10905,0.11931,0.12854,0.13637,0.14228,0.14688,0.15023,0.15271,0.15462,0.15604,0.15722,0.15809,0.15848,0.15809,0.15684,0.15435,0.14981,0.14192,0.12966,0.11401
